  0  32 0.025788
  0 141 0.113626
  0 252 0.203077
  1 107 0.292527
  1 217 0.381172
  2  70 0.469011
  2 180 0.557656
  3  32 0.644689
  3 141 0.732527
  3 251 0.821172
  4 107 0.911429
  4 217 1.000073
  5  70 1.087912
  5 181 1.177363
  6  35 1.266007
  6 147 1.356264
  7   0 1.444103
  7 110 1.532747
  7 221 1.622198
  8  76 1.711648
  8 186 1.800293
  9  41 1.889744
  9 152 1.979194
 10   7 2.068645
 10 114 2.154872
 10 221 2.241099
 11  71 2.326520
 11 177 2.411941
 12  29 2.498974
 12 139 2.587619
 12 249 2.676264
