  0  32 0.025788
  0 140 0.112821
  0 249 0.200659
  1 104 0.290110
  1 215 0.379560
  2  70 0.469011
  2 180 0.557656
  3  33 0.645495
  3 144 0.734945
  3 254 0.823590
  4 108 0.912234
  4 217 1.000073
  5  69 1.087106
  5 178 1.174945
  6  33 1.264396
  6 145 1.354652
  7   0 1.444103
  7 111 1.533553
  7 222 1.623004
  8  78 1.713260
  8 188 1.801905
  9  41 1.889744
  9 151 1.978388
 10   5 2.067033
 10 113 2.154066
 10 220 2.240293
 11  71 2.326520
 11 177 2.411941
 12  30 2.499780
 12 139 2.587619
 12 251 2.677875
