  0  32 0.025788
  0 142 0.114432
  0 251 0.202271
  1 105 0.290916
  1 216 0.380366
  2  70 0.469011
  2 179 0.556850
  3  32 0.644689
  3 141 0.732527
  3 251 0.821172
  4 107 0.911429
  4 218 1.000879
  5  70 1.087912
  5 179 1.175751
  6  34 1.265201
  6 146 1.355458
  7   0 1.444103
  7 110 1.532747
  7 221 1.622198
  8  76 1.711648
  8 186 1.800293
  9  41 1.889744
  9 152 1.979194
 10   7 2.068645
 10 114 2.154872
 10 221 2.241099
 11  71 2.326520
 11 177 2.411941
 12  29 2.498974
 12 139 2.587619
 12 248 2.675458
