  0  30 0.024176
  0 139 0.112015
  0 248 0.199853
  1 103 0.289304
  1 215 0.379560
  2  72 0.470623
  2 182 0.559267
  3  35 0.647106
  3 144 0.734945
  3 252 0.821978
  4 106 0.910623
  4 215 0.998462
  5  67 1.085495
  5 177 1.174139
  6  32 1.263590
  6 146 1.355458
  7   1 1.444908
  7 113 1.535165
  7 224 1.624615
  8  78 1.713260
  8 187 1.801099
  9  41 1.889744
  9 150 1.977582
 10   4 2.066227
 10 112 2.153260
 10 220 2.240293
 11  71 2.326520
 11 178 2.412747
 12  31 2.500586
 12 141 2.589231
 12 251 2.677875
