  0  30 0.024176
  0 139 0.112015
  0 249 0.200659
  1 104 0.290110
  1 215 0.379560
  2  72 0.470623
  2 181 0.558462
  3  34 0.646300
  3 144 0.734945
  3 253 0.822784
  4 106 0.910623
  4 217 1.000073
  5  68 1.086300
  5 177 1.174139
  6  33 1.264396
  6 145 1.354652
  7   0 1.444103
  7 111 1.533553
  7 223 1.623810
  8  79 1.714066
  8 188 1.801905
  9  42 1.890549
  9 151 1.978388
 10   4 2.066227
 10 112 2.153260
 10 220 2.240293
 11  70 2.325714
 11 177 2.411941
 12  31 2.500586
 12 141 2.589231
 12 251 2.677875
