  0  30 0.024176
  0 140 0.112821
  0 250 0.201465
  1 106 0.291722
  1 219 0.382784
  2  72 0.470623
  2 181 0.558462
  3  33 0.645495
  3 141 0.732527
  3 251 0.821172
  4 105 0.909817
  4 215 0.998462
  5  68 1.086300
  5 179 1.175751
  6  35 1.266007
  6 148 1.357070
  7   1 1.444908
  7 112 1.534359
  7 222 1.623004
  8  76 1.711648
  8 185 1.799487
  9  39 1.888132
  9 149 1.976777
 10   4 2.066227
 10 113 2.154066
 10 221 2.241099
 11  73 2.328132
 11 179 2.413553
 12  31 2.500586
 12 140 2.588425
 12 249 2.676264
