  0  32 0.025788
  0 142 0.114432
  0 251 0.202271
  1 105 0.290916
  1 215 0.379560
  2  70 0.469011
  2 180 0.557656
  3  32 0.644689
  3 141 0.732527
  3 251 0.821172
  4 107 0.911429
  4 217 1.000073
  5  70 1.087912
  5 180 1.176557
  6  34 1.265201
  6 146 1.355458
  6 255 1.443297
  7 110 1.532747
  7 221 1.622198
  8  76 1.711648
  8 186 1.800293
  9  40 1.888938
  9 152 1.979194
 10   6 2.067839
 10 114 2.154872
 10 222 2.241905
 11  71 2.326520
 11 179 2.413553
 12  29 2.498974
 12 138 2.586813
 12 248 2.675458
