  0  30 0.024176
  0 139 0.112015
  0 250 0.201465
  1 104 0.290110
  1 218 0.381978
  2  73 0.471429
  2 182 0.559267
  3  34 0.646300
  3 143 0.734139
  3 251 0.821172
  4 105 0.909817
  4 215 0.998462
  5  68 1.086300
  5 177 1.174139
  6  33 1.264396
  6 147 1.356264
  7   1 1.444908
  7 113 1.535165
  7 223 1.623810
  8  77 1.712454
  8 186 1.800293
  9  40 1.888938
  9 149 1.976777
 10   4 2.066227
 10 112 2.153260
 10 220 2.240293
 11  72 2.327326
 11 180 2.414359
 12  31 2.500586
 12 140 2.588425
 12 249 2.676264
