  0  31 0.024982
  0 140 0.112821
  0 249 0.200659
  1 104 0.290110
  1 215 0.379560
  2  71 0.469817
  2 180 0.557656
  3  32 0.644689
  3 143 0.734139
  3 253 0.822784
  4 108 0.912234
  4 217 1.000073
  5  68 1.086300
  5 178 1.174945
  6  32 1.263590
  6 145 1.354652
  6 254 1.442491
  7 110 1.532747
  7 222 1.623004
  8  77 1.712454
  8 188 1.801905
  9  42 1.890549
  9 152 1.979194
 10   6 2.067839
 10 112 2.153260
 10 220 2.240293
 11  70 2.325714
 11 177 2.411941
 12  29 2.498974
 12 139 2.587619
 12 249 2.676264
