  0  26 0.020952
  0 136 0.109597
  0 247 0.199048
  1 103 0.289304
  1 215 0.379560
  2  70 0.469011
  2 179 0.556850
  3  31 0.643883
  3 140 0.731722
  3 249 0.819560
  4 103 0.908205
  4 215 0.998462
  5  68 1.086300
  5 178 1.174945
  6  33 1.264396
  6 144 1.353846
  6 254 1.442491
  7 109 1.531941
  7 220 1.621392
  8  75 1.710842
  8 185 1.799487
  9  40 1.888938
  9 151 1.978388
 10   5 2.067033
 10 112 2.153260
 10 219 2.239487
 11  69 2.324908
 11 176 2.411136
 12  28 2.498168
 12 138 2.586813
 12 249 2.676264
