  0   3 0.002418
  0   2 0.001612
  0   2 0.001612
  0   3 0.002418
  0   3 0.002418
  0   3 0.002418
  0   3 0.002418
  0   3 0.002418
  0   3 0.002418
  0   4 0.003223
  0   4 0.003223
  0   4 0.003223
  0   4 0.003223
  0   4 0.003223
  0   4 0.003223
  0   5 0.004029
  0   5 0.004029
  0   5 0.004029
  0   5 0.004029
  0   5 0.004029
  0   5 0.004029
  0   5 0.004029
  0   4 0.003223
  0   6 0.004835
  0   6 0.004835
  0   6 0.004835
  0   6 0.004835
  0   6 0.004835
  0   6 0.004835
  0   6 0.004835
  0   6 0.004835
