  0  56 0.045128
  0  76 0.061245
  0 119 0.095897
  0 164 0.132161
  0 205 0.165201
  0 251 0.202271
  1  42 0.240147
  1  86 0.275604
  1 132 0.312674
  1 175 0.347326
  1 217 0.381172
  2   9 0.419853
  2  54 0.456117
  2  98 0.491575
  2 145 0.529451
  2 189 0.564908
  2 231 0.598755
  3  21 0.635824
  3  62 0.668864
  3 105 0.703516
  3 151 0.740586
  3 195 0.776044
  3 241 0.813114
  4  29 0.848571
  4  72 0.883223
  4 116 0.918681
  4 160 0.954139
  4 206 0.991209
  4 252 1.028278
  5  42 1.065348
  5  86 1.100806
  5 129 1.135458
  5 172 1.170110
  5 216 1.205568
  6   6 1.242637
  6  52 1.279707
  6  97 1.315971
  6 142 1.352234
  6 184 1.386081
  6 228 1.421538
  7  17 1.457802
  7  62 1.494066
  7 107 1.530330
  7 153 1.567399
  7 196 1.602051
  7 239 1.636703
  8  28 1.672967
  8  72 1.708425
  8 116 1.743883
  8 162 1.780952
  8 208 1.818022
  8 252 1.853480
  9  39 1.888132
  9  83 1.923590
  9 126 1.958242
  9 171 1.994505
  9 216 2.030769
 10   6 2.067839
 10  50 2.103297
 10  94 2.138755
 10 138 2.174212
 10 182 2.209670
 10 227 2.245934
 11  16 2.282198
 11  62 2.319267
 11 107 2.355531
 11 149 2.389377
 11 190 2.422418
 11 235 2.458681
 12  24 2.494945
 12  67 2.529597
 12 112 2.565861
 12 157 2.602125
 12 200 2.636777
 12 242 2.670623
 13  30 2.706081
 13  75 2.742344
 13 119 2.777802
 13 164 2.814066
 13 209 2.850330
 13 253 2.885788
 14  41 2.921245
 14  85 2.956703
 14 128 2.991355
 14 173 3.027619
 14 220 3.065495
 15   9 3.101758
 15  52 3.136410
 15  95 3.171062
 15 104 3.178315
 15 106 3.179927
 15 106 3.179927
