  0  50 0.040293
  0  74 0.059634
  0 119 0.095897
  0 165 0.132967
  0 208 0.167619
  0 255 0.205495
  1  43 0.240952
  1  85 0.274799
  1 131 0.311868
  1 175 0.347326
  1 218 0.381978
  2  12 0.422271
  2  57 0.458535
  2 100 0.493187
  2 145 0.529451
  2 187 0.563297
  2 231 0.598755
  3  21 0.635824
  3  63 0.669670
  3 108 0.705934
  3 154 0.743004
  3 196 0.776850
  3 239 0.811502
  4  29 0.848571
  4  71 0.882418
  4 117 0.919487
  4 163 0.956557
  4 209 0.993626
  4 253 1.029084
  5  41 1.064542
  5  85 1.100000
  5 128 1.134652
  5 172 1.170110
  5 217 1.206374
  6   8 1.244249
  6  53 1.280513
  6  97 1.315971
  6 141 1.351429
  6 184 1.386081
  6 229 1.422344
  7  18 1.458608
  7  64 1.495678
  7 110 1.532747
  7 153 1.567399
  7 195 1.601245
  7 239 1.636703
  8  28 1.672967
  8  72 1.708425
  8 118 1.745495
  8 164 1.782564
  8 209 1.818828
  8 251 1.852674
  9  39 1.888132
  9  83 1.923590
  9 127 1.959048
  9 172 1.995311
  9 218 2.032381
 10   8 2.069451
 10  50 2.103297
 10  93 2.137949
 10 139 2.175018
 10 182 2.209670
 10 228 2.246740
 11  18 2.283810
 11  63 2.320073
 11 107 2.355531
 11 149 2.389377
 11 191 2.423223
 11 235 2.458681
 12  24 2.494945
 12  69 2.531209
 12 114 2.567473
 12 157 2.602125
 12 200 2.636777
 12 243 2.671429
 13  31 2.706886
 13  75 2.742344
 13 120 2.778608
 13 165 2.814872
 13 210 2.851136
 13 252 2.884982
 14  41 2.921245
 14  85 2.956703
 14 129 2.992161
 14 175 3.029231
 14 220 3.065495
 15  10 3.102564
 15  52 3.136410
 15  95 3.171062
 15 101 3.175897
 15 120 3.191209
 15 120 3.191209
