  0  59 0.047546
  0  77 0.062051
  0 124 0.099927
  0 170 0.136996
  0 212 0.170842
  1   1 0.207106
  1  45 0.242564
  1  87 0.276410
  1 133 0.313480
  1 178 0.349744
  1 222 0.385201
  2  15 0.424689
  2  59 0.460147
  2 100 0.493187
  2 146 0.530256
  2 189 0.564908
  2 233 0.600366
  3  23 0.637436
  3  67 0.672894
  3 112 0.709158
  3 157 0.745421
  3 198 0.778462
  3 242 0.813919
  4  32 0.850989
  4  75 0.885641
  4 121 0.922711
  4 167 0.959780
  4 212 0.996044
  4 255 1.030696
  5  43 1.066154
  5  87 1.101612
  5 130 1.136264
  5 176 1.173333
  5 221 1.209597
  6  12 1.247473
  6  56 1.282930
  6  99 1.317582
  6 143 1.353040
  6 187 1.388498
  6 232 1.424762
  7  22 1.461832
  7  68 1.498901
  7 113 1.535165
  7 156 1.569817
  7 198 1.603663
  7 241 1.638315
  8  31 1.675385
  8  76 1.711648
  8 122 1.748718
  8 167 1.784982
  8 211 1.820440
  8 254 1.855092
  9  42 1.890549
  9  86 1.926007
  9 130 1.961465
  9 176 1.998535
  9 222 2.035604
 10  11 2.071868
 10  53 2.105714
 10  97 2.141172
 10 142 2.177436
 10 184 2.211282
 10 231 2.249158
 11  22 2.287033
 11  67 2.323297
 11 110 2.357949
 11 152 2.391795
 11 194 2.425641
 11 239 2.461905
 12  28 2.498168
 12  73 2.534432
 12 118 2.570696
 12 162 2.606154
 12 203 2.639194
 12 247 2.674652
 13  34 2.709304
 13  79 2.745568
 13 123 2.781026
 13 169 2.818095
 13 213 2.853553
 14   1 2.889011
 14  45 2.924469
 14  89 2.959927
 14 133 2.995385
 14 179 3.032454
 14 226 3.070330
 15  14 3.105788
 15  58 3.141245
 15 101 3.175897
 15 108 3.181538
 15 112 3.184762
 15 112 3.184762
