  0  57 0.045934
  0  79 0.063663
  0 122 0.098315
  0 168 0.135385
  0 211 0.170037
  1   2 0.207912
  1  46 0.243370
  1  88 0.277216
  1 134 0.314286
  1 177 0.348938
  1 220 0.383590
  2  14 0.423883
  2  60 0.460952
  2 104 0.496410
  2 150 0.533480
  2 191 0.566520
  2 233 0.600366
  3  24 0.638242
  3  65 0.671282
  3 111 0.708352
  3 158 0.746227
  3 200 0.780073
  3 243 0.814725
  4  32 0.850989
  4  74 0.884835
  4 119 0.921099
  4 165 0.958168
  4 211 0.995238
  5   1 1.032308
  5  45 1.067766
  5  88 1.102418
  5 132 1.137875
  5 175 1.172527
  5 220 1.208791
  6  11 1.246667
  6  57 1.283736
  6 101 1.319194
  6 145 1.354652
  6 188 1.389304
  6 232 1.424762
  7  21 1.461026
  7  66 1.497289
  7 113 1.535165
  7 157 1.570623
  7 200 1.605275
  7 243 1.639927
  8  33 1.676996
  8  76 1.711648
  8 120 1.747106
  8 166 1.784176
  8 212 1.821245
  9   1 1.857509
  9  44 1.892161
  9  87 1.926813
  9 130 1.961465
  9 175 1.997729
  9 220 2.033993
 10  11 2.071868
 10  55 2.107326
 10  99 2.142784
 10 142 2.177436
 10 186 2.212894
 10 231 2.249158
 11  21 2.286227
 11  65 2.321685
 11 112 2.359560
 11 154 2.393407
 11 195 2.426447
 11 239 2.461905
 12  27 2.497363
 12  71 2.532821
 12 116 2.569084
 12 162 2.606154
 12 205 2.640806
 12 248 2.675458
 13  35 2.710110
 13  79 2.745568
 13 123 2.781026
 13 166 2.815678
 13 213 2.853553
 14   3 2.890623
 14  46 2.925275
 14  90 2.960733
 14 134 2.996190
 14 177 3.030842
 14 223 3.067912
 15  12 3.104176
 15  58 3.141245
 15 103 3.177509
 15 110 3.183150
 15 112 3.184762
 15 125 3.195238
