  0  19 0.015311
  0  25 0.020147
  0  33 0.026593
  0  41 0.033040
  0  49 0.039487
  0  57 0.045934
  0  65 0.052381
  0  72 0.058022
  0  80 0.064469
  0  88 0.070916
  0  95 0.076557
  0 103 0.083004
  0 112 0.090256
  0 119 0.095897
  0 128 0.103150
  0 135 0.108791
  0 142 0.114432
  0 150 0.120879
  0 158 0.127326
  0 165 0.132967
  0 173 0.139414
  0 181 0.145861
  0 187 0.150696
  0 197 0.158755
  0 205 0.165201
  0 212 0.170842
  0 220 0.177289
  0 227 0.182930
  0 235 0.189377
  0 243 0.195824
  0 252 0.203077
  1   3 0.208718
  1  12 0.215971
  1  19 0.221612
  1  27 0.228059
  1  34 0.233700
  1  42 0.240147
  1  50 0.246593
  1  57 0.252234
  1  66 0.259487
  1  74 0.265934
  1  82 0.272381
  1  90 0.278828
  1  97 0.284469
  1 105 0.290916
  1 112 0.296557
  1 120 0.303004
  1 128 0.309451
  1 137 0.316703
  1 145 0.323150
  1 152 0.328791
  1 160 0.335238
  1 166 0.340073
  1 174 0.346520
  1 182 0.352967
  1 190 0.359414
  1 200 0.367473
  1 206 0.372308
  1 214 0.378755
  1 222 0.385201
  1 229 0.390842
  1 237 0.397289
  1 245 0.403736
  1 253 0.410183
  2   6 0.417436
  2  13 0.423077
  2  22 0.430330
  2  29 0.435971
  2  36 0.441612
  2  44 0.448059
  2  52 0.454505
  2  59 0.460147
  2  67 0.466593
  2  75 0.473040
  2  83 0.479487
  2  91 0.485934
  2  99 0.492381
  2 106 0.498022
  2 113 0.503663
  2 122 0.510916
  2 129 0.516557
  2 137 0.523004
  2 145 0.529451
  2 153 0.535897
  2 161 0.542344
  2 168 0.547985
  2 175 0.553626
  2 184 0.560879
  2 191 0.566520
  2 199 0.572967
  2 207 0.579414
  2 211 0.582637
