  0  17 0.013700
  0  23 0.018535
  0  32 0.025788
  0  40 0.032234
  0  48 0.038681
  0  55 0.044322
  0  63 0.050769
  0  70 0.056410
  0  78 0.062857
  0  87 0.070110
  0  94 0.075751
  0 102 0.082198
  0 110 0.088645
  0 118 0.095092
  0 125 0.100733
  0 133 0.107179
  0 140 0.112821
  0 148 0.119267
  0 156 0.125714
  0 164 0.132161
  0 172 0.138608
  0 180 0.145055
  0 188 0.151502
  0 195 0.157143
  0 203 0.163590
  0 210 0.169231
  0 218 0.175678
  0 226 0.182125
  0 234 0.188571
  0 242 0.195018
  0 250 0.201465
  1   2 0.207912
  1  10 0.214359
  1  17 0.220000
  1  25 0.226447
  1  33 0.232894
  1  41 0.239341
  1  49 0.245788
  1  57 0.252234
  1  65 0.258681
  1  73 0.265128
  1  81 0.271575
  1  88 0.277216
  1  96 0.283663
  1 104 0.290110
  1 112 0.296557
  1 120 0.303004
  1 128 0.309451
  1 135 0.315092
  1 144 0.322344
  1 151 0.327985
  1 158 0.333626
  1 166 0.340073
  1 174 0.346520
  1 181 0.352161
  1 189 0.358608
  1 198 0.365861
  1 206 0.372308
  1 213 0.377949
  1 220 0.383590
  1 229 0.390842
  1 236 0.396484
  1 244 0.402930
  1 252 0.409377
  2   5 0.416630
  2  13 0.423077
  2  21 0.429524
  2  28 0.435165
  2  36 0.441612
  2  43 0.447253
  2  51 0.453700
  2  58 0.459341
  2  67 0.466593
  2  75 0.473040
  2  83 0.479487
  2  91 0.485934
  2  98 0.491575
  2 105 0.497216
  2 113 0.503663
  2 121 0.510110
  2 128 0.515751
  2 137 0.523004
  2 145 0.529451
  2 153 0.535897
  2 161 0.542344
  2 168 0.547985
  2 176 0.554432
  2 184 0.560879
  2 191 0.566520
  2 198 0.572161
  2 206 0.578608
  2 211 0.582637
