  0  16 0.012894
  0  22 0.017729
  0  30 0.024176
  0  39 0.031429
  0  46 0.037070
  0  55 0.044322
  0  63 0.050769
  0  70 0.056410
  0  77 0.062051
  0  85 0.068498
  0  93 0.074945
  0 101 0.081392
  0 109 0.087839
  0 117 0.094286
  0 126 0.101538
  0 133 0.107179
  0 140 0.112821
  0 148 0.119267
  0 155 0.124908
  0 163 0.131355
  0 169 0.136190
  0 179 0.144249
  0 187 0.150696
  0 195 0.157143
  0 203 0.163590
  0 210 0.169231
  0 218 0.175678
  0 226 0.182125
  0 233 0.187766
  0 241 0.194212
  0 249 0.200659
  1   2 0.207912
  1   9 0.213553
  1  17 0.220000
  1  25 0.226447
  1  33 0.232894
  1  40 0.238535
  1  48 0.244982
  1  56 0.251429
  1  64 0.257875
  1  72 0.264322
  1  80 0.270769
  1  88 0.277216
  1  96 0.283663
  1 103 0.289304
  1 111 0.295751
  1 119 0.302198
  1 126 0.307839
  1 134 0.314286
  1 143 0.321538
  1 151 0.327985
  1 160 0.335238
  1 166 0.340073
  1 174 0.346520
  1 181 0.352161
  1 189 0.358608
  1 196 0.364249
  1 205 0.371502
  1 213 0.377949
  1 221 0.384396
  1 229 0.390842
  1 236 0.396484
  1 245 0.403736
  1 252 0.409377
  2   4 0.415824
  2  12 0.422271
  2  20 0.428718
  2  28 0.435165
  2  36 0.441612
  2  44 0.448059
  2  51 0.453700
  2  59 0.460147
  2  66 0.465788
  2  74 0.472234
  2  82 0.478681
  2  90 0.485128
  2  98 0.491575
  2 106 0.498022
  2 113 0.503663
  2 121 0.510110
  2 127 0.514945
  2 137 0.523004
  2 144 0.528645
  2 152 0.535092
  2 160 0.541538
  2 169 0.548791
  2 177 0.555238
  2 183 0.560073
  2 192 0.567326
  2 199 0.572967
  2 207 0.579414
  2 210 0.581832
