  0  16 0.012894
  0  23 0.018535
  0  30 0.024176
  0  38 0.030623
  0  46 0.037070
  0  53 0.042711
  0  61 0.049158
  0  69 0.055604
  0  77 0.062051
  0  86 0.069304
  0  93 0.074945
  0 101 0.081392
  0 109 0.087839
  0 116 0.093480
  0 124 0.099927
  0 132 0.106374
  0 140 0.112821
  0 148 0.119267
  0 156 0.125714
  0 164 0.132161
  0 171 0.137802
  0 178 0.143443
  0 186 0.149890
  0 194 0.156337
  0 201 0.161978
  0 210 0.169231
  0 218 0.175678
  0 226 0.182125
  0 234 0.188571
  0 242 0.195018
  0 249 0.200659
  1   1 0.207106
  1   8 0.212747
  1  16 0.219194
  1  24 0.225641
  1  33 0.232894
  1  41 0.239341
  1  49 0.245788
  1  56 0.251429
  1  64 0.257875
  1  72 0.264322
  1  80 0.270769
  1  87 0.276410
  1  95 0.282857
  1 103 0.289304
  1 111 0.295751
  1 120 0.303004
  1 127 0.308645
  1 134 0.314286
  1 142 0.320733
  1 150 0.327179
  1 157 0.332821
  1 165 0.339267
  1 174 0.346520
  1 182 0.352967
  1 190 0.359414
  1 197 0.365055
  1 205 0.371502
  1 212 0.377143
  1 220 0.383590
  1 228 0.390037
  1 236 0.396484
  1 244 0.402930
  1 252 0.409377
  2   5 0.416630
  2  13 0.423077
  2  20 0.428718
  2  27 0.434359
  2  35 0.440806
  2  43 0.447253
  2  51 0.453700
  2  59 0.460147
  2  67 0.466593
  2  75 0.473040
  2  82 0.478681
  2  91 0.485934
  2  97 0.490769
  2 105 0.497216
  2 112 0.502857
  2 121 0.510110
  2 129 0.516557
  2 137 0.523004
  2 145 0.529451
  2 153 0.535897
  2 160 0.541538
  2 168 0.547985
  2 175 0.553626
  2 183 0.560073
  2 191 0.566520
  2 199 0.572967
  2 207 0.579414
  2 211 0.582637
