  0  16 0.012894
  0  22 0.017729
  0  31 0.024982
  0  39 0.031429
  0  46 0.037070
  0  54 0.043516
  0  61 0.049158
  0  69 0.055604
  0  77 0.062051
  0  85 0.068498
  0  92 0.074139
  0 102 0.082198
  0 109 0.087839
  0 117 0.094286
  0 125 0.100733
  0 132 0.106374
  0 140 0.112821
  0 147 0.118462
  0 155 0.124908
  0 163 0.131355
  0 171 0.137802
  0 179 0.144249
  0 187 0.150696
  0 197 0.158755
  0 202 0.162784
  0 210 0.169231
  0 217 0.174872
  0 225 0.181319
  0 233 0.187766
  0 239 0.192601
  0 249 0.200659
  1   2 0.207912
  1  10 0.214359
  1  17 0.220000
  1  25 0.226447
  1  33 0.232894
  1  39 0.237729
  1  48 0.244982
  1  56 0.251429
  1  64 0.257875
  1  72 0.264322
  1  80 0.270769
  1  88 0.277216
  1  96 0.283663
  1 103 0.289304
  1 111 0.295751
  1 119 0.302198
  1 126 0.307839
  1 134 0.314286
  1 142 0.320733
  1 151 0.327985
  1 158 0.333626
  1 166 0.340073
  1 174 0.346520
  1 181 0.352161
  1 189 0.358608
  1 197 0.365055
  1 205 0.371502
  1 213 0.377949
  1 221 0.384396
  1 229 0.390842
  1 236 0.396484
  1 244 0.402930
  1 252 0.409377
  2   5 0.416630
  2  12 0.422271
  2  20 0.428718
  2  28 0.435165
  2  36 0.441612
  2  44 0.448059
  2  52 0.454505
  2  59 0.460147
  2  66 0.465788
  2  74 0.472234
  2  82 0.478681
  2  90 0.485128
  2  98 0.491575
  2 106 0.498022
  2 114 0.504469
  2 122 0.510916
  2 129 0.516557
  2 137 0.523004
  2 144 0.528645
  2 152 0.535092
  2 160 0.541538
  2 168 0.547985
  2 176 0.554432
  2 184 0.560879
  2 192 0.567326
  2 200 0.573773
  2 207 0.579414
  2 211 0.582637
