  0  16 0.012894
  0  22 0.017729
  0  30 0.024176
  0  39 0.031429
  0  46 0.037070
  0  55 0.044322
  0  63 0.050769
  0  70 0.056410
  0  77 0.062051
  0  85 0.068498
  0  93 0.074945
  0 100 0.080586
  0 109 0.087839
  0 117 0.094286
  0 125 0.100733
  0 133 0.107179
  0 140 0.112821
  0 149 0.120073
  0 155 0.124908
  0 163 0.131355
  0 171 0.137802
  0 178 0.143443
  0 186 0.149890
  0 195 0.157143
  0 203 0.163590
  0 211 0.170037
  0 218 0.175678
  0 226 0.182125
  0 233 0.187766
  0 241 0.194212
  0 249 0.200659
  1   1 0.207106
  1   9 0.213553
  1  17 0.220000
  1  25 0.226447
  1  33 0.232894
  1  41 0.239341
  1  48 0.244982
  1  56 0.251429
  1  64 0.257875
  1  71 0.263516
  1  80 0.270769
  1  88 0.277216
  1  96 0.283663
  1 104 0.290110
  1 111 0.295751
  1 119 0.302198
  1 126 0.307839
  1 134 0.314286
  1 142 0.320733
  1 150 0.327179
  1 159 0.334432
  1 166 0.340073
  1 174 0.346520
  1 182 0.352967
  1 189 0.358608
  1 197 0.365055
  1 205 0.371502
  1 212 0.377143
  1 220 0.383590
  1 229 0.390842
  1 237 0.397289
  1 245 0.403736
  1 252 0.409377
  2   4 0.415824
  2  12 0.422271
  2  20 0.428718
  2  28 0.435165
  2  35 0.440806
  2  44 0.448059
  2  52 0.454505
  2  60 0.460952
  2  67 0.466593
  2  74 0.472234
  2  82 0.478681
  2  90 0.485128
  2  97 0.490769
  2 105 0.497216
  2 113 0.503663
  2 122 0.510916
  2 129 0.516557
  2 137 0.523004
  2 145 0.529451
  2 151 0.534286
  2 161 0.542344
  2 168 0.547985
  2 175 0.553626
  2 183 0.560073
  2 192 0.567326
  2 200 0.573773
  2 208 0.580220
  2 211 0.582637
