  0  15 0.012088
  0  22 0.017729
  0  30 0.024176
  0  39 0.031429
  0  46 0.037070
  0  53 0.042711
  0  62 0.049963
  0  69 0.055604
  0  77 0.062051
  0  85 0.068498
  0  92 0.074139
  0 100 0.080586
  0 108 0.087033
  0 117 0.094286
  0 125 0.100733
  0 132 0.106374
  0 139 0.112015
  0 147 0.118462
  0 155 0.124908
  0 162 0.130549
  0 170 0.136996
  0 178 0.143443
  0 187 0.150696
  0 195 0.157143
  0 202 0.162784
  0 210 0.169231
  0 217 0.174872
  0 225 0.181319
  0 233 0.187766
  0 241 0.194212
  0 249 0.200659
  1   1 0.207106
  1  10 0.214359
  1  17 0.220000
  1  25 0.226447
  1  32 0.232088
  1  40 0.238535
  1  48 0.244982
  1  55 0.250623
  1  63 0.257070
  1  71 0.263516
  1  80 0.270769
  1  88 0.277216
  1  96 0.283663
  1 103 0.289304
  1 111 0.295751
  1 119 0.302198
  1 130 0.311062
  1 134 0.314286
  1 142 0.320733
  1 150 0.327179
  1 158 0.333626
  1 166 0.340073
  1 169 0.342491
  1 181 0.352161
  1 189 0.358608
  1 197 0.365055
  1 204 0.370696
  1 212 0.377143
  1 220 0.383590
  1 228 0.390037
  1 236 0.396484
  1 244 0.402930
  1 252 0.409377
  2   4 0.415824
  2  12 0.422271
  2  19 0.427912
  2  27 0.434359
  2  35 0.440806
  2  43 0.447253
  2  51 0.453700
  2  60 0.460952
  2  67 0.466593
  2  74 0.472234
  2  82 0.478681
  2  90 0.485128
  2  97 0.490769
  2 105 0.497216
  2 113 0.503663
  2 121 0.510110
  2 129 0.516557
  2 137 0.523004
  2 145 0.529451
  2 152 0.535092
  2 160 0.541538
  2 167 0.547179
  2 176 0.554432
  2 183 0.560073
  2 191 0.566520
  2 200 0.573773
  2 207 0.579414
  2 211 0.582637
