  0  15 0.012088
  0  21 0.016923
  0  30 0.024176
  0  38 0.030623
  0  46 0.037070
  0  54 0.043516
  0  61 0.049158
  0  69 0.055604
  0  76 0.061245
  0  84 0.067692
  0  92 0.074139
  0 100 0.080586
  0 108 0.087033
  0 117 0.094286
  0 125 0.100733
  0 133 0.107179
  0 140 0.112821
  0 147 0.118462
  0 155 0.124908
  0 162 0.130549
  0 170 0.136996
  0 177 0.142637
  0 185 0.149084
  0 194 0.156337
  0 202 0.162784
  0 210 0.169231
  0 220 0.177289
  0 225 0.181319
  0 233 0.187766
  0 241 0.194212
  0 248 0.199853
  1   1 0.207106
  1   7 0.211941
  1  17 0.220000
  1  25 0.226447
  1  32 0.232088
  1  41 0.239341
  1  48 0.244982
  1  56 0.251429
  1  63 0.257070
  1  71 0.263516
  1  80 0.270769
  1  88 0.277216
  1  96 0.283663
  1 106 0.291722
  1 111 0.295751
  1 118 0.301392
  1 125 0.307033
  1 134 0.314286
  1 142 0.320733
  1 149 0.326374
  1 158 0.333626
  1 166 0.340073
  1 174 0.346520
  1 181 0.352161
  1 189 0.358608
  1 196 0.364249
  1 204 0.370696
  1 212 0.377143
  1 220 0.383590
  1 229 0.390842
  1 236 0.396484
  1 244 0.402930
  1 252 0.409377
  2   4 0.415824
  2  12 0.422271
  2  19 0.427912
  2  27 0.434359
  2  35 0.440806
  2  43 0.447253
  2  51 0.453700
  2  60 0.460952
  2  67 0.466593
  2  74 0.472234
  2  82 0.478681
  2  90 0.485128
  2  97 0.490769
  2 105 0.497216
  2 113 0.503663
  2 121 0.510110
  2 129 0.516557
  2 137 0.523004
  2 145 0.529451
  2 152 0.535092
  2 160 0.541538
  2 168 0.547985
  2 176 0.554432
  2 183 0.560073
  2 191 0.566520
  2 200 0.573773
  2 207 0.579414
  2 211 0.582637
