 14  65 2.940586
  0 124 0.099927
  0 161 0.129744
  0 200 0.161172
  0 199 0.160366
  1  21 0.223223
  1  22 0.224029
  1 107 0.292527
  1 148 0.325568
  1 188 0.357802
  1 225 0.387619
  2  12 0.422271
  2  11 0.421465
  2  90 0.485128
  2  91 0.485934
  2 175 0.553626
  2 216 0.586667
  3   0 0.618901
  2 254 0.617289
  3  74 0.678535
  3  74 0.678535
  3 154 0.743004
  3 156 0.744615
  3 240 0.812308
  4  24 0.844542
  4  63 0.875971
  4  63 0.875971
  4 142 0.939634
  4 143 0.940440
  4 225 1.006520
  5  11 1.040366
  5  53 1.074212
  5  93 1.106447
  5 132 1.137875
  5 131 1.137070
  5 211 1.201538
  5 211 1.201538
  6  38 1.268425
  6  80 1.302271
  6 122 1.336117
  6 162 1.368352
  6 201 1.399780
  6 199 1.398168
  7  23 1.462637
  7  23 1.462637
  7 105 1.528718
  7 108 1.531136
  7 189 1.596410
  7 187 1.594799
  8  12 1.660073
  8  11 1.659267
  8  91 1.723736
  8  92 1.724542
  8 175 1.791429
  8 217 1.825275
  9   0 1.856703
  9  38 1.887326
  9  78 1.919560
  9  78 1.919560
  9 159 1.984835
  9 159 1.984835
  9 242 2.051722
 10  28 2.085568
 10  68 2.117802
 10  66 2.116190
 10 146 2.180659
 10 146 2.180659
 10 225 2.244322
 10 226 2.245128
 11  54 2.312821
 11  94 2.345055
 11 132 2.375678
 11 131 2.374872
 11 209 2.437729
 11 210 2.438535
 12  35 2.503810
 12  77 2.537656
 12 118 2.570696
 12 156 2.601319
 12 195 2.632747
 12 194 2.631941
 13  19 2.697216
 13  19 2.697216
 13 101 2.763297
 13 104 2.765714
 13 187 2.832601
 13 185 2.830989
 14   9 2.895458
 14   8 2.894652
 14  64 2.939780
 14  67 2.942198
 14  69 2.943810
