  0  76 0.061245
  0 115 0.092674
  0 117 0.094286
  0 199 0.160366
  0 197 0.158755
  1  21 0.223223
  1  19 0.221612
  1  99 0.286081
  1 100 0.286886
  1 185 0.355385
  1 224 0.386813
  2  12 0.422271
  2  15 0.424689
  2  89 0.484322
  2  90 0.485128
  2 172 0.551209
  2 174 0.552821
  3   1 0.619707
  3  38 0.649524
  3  77 0.680952
  3  76 0.680147
  3 155 0.743810
  3 154 0.743004
  3 237 0.809890
  3 240 0.812308
  4  64 0.876777
  4  63 0.875971
  4 142 0.939634
  4 141 0.938828
  4 223 1.004908
  4 223 1.004908
  5  50 1.071795
  5  92 1.105641
  5 132 1.137875
  5 172 1.170110
  5 211 1.201538
  5 211 1.201538
  6  37 1.267619
  6  37 1.267619
  6 120 1.334505
  6 164 1.369963
  6 203 1.401392
  6 201 1.399780
  7  24 1.463443
  7  24 1.463443
  7 103 1.527106
  7 105 1.528718
  7 188 1.595604
  7 188 1.595604
  8  12 1.660073
  8  10 1.658462
  8  91 1.723736
  8  91 1.723736
  8 172 1.789011
  8 174 1.790623
  9   0 1.856703
  9  40 1.888938
  9  79 1.920366
  9  78 1.919560
  9 158 1.984029
  9 157 1.983223
  9 240 2.050110
  9 241 2.050916
 10  69 2.118608
 10  67 2.116996
 10 148 2.182271
 10 146 2.180659
 10 224 2.243516
 10 225 2.244322
 11  53 2.312015
 11  94 2.345055
 11 132 2.375678
 11 131 2.374872
 11 209 2.437729
 11 209 2.437729
 12  34 2.503004
 12  36 2.504615
 12 117 2.569890
 12 156 2.601319
 12 195 2.632747
 12 194 2.631941
 13  19 2.697216
 13  19 2.697216
 13 101 2.763297
 13 104 2.765714
 13 187 2.832601
 13 185 2.830989
 14   9 2.895458
 14   8 2.894652
 14  64 2.939780
 14  63 2.938974
 14  66 2.941392
