 14  67 2.942198
  0 121 0.097509
  0 158 0.127326
  0 199 0.160366
  0 200 0.161172
  1  24 0.225641
  1  64 0.257875
  1 101 0.287692
  1 100 0.286886
  1 182 0.352967
  1 182 0.352967
  2  11 0.421465
  2  53 0.455311
  2  95 0.489158
  2 135 0.521392
  2 172 0.551209
  2 172 0.551209
  2 253 0.616484
  2 253 0.616484
  3  76 0.680147
  3 120 0.715604
  3 159 0.747033
  3 197 0.777656
  3 237 0.809890
  3 236 0.809084
  4  60 0.873553
  4  60 0.873553
  4 143 0.940440
  4 145 0.942051
  4 226 1.007326
  4 225 1.006520
  5  49 1.070989
  5  48 1.070183
  5 128 1.134652
  5 129 1.135458
  5 212 1.202344
  5 255 1.236996
  6  40 1.270037
  6  38 1.268425
  6 117 1.332088
  6 118 1.332894
  6 199 1.398168
  6 200 1.398974
  7  26 1.465055
  7  67 1.498095
  7 107 1.530330
  7 104 1.527912
  7 184 1.592381
  7 184 1.592381
  8  10 1.658462
  8  12 1.660073
  8  94 1.726154
  8 135 1.759194
  8 174 1.790623
  8 171 1.788205
  8 251 1.852674
  8 252 1.853480
  9  78 1.919560
  9  81 1.921978
  9 161 1.986447
  9 161 1.986447
  9 239 2.049304
  9 238 2.048498
 10  64 2.114579
 10  64 2.114579
 10 149 2.183077
 10 150 2.183883
 10 228 2.246740
 10 224 2.243516
 11  50 2.309597
 11  49 2.308791
 11 129 2.373260
 11 130 2.374066
 11 213 2.440952
 11 253 2.473187
 12  36 2.504615
 12  35 2.503810
 12 113 2.566667
 12 113 2.566667
 12 193 2.631136
 12 195 2.632747
 13  22 2.699634
 13  63 2.732674
 13 101 2.763297
 13 101 2.763297
 13 183 2.829377
 13 182 2.828571
 14   9 2.895458
 14  11 2.897070
 14  67 2.942198
 14  68 2.943004
 14  49 2.927692
