 14  53 2.930916
  0 119 0.095897
  0 116 0.093480
  0 197 0.158755
  0 199 0.160366
  1  24 0.225641
  1  67 0.260293
  1 103 0.289304
  1 102 0.288498
  1 184 0.354579
  1 184 0.354579
  2  10 0.420659
  2  13 0.423077
  2  94 0.488352
  2 135 0.521392
  2 173 0.552015
  2 171 0.550403
  2 252 0.615678
  2 252 0.615678
  3  74 0.678535
  3  76 0.680147
  3 158 0.746227
  3 197 0.777656
  3 238 0.810696
  3 236 0.809084
  4  61 0.874359
  4  61 0.874359
  4 144 0.941245
  4 186 0.975092
  4 228 1.008938
  5  12 1.041172
  5  49 1.070989
  5  49 1.070989
  5 128 1.134652
  5 129 1.135458
  5 211 1.201538
  5 214 1.203956
  6  39 1.269231
  6  38 1.268425
  6 117 1.332088
  6 117 1.332088
  6 199 1.398168
  6 199 1.398168
  7  26 1.465055
  7  28 1.466667
  7 108 1.531136
  7 146 1.561758
  7 186 1.593993
  7 185 1.593187
  8  10 1.658462
  8  10 1.658462
  8  93 1.725348
  8 135 1.759194
  8 174 1.790623
  8 173 1.789817
  8 252 1.853480
  8 251 1.852674
  9  76 1.917949
  9  78 1.919560
  9 161 1.986447
  9 161 1.986447
  9 241 2.050916
  9 239 2.049304
 10  64 2.114579
 10  64 2.114579
 10 145 2.179853
 10 148 2.182271
 10 228 2.246740
 11  13 2.279780
 11  52 2.311209
 11  50 2.309597
 11 129 2.373260
 11 128 2.372454
 11 210 2.438535
 11 211 2.439341
 12  38 2.506227
 12  37 2.505421
 12 114 2.567473
 12 114 2.567473
 12 193 2.631136
 12 193 2.631136
 13  20 2.698022
 13  23 2.700440
 13 104 2.765714
 13 103 2.764908
 13 183 2.829377
 13 182 2.828571
 14   7 2.893846
 14   7 2.893846
 14  64 2.939780
 14  57 2.934139
 14  74 2.947839
