 13 245 2.879341
  0 123 0.099121
  0 159 0.128132
  0 201 0.161978
  0 240 0.193407
  1  25 0.226447
  1  65 0.258681
  1 102 0.288498
  1 102 0.288498
  1 184 0.354579
  1 184 0.354579
  2  13 0.423077
  2  54 0.456117
  2  92 0.486740
  2  91 0.485934
  2 170 0.549597
  2 168 0.547985
  2 251 0.614872
  2 252 0.615678
  3  76 0.680147
  3 120 0.715604
  3 157 0.745421
  3 156 0.744615
  3 237 0.809890
  3 237 0.809890
  4  62 0.875165
  4  63 0.875971
  4 145 0.942051
  4 187 0.975897
  4 226 1.007326
  4 224 1.005714
  5  48 1.070183
  5  48 1.070183
  5 128 1.134652
  5 131 1.137070
  5 213 1.203150
  5 213 1.203150
  6  36 1.266813
  6  35 1.266007
  6 117 1.332088
  6 117 1.332088
  6 200 1.398974
  6 202 1.400586
  7  29 1.467473
  7  67 1.498095
  7 105 1.528718
  7 104 1.527912
  7 185 1.593187
  7 185 1.593187
  8  13 1.660879
  8  55 1.694725
  8  94 1.726154
  8  92 1.724542
  8 171 1.788205
  8 171 1.788205
  8 251 1.852674
  8 252 1.853480
  9  80 1.921172
  9  81 1.921978
  9 160 1.985641
  9 158 1.984029
  9 238 2.048498
  9 238 2.048498
 10  64 2.114579
 10  68 2.117802
 10 149 2.183077
 10 188 2.214505
 10 225 2.244322
 10 224 2.243516
 11  49 2.308791
 11  50 2.309597
 11 132 2.375678
 11 133 2.376484
 11 213 2.440952
 11 211 2.439341
 12  34 2.503004
 12  33 2.502198
 12 113 2.566667
 12 114 2.567473
 12 196 2.633553
 12 197 2.634359
 13  21 2.698828
 13  19 2.697216
 13 100 2.762491
 13 100 2.762491
 13 182 2.828571
 13 184 2.830183
 14  11 2.897070
 14  51 2.929304
 14  72 2.946227
 14  55 2.932527
 14  62 2.938168
