  0  88 0.070916
  0 120 0.096703
  0 159 0.128132
  0 199 0.160366
  0 197 0.158755
  1  21 0.223223
  1  22 0.224029
  1 103 0.289304
  1 146 0.323956
  1 188 0.357802
  1 183 0.353773
  2   9 0.419853
  2   8 0.419048
  2  88 0.483516
  2  89 0.484322
  2 174 0.552821
  2 215 0.585861
  3   0 0.618901
  2 253 0.616484
  3  75 0.679341
  3  75 0.679341
  3 155 0.743810
  3 156 0.744615
  3 240 0.812308
  4  25 0.845348
  4  65 0.877582
  4  62 0.875165
  4 142 0.939634
  4 142 0.939634
  4 222 1.004103
  4 224 1.005714
  5  51 1.072601
  5  51 1.072601
  5 130 1.136264
  5 128 1.134652
  5 209 1.199927
  5 209 1.199927
  6  36 1.266813
  6  38 1.268425
  6 121 1.335311
  6 163 1.369158
  6 202 1.400586
  6 200 1.398974
  7  24 1.463443
  7  23 1.462637
  7 104 1.527912
  7 107 1.530330
  7 189 1.596410
  7 228 1.627839
  8  12 1.660073
  8  10 1.658462
  8  90 1.722930
  8  90 1.722930
  8 170 1.787399
  8 173 1.789817
  9   0 1.856703
  8 253 1.854286
  9  80 1.921172
  9  77 1.918755
  9 157 1.983223
  9 158 1.984029
  9 239 2.049304
  9 242 2.051722
 10  69 2.118608
 10 107 2.149231
 10 146 2.180659
 10 146 2.180659
 10 224 2.243516
 10 224 2.243516
 11  52 2.311209
 11  54 2.312821
 11 133 2.376484
 11 131 2.374872
 11 210 2.438535
 11 209 2.437729
 12  34 2.503004
 12  35 2.503810
 12 116 2.569084
 12 117 2.569890
 12 196 2.633553
 12 194 2.631941
 13  18 2.696410
 13  19 2.697216
 13  99 2.761685
 13 101 2.763297
 13 185 2.830989
 13 226 2.864029
 14   9 2.895458
 14   8 2.894652
 14  65 2.940586
 14  56 2.933333
 14  66 2.941392
