  0  88 0.070916
  0 117 0.094286
  0 115 0.092674
  0 197 0.158755
  0 196 0.157949
  1  21 0.223223
  1  23 0.224835
  1 104 0.290110
  1 103 0.289304
  1 184 0.354579
  1 184 0.354579
  2   9 0.419853
  2  11 0.421465
  2  93 0.487546
  2 135 0.521392
  2 175 0.553626
  2 213 0.584249
  2 253 0.616484
  2 253 0.616484
  3  74 0.678535
  3  75 0.679341
  3 156 0.744615
  3 199 0.779267
  3 239 0.811502
  3 237 0.809890
  4  60 0.873553
  4  60 0.873553
  4 140 0.938022
  4 142 0.939634
  4 227 1.008132
  5  12 1.041172
  5  51 1.072601
  5  50 1.071795
  5 129 1.135458
  5 129 1.135458
  5 209 1.199927
  5 211 1.201538
  6  40 1.270037
  6  81 1.303077
  6 120 1.334505
  6 118 1.332894
  6 199 1.398168
  6 198 1.397363
  7  23 1.462637
  7  25 1.464249
  7 107 1.530330
  7 107 1.530330
  7 186 1.593993
  7 184 1.592381
  8  10 1.658462
  8   9 1.657656
  8  92 1.724542
  8  94 1.726154
  8 176 1.792234
  8 214 1.822857
  8 252 1.853480
  8 252 1.853480
  9  76 1.917949
  9  77 1.918755
  9 159 1.984835
  9 202 2.019487
  9 242 2.051722
  9 240 2.050110
 10  65 2.115385
 10  64 2.114579
 10 145 2.179853
 10 146 2.180659
 10 227 2.245934
 10 227 2.245934
 11  52 2.311209
 11  50 2.309597
 11 130 2.374066
 11 128 2.372454
 11 209 2.437729
 11 211 2.439341
 12  38 2.506227
 12  77 2.537656
 12 115 2.568278
 12 113 2.566667
 12 193 2.631136
 12 193 2.631136
 13  19 2.697216
 13  21 2.698828
 13 104 2.765714
 13 103 2.764908
 13 183 2.829377
 13 182 2.828571
 14   7 2.893846
 14   7 2.893846
 14  65 2.940586
 14  67 2.942198
 14  56 2.933333
