 14  68 2.943004
  0 123 0.099121
  0 162 0.130549
  0 203 0.163590
  0 239 0.192601
  1  22 0.224029
  1  21 0.223223
  1 101 0.287692
  1 101 0.287692
  1 184 0.354579
  1 225 0.387619
  2  13 0.423077
  2  12 0.422271
  2  89 0.484322
  2  88 0.483516
  2 170 0.549597
  2 170 0.549597
  2 253 0.616484
  3   0 0.618901
  3  77 0.680952
  3  76 0.680147
  3 155 0.743810
  3 154 0.743004
  3 237 0.809890
  3 237 0.809890
  4  64 0.876777
  4 105 0.909817
  4 146 0.942857
  4 184 0.973480
  4 224 1.005714
  4 223 1.004908
  5  47 1.069377
  5  48 1.070183
  5 130 1.136264
  5 131 1.137070
  5 212 1.202344
  5 211 1.201538
  6  36 1.266813
  6  34 1.265201
  6 116 1.331282
  6 117 1.332088
  6 201 1.399780
  6 242 1.432821
  7  27 1.465861
  7  25 1.464249
  7 105 1.528718
  7 104 1.527912
  7 185 1.593187
  7 186 1.593993
  8  13 1.660879
  8  55 1.694725
  8  94 1.726154
  8  92 1.724542
  8 171 1.788205
  8 171 1.788205
  8 252 1.853480
  8 252 1.853480
  9  79 1.920366
  9  80 1.921172
  9 160 1.985641
  9 158 1.984029
  9 237 2.047692
  9 237 2.047692
 10  65 2.115385
 10  66 2.116190
 10 150 2.183883
 10 188 2.214505
 10 226 2.245128
 10 224 2.243516
 11  49 2.308791
 11  49 2.308791
 11 130 2.374066
 11 132 2.375678
 11 213 2.440952
 11 251 2.471575
 12  35 2.503810
 12  34 2.503004
 12 113 2.566667
 12 113 2.566667
 12 194 2.631941
 12 196 2.633553
 13  23 2.700440
 13  21 2.698828
 13 100 2.762491
 13 100 2.762491
 13 181 2.827766
 13 182 2.828571
 14   9 2.895458
 14  11 2.897070
 14  69 2.943810
 14  62 2.938168
 14   2 2.889817
