  0  87 0.070110
  0 119 0.095897
  0 157 0.126520
  0 198 0.159560
  0 198 0.159560
  1  23 0.224835
  1  66 0.259487
  1 105 0.290916
  1 143 0.321538
  1 184 0.354579
  1 183 0.353773
  2   9 0.419853
  2  10 0.420659
  2  91 0.485934
  2  93 0.487546
  2 173 0.552015
  2 171 0.550403
  2 251 0.614872
  2 251 0.614872
  3  73 0.677729
  3  75 0.679341
  3 157 0.745421
  3 200 0.780073
  3 240 0.812308
  3 238 0.810696
  4  62 0.875165
  4  62 0.875165
  4 142 0.939634
  4 143 0.940440
  4 228 1.008938
  5  12 1.041172
  5  50 1.071795
  5  48 1.070183
  5 128 1.134652
  5 127 1.133846
  5 209 1.199927
  5 212 1.202344
  6  38 1.268425
  6  38 1.268425
  6 118 1.332894
  6 117 1.332088
  6 198 1.397363
  6 198 1.397363
  7  25 1.464249
  7  27 1.465861
  7 109 1.531941
  7 148 1.563370
  7 186 1.593993
  7 184 1.592381
  8  10 1.658462
  8   9 1.657656
  8  92 1.724542
  8  95 1.726960
  8 174 1.790623
  8 173 1.789817
  8 252 1.853480
  8 251 1.852674
  9  76 1.917949
  9  77 1.918755
  9 159 1.984835
  9 161 1.986447
  9 240 2.050110
  9 239 2.049304
 10  65 2.115385
 10  64 2.114579
 10 145 2.179853
 10 147 2.181465
 10 228 2.246740
 11  14 2.280586
 11  52 2.311209
 11  50 2.309597
 11 129 2.373260
 11 128 2.372454
 11 209 2.437729
 11 211 2.439341
 12  38 2.506227
 12  37 2.505421
 12 114 2.567473
 12 113 2.566667
 12 193 2.631136
 12 192 2.630330
 13  19 2.697216
 13  22 2.699634
 13 102 2.764103
 13 102 2.764103
 13 182 2.828571
 13 181 2.827766
 14   7 2.893846
 14   7 2.893846
 14  64 2.939780
 14  79 2.951868
 14  74 2.947839
