  0  88 0.070916
  0 121 0.097509
  0 161 0.129744
  0 200 0.161172
  0 236 0.190183
  1  21 0.223223
  1  21 0.223223
  1 102 0.288498
  1 104 0.290110
  1 187 0.356996
  1 224 0.386813
  2  10 0.420659
  2   9 0.419853
  2  87 0.482711
  2  88 0.483516
  2 171 0.550403
  2 174 0.552821
  3   0 0.618901
  3  37 0.648718
  3  75 0.679341
  3  75 0.679341
  3 155 0.743810
  3 156 0.744615
  3 239 0.811502
  4  25 0.845348
  4  64 0.876777
  4 104 0.909011
  4 143 0.940440
  4 142 0.939634
  4 223 1.004908
  4 224 1.005714
  5  50 1.071795
  5  92 1.105641
  5 131 1.137070
  5 129 1.135458
  5 209 1.199927
  5 208 1.199121
  6  35 1.266007
  6  37 1.267619
  6 120 1.334505
  6 162 1.368352
  6 200 1.398974
  6 199 1.398168
  7  24 1.463443
  7  24 1.463443
  7 105 1.528718
  7 148 1.563370
  7 189 1.596410
  7 228 1.627839
  8  11 1.659267
  8  10 1.658462
  8  91 1.723736
  8  91 1.723736
  8 172 1.789011
  8 175 1.791429
  9   0 1.856703
  8 253 1.854286
  9  76 1.917949
  9  77 1.918755
  9 157 1.983223
  9 158 1.984029
  9 240 2.050110
 10  28 2.085568
 10  67 2.116996
 10  65 2.115385
 10 147 2.181465
 10 146 2.180659
 10 224 2.243516
 10 226 2.245128
 11  53 2.312015
 11  94 2.345055
 11 131 2.374872
 11 129 2.373260
 11 209 2.437729
 11 209 2.437729
 12  35 2.503810
 12  36 2.504615
 12 117 2.569890
 12 115 2.568278
 12 193 2.631136
 12 193 2.631136
 13  19 2.697216
 13  18 2.696410
 13 102 2.764103
 13 104 2.765714
 13 186 2.831795
 13 184 2.830183
 14   8 2.894652
 14   7 2.893846
 14  61 2.937363
 14  69 2.943810
 14  83 2.955092
