 14  67 2.942198
  0 121 0.097509
  0 160 0.128938
  0 203 0.163590
  0 237 0.190989
  1  21 0.223223
  1  21 0.223223
  1 101 0.287692
  1 100 0.286886
  1 186 0.356190
  1 226 0.388425
  2  15 0.424689
  2  53 0.455311
  2  90 0.485128
  2  89 0.484322
  2 171 0.550403
  2 173 0.552015
  2 254 0.617289
  3  38 0.649524
  3  77 0.680952
  3  75 0.679341
  3 153 0.742198
  3 153 0.742198
  3 235 0.808278
  3 236 0.809084
  4  64 0.876777
  4 104 0.909011
  4 144 0.941245
  4 143 0.940440
  4 224 1.005714
  4 222 1.004103
  5  48 1.070183
  5  51 1.072601
  5 133 1.138681
  5 173 1.170916
  5 212 1.202344
  5 211 1.201538
  6  36 1.266813
  6  36 1.266813
  6 117 1.332088
  6 119 1.333700
  6 203 1.401392
  6 242 1.432821
  7  24 1.463443
  7  23 1.462637
  7 103 1.527106
  7 103 1.527106
  7 186 1.593993
  7 188 1.595604
  8  13 1.660879
  8  52 1.692308
  8  91 1.723736
  8  91 1.723736
  8 171 1.788205
  8 172 1.789011
  8 254 1.855092
  9  41 1.889744
  9  80 1.921172
  9 119 1.952601
  9 158 1.984029
  9 157 1.983223
  9 237 2.047692
  9 238 2.048498
 10  67 2.116996
 10  69 2.118608
 10 149 2.183077
 10 147 2.181465
 10 224 2.243516
 10 223 2.242711
 11  49 2.308791
 11  51 2.310403
 11 133 2.376484
 11 173 2.408718
 11 211 2.439341
 11 209 2.437729
 12  34 2.503004
 12  33 2.502198
 12 114 2.567473
 12 115 2.568278
 12 197 2.634359
 12 236 2.665788
 13  19 2.697216
 13  19 2.697216
 13  99 2.761685
 13 100 2.762491
 13 184 2.830183
 13 186 2.831795
 14  11 2.897070
 14   9 2.895458
 14  64 2.939780
 14  58 2.934945
 14  70 2.944615
