 14  59 2.935751
  0 121 0.097509
  0 158 0.127326
  0 199 0.160366
  0 238 0.191795
  1  24 0.225641
  1  64 0.257875
  1 101 0.287692
  1  99 0.286081
  1 181 0.352161
  1 182 0.352967
  2  10 0.420659
  2  12 0.422271
  2  92 0.486740
  2 134 0.520586
  2 171 0.550403
  2 172 0.551209
  2 253 0.616484
  2 254 0.617289
  3  76 0.680147
  3 124 0.718828
  3 159 0.747033
  3 198 0.778462
  3 237 0.809890
  3 237 0.809890
  4  61 0.874359
  4  61 0.874359
  4 144 0.941245
  4 187 0.975897
  4 226 1.007326
  4 224 1.005714
  5  48 1.070183
  5  47 1.069377
  5 127 1.133846
  5 128 1.134652
  5 212 1.202344
  5 254 1.236190
  6  38 1.268425
  6  36 1.266813
  6 117 1.332088
  6 117 1.332088
  6 200 1.398974
  6 201 1.399780
  7  28 1.466667
  7  67 1.498095
  7 107 1.530330
  7 104 1.527912
  7 185 1.593187
  7 185 1.593187
  8  10 1.658462
  8  12 1.660073
  8  94 1.726154
  8 133 1.757582
  8 172 1.789011
  8 171 1.788205
  8 250 1.851868
  8 251 1.852674
  9  77 1.918755
  9  80 1.921172
  9 161 1.986447
  9 201 2.018681
  9 239 2.049304
  9 238 2.048498
 10  65 2.115385
 10  65 2.115385
 10 148 2.182271
 10 189 2.215311
 10 227 2.245934
 11  11 2.278168
 11  50 2.309597
 11  49 2.308791
 11 129 2.373260
 11 130 2.374066
 11 212 2.440147
 11 253 2.473187
 12  35 2.503810
 12  34 2.503004
 12 113 2.566667
 12 113 2.566667
 12 193 2.631136
 12 195 2.632747
 13  23 2.700440
 13  62 2.731868
 13 101 2.763297
 13 100 2.762491
 13 182 2.828571
 13 181 2.827766
 14   8 2.894652
 14  51 2.929304
 14  73 2.947033
 14  51 2.929304
 14  38 2.918828
