  0   3 0.002418
  0  31 0.024982
  0  61 0.049158
  0  90 0.072527
  0 119 0.095897
  0 148 0.119267
  0 177 0.142637
  0 204 0.164396
  0 233 0.187766
  1   6 0.211136
  1  35 0.234505
  1  64 0.257875
  1  93 0.281245
  1 122 0.304615
  1 151 0.327985
  1 180 0.351355
  1 209 0.374725
  1 237 0.397289
  2  11 0.421465
  2  40 0.444835
  2  69 0.468205
  2  97 0.490769
  2 127 0.514945
  2 156 0.538315
  2 184 0.560879
  2 213 0.584249
  2 241 0.606813
  3  14 0.630183
  3  43 0.653553
  3  71 0.676117
  3 101 0.700293
