  0   4 0.003223
  0  33 0.026593
  0  61 0.049158
  0  89 0.071722
  0 118 0.095092
  0 147 0.118462
  0 176 0.141832
  0 204 0.164396
  0 234 0.188571
  1   6 0.211136
  1  35 0.234505
  1  64 0.257875
  1  93 0.281245
  1 121 0.303810
  1 150 0.327179
  1 180 0.351355
  1 209 0.374725
  1 238 0.398095
  2  11 0.421465
  2  40 0.444835
  2  69 0.468205
  2  97 0.490769
  2 126 0.514139
  2 155 0.537509
  2 184 0.560879
  2 213 0.584249
  2 242 0.607619
  3  14 0.630183
  3  43 0.653553
  3  71 0.676117
  3 101 0.700293
