  0   4 0.003223
  0  32 0.025788
  0  60 0.048352
  0  89 0.071722
  0 118 0.095092
  0 148 0.119267
  0 176 0.141832
  0 205 0.165201
  0 233 0.187766
  1   6 0.211136
  1  35 0.234505
  1  64 0.257875
  1  92 0.280440
  1 121 0.303810
  1 150 0.327179
  1 180 0.351355
  1 209 0.374725
  1 238 0.398095
  2  11 0.421465
  2  40 0.444835
  2  68 0.467399
  2  97 0.490769
  2 126 0.514139
  2 155 0.537509
  2 184 0.560879
  2 213 0.584249
  2 241 0.606813
  3  14 0.630183
  3  43 0.653553
  3  71 0.676117
  3 100 0.699487
