  0   4 0.003223
  0  32 0.025788
  0  61 0.049158
  0  90 0.072527
  0 118 0.095092
  0 148 0.119267
  0 176 0.141832
  0 204 0.164396
  0 233 0.187766
  1   6 0.211136
  1  35 0.234505
  1  64 0.257875
  1  93 0.281245
  1 122 0.304615
  1 151 0.327985
  1 180 0.351355
  1 208 0.373919
  1 237 0.397289
  2  11 0.421465
  2  40 0.444835
  2  69 0.468205
  2  98 0.491575
  2 127 0.514945
  2 156 0.538315
  2 184 0.560879
  2 213 0.584249
  2 242 0.607619
  3  14 0.630183
  3  42 0.652747
  3  72 0.676923
  3 101 0.700293
