  0   4 0.003223
  0  33 0.026593
  0  61 0.049158
  0  90 0.072527
  0 119 0.095897
  0 148 0.119267
  0 176 0.141832
  0 204 0.164396
  0 233 0.187766
  1   6 0.211136
  1  36 0.235311
  1  64 0.257875
  1  93 0.281245
  1 122 0.304615
  1 150 0.327179
  1 180 0.351355
  1 208 0.373919
  1 237 0.397289
  2  11 0.421465
  2  41 0.445641
  2  69 0.468205
  2  98 0.491575
  2 127 0.514945
  2 155 0.537509
  2 184 0.560879
  2 213 0.584249
  2 241 0.606813
  3  14 0.630183
  3  43 0.653553
  3  72 0.676923
  3 101 0.700293
