  0   5 0.004029
  0  32 0.025788
  0  60 0.048352
  0  89 0.071722
  0 119 0.095897
  0 148 0.119267
  0 177 0.142637
  0 205 0.165201
  0 233 0.187766
  1   6 0.211136
  1  35 0.234505
  1  64 0.257875
  1  93 0.281245
  1 122 0.304615
  1 151 0.327985
  1 181 0.352161
  1 209 0.374725
  1 238 0.398095
  2  11 0.421465
  2  40 0.444835
  2  68 0.467399
  2  97 0.490769
  2 127 0.514945
  2 156 0.538315
  2 184 0.560879
  2 213 0.584249
  2 242 0.607619
  3  14 0.630183
  3  42 0.652747
  3  71 0.676117
  3 100 0.699487
