  0   0 0.000000
  0  61 0.049158
  0 124 0.099927
  0 186 0.149890
  0 248 0.199853
  1  55 0.250623
  1 116 0.299780
  1 177 0.348938
  1 239 0.398901
  2  45 0.448864
  2 107 0.498828
  2 170 0.549597
  2 231 0.598755
  3  38 0.649524
  3 100 0.699487
  3 163 0.750256
  3 225 0.800220
  4  32 0.850989
  4  94 0.900952
  4 156 0.950916
  4 217 1.000073
  5  23 1.050037
  5  85 1.100000
  5 148 1.150769
  5 210 1.200733
  6  15 1.249890
  6  78 1.300659
  6 140 1.350623
  6 200 1.398974
  7   6 1.448938
  7  68 1.498901
