  0   0 0.000000
  0  62 0.049963
  0 123 0.099121
  0 186 0.149890
  0 249 0.200659
  1  55 0.250623
  1 116 0.299780
  1 177 0.348938
  1 239 0.398901
  2  45 0.448864
  2 108 0.499634
  2 170 0.549597
  2 231 0.598755
  3  37 0.648718
  3 100 0.699487
  3 163 0.750256
  3 225 0.800220
  4  32 0.850989
  4  93 0.900147
  4 156 0.950916
  4 218 1.000879
  5  24 1.050842
  5  86 1.100806
  5 148 1.150769
  5 209 1.199927
  6  16 1.250696
  6  77 1.299853
  6 139 1.349817
  6 201 1.399780
  7   7 1.449744
  7  68 1.498901
