  0   1 0.000806
  0  62 0.049963
  0 124 0.099927
  0 186 0.149890
  0 248 0.199853
  1  54 0.249817
  1 116 0.299780
  1 177 0.348938
  1 239 0.398901
  2  46 0.449670
  2 108 0.499634
  2 170 0.549597
  2 231 0.598755
  3  37 0.648718
  3 100 0.699487
  3 163 0.750256
  3 224 0.799414
  4  31 0.850183
  4  94 0.900952
  4 156 0.950916
  4 217 1.000073
  5  23 1.050037
  5  86 1.100806
  5 148 1.150769
  5 209 1.199927
  6  16 1.250696
  6  78 1.300659
  6 139 1.349817
  6 200 1.398974
  7   7 1.449744
  7  68 1.498901
