  0   0 0.000000
  0  62 0.049963
  0 124 0.099927
  0 186 0.149890
  0 249 0.200659
  1  55 0.250623
  1 116 0.299780
  1 177 0.348938
  1 238 0.398095
  2  45 0.448864
  2 107 0.498828
  2 170 0.549597
  2 232 0.599560
  3  38 0.649524
  3 101 0.700293
  3 164 0.751062
  3 225 0.800220
  4  31 0.850183
  4  93 0.900147
  4 155 0.950110
  4 217 1.000073
  5  23 1.050037
  5  86 1.100806
  5 149 1.151575
  5 211 1.201538
  6  17 1.251502
  6  79 1.301465
  6 139 1.349817
  6 200 1.398974
  7   6 1.448938
  7  68 1.498901
