  0   0 0.000000
  0  62 0.049963
  0 124 0.099927
  0 185 0.149084
  0 248 0.199853
  1  54 0.249817
  1 116 0.299780
  1 177 0.348938
  1 239 0.398901
  2  45 0.448864
  2 108 0.499634
  2 170 0.549597
  2 237 0.603590
  3  38 0.649524
  3 101 0.700293
  3 164 0.751062
  3 224 0.799414
  4  32 0.850989
  4  94 0.900952
  4 156 0.950916
  4 217 1.000073
  5  24 1.050842
  5  85 1.100000
  5 148 1.150769
  5 209 1.199927
  6  16 1.250696
  6  78 1.300659
  6 139 1.349817
  6 201 1.399780
  7   7 1.449744
  7  69 1.499707
