  0   0 0.000000
  0  63 0.050769
  0 124 0.099927
  0 186 0.149890
  0 248 0.199853
  1  54 0.249817
  1 116 0.299780
  1 176 0.348132
  1 238 0.398095
  2  45 0.448864
  2 108 0.499634
  2 170 0.549597
  2 232 0.599560
  3  38 0.649524
  3 100 0.699487
  3 163 0.750256
  3 224 0.799414
  4  31 0.850183
  4  93 0.900147
  4 155 0.950110
  4 217 1.000073
  5  24 1.050842
  5  86 1.100806
  5 149 1.151575
  5 210 1.200733
  6  17 1.251502
  6  78 1.300659
  6 139 1.349817
  6 199 1.398168
  7   6 1.448938
  7  68 1.498901
