  0   0 0.000000
  0  62 0.049963
  0 124 0.099927
  0 186 0.149890
  0 249 0.200659
  1  55 0.250623
  1 116 0.299780
  1 177 0.348938
  1 238 0.398095
  2  45 0.448864
  2 108 0.499634
  2 170 0.549597
  2 231 0.598755
  3  38 0.649524
  3 101 0.700293
  3 163 0.750256
  3 225 0.800220
  4  31 0.850183
  4  94 0.900952
  4 155 0.950110
  4 217 1.000073
  5  23 1.050037
  5  86 1.100806
  5 148 1.150769
  5 210 1.200733
  6  17 1.251502
  6  78 1.300659
  6 139 1.349817
  6 200 1.398974
  7   6 1.448938
  7  68 1.498901
