  0   0 0.000000
  0  62 0.049963
  0 124 0.099927
  0 186 0.149890
  0 249 0.200659
  1  55 0.250623
  1 116 0.299780
  1 177 0.348938
  1 239 0.398901
  2  45 0.448864
  2 108 0.499634
  2 169 0.548791
  2 232 0.599560
  3  38 0.649524
  3 100 0.699487
  3 163 0.750256
  3 225 0.800220
  4  32 0.850989
  4  94 0.900952
  4 155 0.950110
  4 217 1.000073
  5  23 1.050037
  5  86 1.100806
  5 149 1.151575
  5 210 1.200733
  6  17 1.251502
  6  78 1.300659
  6 140 1.350623
  6 201 1.399780
  7   7 1.449744
  7  68 1.498901
