  0  17 0.013700
  0 119 0.095897
  0 220 0.177289
  1  66 0.259487
  1 169 0.342491
  2  15 0.424689
  2 117 0.506886
  2 218 0.588278
  3  65 0.671282
  3 167 0.753480
  4  15 0.837289
  4 118 0.920293
  4 219 1.001685
  5  66 1.084689
  5 168 1.166886
  6  16 1.250696
  6 118 1.332894
  6 220 1.415092
  7  67 1.498095
  7 170 1.581099
  8  16 1.663297
  8 119 1.746300
  8 222 1.829304
  9  68 1.911502
  9 169 1.992894
 10  16 2.075897
 10 116 2.156484
 10 217 2.237875
 11  63 2.320073
 11 166 2.403077
 12  13 2.486081
