  0  15 0.012088
  0 117 0.094286
  0 219 0.176484
  1  66 0.259487
  1 169 0.342491
  2  16 0.425495
  2 117 0.506886
  2 217 0.587473
  3  64 0.670476
  3 165 0.751868
  4  13 0.835678
  4 116 0.918681
  4 218 1.000879
  5  66 1.084689
  5 169 1.167692
  6  18 1.252308
  6 118 1.332894
  6 220 1.415092
  7  68 1.498901
  7 169 1.580293
  8  15 1.662491
  8 117 1.744689
  8 220 1.827692
  9  68 1.911502
  9 170 1.993700
 10  16 2.075897
 10 118 2.158095
 10 219 2.239487
 11  64 2.320879
 11 166 2.403077
 12  12 2.485275
