  0  15 0.012088
  0 116 0.093480
  0 218 0.175678
  1  65 0.258681
  1 169 0.342491
  2  16 0.425495
  2 118 0.507692
  2 219 0.589084
  3  64 0.670476
  3 165 0.751868
  4  14 0.836484
  4 115 0.917875
  4 217 1.000073
  5  64 1.083077
  5 168 1.166886
  6  17 1.251502
  6 119 1.333700
  6 222 1.416703
  7  68 1.498901
  7 170 1.581099
  8  16 1.663297
  8 117 1.744689
  8 219 1.826886
  9  67 1.910696
  9 168 1.992088
 10  16 2.075897
 10 118 2.158095
 10 220 2.240293
 11  65 2.321685
 11 169 2.405495
 12  13 2.486081
