  0  16 0.012894
  0 117 0.094286
  0 220 0.177289
  1  66 0.259487
  1 170 0.343297
  2  17 0.426300
  2 117 0.506886
  2 218 0.588278
  3  64 0.670476
  3 165 0.751868
  4  13 0.835678
  4 116 0.918681
  4 217 1.000073
  5  66 1.084689
  5 169 1.167692
  6  18 1.252308
  6 119 1.333700
  6 221 1.415897
  7  68 1.498901
  7 169 1.580293
  8  15 1.662491
  8 117 1.744689
  8 220 1.827692
  9  68 1.911502
  9 170 1.993700
 10  17 2.076703
 10 118 2.158095
 10 219 2.239487
 11  64 2.320879
 11 166 2.403077
 12  12 2.485275
