  0  16 0.012894
  0 117 0.094286
  0 218 0.175678
  1  65 0.258681
  1 168 0.341685
  2  15 0.424689
  2 117 0.506886
  2 217 0.587473
  3  64 0.670476
  3 167 0.753480
  4  14 0.836484
  4 116 0.918681
  4 218 1.000879
  5  65 1.083883
  5 167 1.166081
  6  16 1.250696
  6 117 1.332088
  6 220 1.415092
  7  67 1.498095
  7 170 1.581099
  8  17 1.664103
  8 118 1.745495
  8 221 1.828498
  9  68 1.911502
  9 168 1.992088
 10  15 2.075092
 10 116 2.156484
 10 218 2.238681
 11  64 2.320879
 11 167 2.403883
 12  14 2.486886
