  0  17 0.013700
  0 118 0.095092
  0 220 0.177289
  1  66 0.259487
  1 169 0.342491
  2  15 0.424689
  2 117 0.506886
  2 216 0.586667
  3  63 0.669670
  3 165 0.751868
  4  13 0.835678
  4 117 0.919487
  4 219 1.001685
  5  66 1.084689
  5 169 1.167692
  6  17 1.251502
  6 118 1.332894
  6 220 1.415092
  7  67 1.498095
  7 169 1.580293
  8  15 1.662491
  8 117 1.744689
  8 221 1.828498
  9  69 1.912308
  9 170 1.993700
 10  17 2.076703
 10 117 2.157289
 10 219 2.239487
 11  64 2.320879
 11 165 2.402271
 12  12 2.485275
