  0  17 0.013700
  0 118 0.095092
  0 221 0.178095
  1  66 0.259487
  1 169 0.342491
  2  16 0.425495
  2 117 0.506886
  2 217 0.587473
  3  63 0.669670
  3 166 0.752674
  4  13 0.835678
  4 117 0.919487
  4 220 1.002491
  5  67 1.085495
  5 169 1.167692
  6  17 1.251502
  6 118 1.332894
  6 221 1.415897
  7  67 1.498095
  7 169 1.580293
  8  16 1.663297
  8 118 1.745495
  8 221 1.828498
  9  69 1.912308
  9 171 1.994505
 10  17 2.076703
 10 118 2.158095
 10 218 2.238681
 11  64 2.320879
 11 165 2.402271
 12  12 2.485275
