  0  20 0.016117
  0 133 0.107179
  1   0 0.206300
  1 123 0.305421
  1 248 0.406154
  2 115 0.505275
  2 237 0.603590
  3 102 0.701099
  3 224 0.799414
  4  91 0.898535
  4 214 0.997656
  5  82 1.097582
  5 205 1.196703
  6  74 1.297436
  6 197 1.396557
  7  65 1.496484
  7 186 1.593993
  8  53 1.693114
  8 176 1.792234
  9  43 1.891355
  9 165 1.989670
 10  33 2.089597
 10 156 2.188718
 11  24 2.288645
 11 144 2.385348
 12  10 2.483663
 12 131 2.581172
 12 252 2.678681
 13 118 2.776996
 13 241 2.876117
 14 108 2.975238
