  0  22 0.017729
  0 133 0.107179
  0 253 0.203883
  1 122 0.304615
  1 245 0.403736
  2 111 0.502051
  2 232 0.599560
  3  96 0.696264
  3 218 0.794579
  4  85 0.893700
  4 208 0.992821
  5  76 1.092747
  5 196 1.189451
  6  64 1.289377
  6 186 1.387692
  7  54 1.487619
  7 174 1.584322
  8  41 1.683443
  8 164 1.782564
  9  30 1.880879
  9 152 1.979194
 10  17 2.076703
 10 139 2.175018
 11   6 2.274139
 11 126 2.370842
 11 247 2.468352
 12 113 2.566667
 12 234 2.664176
 13 100 2.762491
 13 221 2.860000
 14  88 2.959121
