  0  22 0.017729
  0 134 0.107985
  1   1 0.207106
  1 123 0.305421
  1 247 0.405348
  2 113 0.503663
  2 236 0.602784
  3 100 0.699487
  3 223 0.798608
  4  91 0.898535
  4 215 0.998462
  5  82 1.097582
  5 203 1.195092
  6  72 1.295824
  6 194 1.394139
  7  62 1.494066
  7 184 1.592381
  8  52 1.692308
  8 175 1.791429
  9  42 1.890549
  9 164 1.988864
 10  30 2.087179
 10 153 2.186300
 11  20 2.285421
 11 142 2.383736
 12   8 2.482051
 12 129 2.579560
 12 251 2.677875
 13 116 2.775385
 13 238 2.873700
 14 105 2.972821
