  0  23 0.018535
  0 134 0.107985
  1   0 0.206300
  1 122 0.304615
  1 246 0.404542
  2 113 0.503663
  2 235 0.601978
  3 100 0.699487
  3 222 0.797802
  4  90 0.897729
  4 213 0.996850
  5  80 1.095971
  5 201 1.193480
  6  70 1.294212
  6 192 1.392527
  7  61 1.493260
  7 183 1.591575
  8  51 1.691502
  8 173 1.789817
  9  40 1.888938
  9 160 1.985641
 10  28 2.085568
 10 150 2.183883
 11  17 2.283004
 11 138 2.380513
 12   5 2.479634
 12 126 2.577143
 12 247 2.674652
 13 113 2.772967
 13 234 2.870476
 14 102 2.970403
