  0  22 0.017729
  0 133 0.107179
  0 255 0.205495
  1 123 0.305421
  1 247 0.405348
  2 113 0.503663
  2 234 0.601172
  3  98 0.697875
  3 220 0.796190
  4  87 0.895311
  4 211 0.995238
  5  78 1.094359
  5 200 1.192674
  6  68 1.292601
  6 191 1.391722
  7  58 1.490842
  7 179 1.588352
  8  46 1.687473
  8 168 1.785788
  9  35 1.884908
  9 157 1.983223
 10  24 2.082344
 10 147 2.181465
 11  13 2.279780
 11 133 2.376484
 12   0 2.475604
 12 120 2.572308
 12 240 2.669011
 13 106 2.767326
 13 228 2.865641
 14  96 2.965568
