  0  23 0.018535
  0 134 0.107985
  0 254 0.204689
  1 122 0.304615
  1 245 0.403736
  2 113 0.503663
  2 234 0.601172
  3 100 0.699487
  3 222 0.797802
  4  89 0.896923
  4 211 0.995238
  5  78 1.094359
  5 200 1.192674
  6  68 1.292601
  6 191 1.391722
  7  59 1.491648
  7 181 1.589963
  8  48 1.689084
  8 171 1.788205
  9  37 1.886520
  9 159 1.984835
 10  24 2.082344
 10 147 2.181465
 11  14 2.280586
 11 136 2.378901
 12   2 2.477216
 12 123 2.574725
 12 243 2.671429
 13 108 2.768938
 13 230 2.867253
 14  98 2.967179
