  0  23 0.018535
  0 133 0.107179
  0 254 0.204689
  1 122 0.304615
  1 247 0.405348
  2 114 0.504469
  2 236 0.602784
  3 102 0.701099
  3 225 0.800220
  4  92 0.899341
  4 215 0.998462
  5  82 1.097582
  5 204 1.195897
  6  72 1.295824
  6 195 1.394945
  7  64 1.495678
  7 186 1.593993
  8  54 1.693919
  8 177 1.793040
  9  43 1.891355
  9 165 1.989670
 10  32 2.088791
 10 155 2.187912
 11  23 2.287839
 11 144 2.385348
 12  11 2.484469
 12 132 2.581978
 12 254 2.680293
 13 119 2.777802
 13 240 2.875311
 14 108 2.975238
