  0  22 0.017729
  0 134 0.107985
  1   0 0.206300
  1 124 0.306227
  1 248 0.406154
  2 115 0.505275
  2 237 0.603590
  3 102 0.701099
  3 224 0.799414
  4  91 0.898535
  4 216 0.999267
  5  84 1.099194
  5 206 1.197509
  6  75 1.298242
  6 198 1.397363
  7  66 1.497289
  7 187 1.594799
  8  55 1.694725
  8 177 1.793040
  9  44 1.892161
  9 167 1.991282
 10  35 2.091209
 10 158 2.190330
 11  25 2.289451
 11 146 2.386960
 12  13 2.486081
 12 134 2.583590
 13   0 2.681905
 13 121 2.779414
 13 243 2.877729
 14 112 2.978462
