  0  22 0.017729
  0 133 0.107179
  1   0 0.206300
  1 123 0.305421
  1 248 0.406154
  2 116 0.506081
  2 237 0.603590
  3 103 0.701905
  3 224 0.799414
  4  92 0.899341
  4 215 0.998462
  5  83 1.098388
  5 206 1.197509
  6  75 1.298242
  6 199 1.398168
  7  67 1.498095
  7 188 1.595604
  8  56 1.695531
  8 178 1.793846
  9  45 1.892967
  9 167 1.991282
 10  35 2.091209
 10 158 2.190330
 11  26 2.290256
 11 147 2.387766
 12  13 2.486081
 12 135 2.584396
 13   0 2.681905
 13 122 2.780220
 13 244 2.878535
 14 112 2.978462
