  0   0 0.000000
  0  47 0.037875
  0  96 0.077363
  0 145 0.116850
  0 196 0.157949
  0 246 0.198242
  1  42 0.240147
  1  93 0.281245
  1 144 0.322344
  1 194 0.362637
  1 244 0.402930
  2  36 0.441612
  2  82 0.478681
  2 130 0.517363
  2 178 0.556044
  2 225 0.593919
  3  17 0.632601
  3  64 0.670476
  3 110 0.707546
  3 157 0.745421
  3 204 0.783297
  3 250 0.820366
  4  41 0.858242
  4  87 0.895311
  4 137 0.935604
  4 191 0.979121
  4 245 1.022637
  5  44 1.066960
  5  98 1.110476
  5 153 1.154799
  5 209 1.199927
