  0   0 0.000000
  0  45 0.036264
  0  92 0.074139
  0 141 0.113626
  0 188 0.151502
  0 240 0.193407
  1  32 0.232088
  1  82 0.272381
  1 134 0.314286
  1 183 0.353773
  1 236 0.396484
  2  33 0.439194
  2  81 0.477875
  2 133 0.519780
  2 187 0.563297
  2 240 0.606007
  3  36 0.647912
  3  89 0.690623
  3 143 0.734139
  3 187 0.769597
  3 236 0.809084
  4  27 0.846960
  4  71 0.882418
  4 120 0.921905
  4 163 0.956557
  4 209 0.993626
  4 254 1.029890
  5  45 1.067766
  5  88 1.102418
  5 137 1.141905
  5 183 1.178974
