  0   0 0.000000
  0  46 0.037070
  0  97 0.078168
  0 143 0.115238
  0 194 0.156337
  0 246 0.198242
  1  40 0.238535
  1  90 0.278828
  1 141 0.319927
  1 194 0.362637
  1 243 0.402125
  2  37 0.442418
  2  83 0.479487
  2 133 0.519780
  2 179 0.556850
  2 227 0.595531
  3  18 0.633407
  3  67 0.672894
  3 113 0.709963
  3 159 0.747033
  3 206 0.784908
  3 251 0.821172
  4  42 0.859048
  4  89 0.896923
  4 136 0.934799
  4 179 0.969451
  4 236 1.015385
  5  36 1.060513
  5  91 1.104835
  5 144 1.147546
  5 202 1.194286
