  0   0 0.000000
  0  49 0.039487
  0  97 0.078168
  0 144 0.116044
  0 199 0.160366
  0 249 0.200659
  1  43 0.240952
  1  91 0.279634
  1 143 0.321538
  1 189 0.358608
  1 235 0.395678
  2  32 0.438388
  2  79 0.476264
  2 123 0.511722
  2 173 0.552015
  2 223 0.592308
  3  10 0.626960
  3  59 0.666447
  3 105 0.703516
  3 151 0.740586
  3 199 0.779267
  3 245 0.816337
  4  44 0.860659
  4  95 0.901758
  4 148 0.944469
  4 206 0.991209
  5   4 1.034725
  5  54 1.075018
  5 110 1.120147
  5 168 1.166886
  5 220 1.208791
