  0   0 0.000000
  0  49 0.039487
  0  96 0.077363
  0 148 0.119267
  0 201 0.161978
  0 248 0.199853
  1  43 0.240952
  1  96 0.283663
  1 143 0.321538
  1 192 0.361026
  1 239 0.398901
  2  33 0.439194
  2  78 0.475458
  2 125 0.513333
  2 176 0.554432
  2 221 0.590696
  3  11 0.627766
  3  61 0.668059
  3 108 0.705934
  3 153 0.742198
  3 202 0.781685
  3 247 0.817949
  4  41 0.858242
  4  95 0.901758
  4 151 0.946886
  4 204 0.989597
  5   2 1.033114
  5  57 1.077436
  5 112 1.121758
  5 164 1.163663
  5 221 1.209597
