  0   0 0.000000
  0  47 0.037875
  0  95 0.076557
  0 148 0.119267
  0 199 0.160366
  0 248 0.199853
  1  44 0.241758
  1  91 0.279634
  1 136 0.315897
  1 187 0.356996
  1 232 0.393260
  2  27 0.434359
  2  75 0.473040
  2 121 0.510110
  2 168 0.547985
  2 215 0.585861
  3   6 0.623736
  3  52 0.660806
  3 103 0.701905
  3 146 0.736557
  3 191 0.772821
  3 248 0.818755
  4  45 0.861465
  4  97 0.903370
  4 151 0.946886
  4 206 0.991209
  5   4 1.034725
  5  57 1.077436
  5 113 1.122564
  5 165 1.164469
  5 220 1.208791
