  0   0 0.000000
  0  47 0.037875
  0  96 0.077363
  0 148 0.119267
  0 197 0.158755
  0 249 0.200659
  1  40 0.238535
  1  86 0.275604
  1 134 0.314286
  1 180 0.351355
  1 230 0.391648
  2  23 0.431136
  2  68 0.467399
  2 119 0.508498
  2 166 0.546374
  2 210 0.581832
  3   3 0.621319
  3  51 0.660000
  3  96 0.696264
  3 151 0.740586
  3 204 0.783297
  4   3 0.827619
  4  55 0.869524
  4 112 0.915458
  4 162 0.955751
  4 215 0.998462
  5  17 1.045201
  5  67 1.085495
  5 122 1.129817
  5 176 1.173333
  5 229 1.216044
