  0   0 0.000000
  0  46 0.037070
  0  95 0.076557
  0 141 0.113626
  0 190 0.153114
  0 238 0.191795
  1  30 0.230476
  1  75 0.266740
  1 126 0.307839
  1 177 0.348938
  1 229 0.390842
  2  21 0.429524
  2  75 0.473040
  2 127 0.514945
  2 178 0.556044
  2 229 0.597143
  3  25 0.639048
  3  79 0.682564
  3 130 0.723663
  3 183 0.766374
  3 237 0.809890
  4  35 0.853407
  4  86 0.894505
  4 130 0.929963
  4 177 0.967839
  4 218 1.000879
  5   9 1.038755
  5  52 1.073407
  5  99 1.111282
  5 144 1.147546
  5 187 1.182198
