  0   0 0.000000
  0  48 0.038681
  0  95 0.076557
  0 147 0.118462
  0 200 0.161172
  0 248 0.199853
  1  43 0.240952
  1  94 0.282051
  1 140 0.319121
  1 188 0.357802
  1 239 0.398901
  2  32 0.438388
  2  78 0.475458
  2 126 0.514139
  2 175 0.553626
  2 221 0.590696
  3  11 0.627766
  3  60 0.667253
  3 106 0.704322
  3 151 0.740586
  3 199 0.779267
  3 245 0.816337
  4  46 0.862271
  4 101 0.906593
  4 156 0.950916
  4 210 0.994432
  5   7 1.037143
  5  61 1.080659
  5 117 1.125788
  5 170 1.168498
  5 223 1.211209
