  0   0 0.000000
  0  46 0.037070
  0  98 0.078974
  0 144 0.116044
  0 196 0.157949
  0 247 0.199048
  1  40 0.238535
  1  89 0.278022
  1 140 0.319121
  1 191 0.360220
  1 243 0.402125
  2  36 0.441612
  2  84 0.480293
  2 130 0.517363
  2 180 0.557656
  2 227 0.595531
  3  17 0.632601
  3  66 0.672088
  3 110 0.707546
  3 156 0.744615
  3 204 0.783297
  3 250 0.820366
  4  40 0.857436
  4  90 0.897729
  4 132 0.931575
  4 180 0.970256
  4 237 1.016190
  5  35 1.059707
  5  88 1.102418
  5 147 1.149963
  5 200 1.192674
