  0   0 0.000000
  0  48 0.038681
  0  93 0.074945
  0 141 0.113626
  0 192 0.154725
  0 240 0.193407
  1  31 0.231282
  1  78 0.269158
  1 125 0.307033
  1 173 0.345714
  1 226 0.388425
  2  21 0.429524
  2  73 0.471429
  2 124 0.512527
  2 175 0.553626
  2 228 0.596337
  3  24 0.638242
  3  77 0.680952
  3 132 0.725275
  3 183 0.766374
  3 235 0.808278
  4  33 0.851795
  4  85 0.893700
  4 139 0.937216
  4 182 0.971868
  4 226 1.007326
  5  14 1.042784
  5  59 1.079048
  5 105 1.116117
  5 149 1.151575
  5 194 1.187839
