  0   0 0.000000
  0  50 0.040293
  0  97 0.078168
  0 148 0.119267
  0 199 0.160366
  0 247 0.199048
  1  40 0.238535
  1  86 0.275604
  1 136 0.315897
  1 184 0.354579
  1 229 0.390842
  2  22 0.430330
  2  71 0.469817
  2 120 0.509304
  2 164 0.544762
  2 214 0.585055
  3   3 0.621319
  3  48 0.657582
  3 101 0.700293
  3 155 0.743810
  3 208 0.786520
  4   5 0.829231
  4  60 0.873553
  4 112 0.915458
  4 167 0.959780
  4 221 1.003297
  5  19 1.046813
  5  71 1.088718
  5 124 1.131429
  5 178 1.174945
  5 233 1.219267
