  0   0 0.000000
  0  48 0.038681
  0  99 0.079780
  0 148 0.119267
  0 197 0.158755
  0 247 0.199048
  1  40 0.238535
  1  89 0.278022
  1 136 0.315897
  1 183 0.353773
  1 232 0.393260
  2  24 0.431941
  2  70 0.469011
  2 119 0.508498
  2 166 0.546374
  2 213 0.584249
  3   3 0.621319
  3  52 0.660806
  3  96 0.696264
  3 150 0.739780
  3 206 0.784908
  4   4 0.828425
  4  56 0.870330
  4 111 0.914652
  4 164 0.957363
  4 214 0.997656
  5  17 1.045201
  5  69 1.087106
  5 121 1.129011
  5 177 1.174139
  5 231 1.217656
