  0   0 0.000000
  0  46 0.037070
  0  96 0.077363
  0 145 0.116850
  0 191 0.153919
  0 244 0.196630
  1  34 0.233700
  1  84 0.273993
  1 131 0.311868
  1 177 0.348938
  1 225 0.387619
  2  16 0.425495
  2  63 0.463370
  2 115 0.505275
  2 169 0.548791
  2 221 0.590696
  3  16 0.631795
  3  68 0.673700
  3 124 0.718828
  3 177 0.761538
  3 228 0.802637
  4  26 0.846154
  4  77 0.887253
  4 136 0.934799
  4 185 0.974286
  4 237 1.016190
  5  38 1.062125
  5  85 1.100000
  5 128 1.134652
  5 169 1.167692
  5 216 1.205568
