  0   0 0.000000
  0  47 0.037875
  0  95 0.076557
  0 146 0.117656
  0 198 0.159560
  0 244 0.196630
  1  43 0.240952
  1  95 0.282857
  1 141 0.319927
  1 194 0.362637
  1 249 0.406960
  2  40 0.444835
  2  87 0.482711
  2 136 0.522198
  2 184 0.560879
  2 229 0.597143
  3  22 0.636630
  3  71 0.676117
  3 117 0.713187
  3 163 0.750256
  3 212 0.789744
  4   2 0.826813
  4  47 0.863077
  4  94 0.900952
  4 141 0.938828
  4 184 0.973480
  4 241 1.019414
  5  40 1.063736
  5  94 1.107253
  5 151 1.153187
  5 208 1.199121
