  0   0 0.000000
  0  45 0.036264
  0  93 0.074945
  0 143 0.115238
  0 193 0.155531
  0 242 0.195018
  1  36 0.235311
  1  87 0.276410
  1 137 0.316703
  1 187 0.356996
  1 239 0.398901
  2  35 0.440806
  2  86 0.481905
  2 139 0.524615
  2 189 0.564908
  2 236 0.602784
  3  27 0.640659
  3  74 0.678535
  3 120 0.715604
  3 166 0.752674
  3 213 0.790549
  4   3 0.827619
  4  51 0.866300
  4  96 0.902564
  4 141 0.938828
  4 187 0.975897
  4 234 1.013773
  5  21 1.048425
  5  66 1.084689
  5 123 1.130623
  5 178 1.174945
