  0   0 0.000000
  0  46 0.037070
  0  93 0.074945
  0 142 0.114432
  0 191 0.153919
  0 239 0.192601
  1  34 0.233700
  1  81 0.271575
  1 131 0.311868
  1 183 0.353773
  1 236 0.396484
  2  31 0.437582
  2  81 0.477875
  2 134 0.520586
  2 187 0.563297
  2 241 0.606813
  3  36 0.647912
  3  89 0.690623
  3 142 0.733333
  3 194 0.775238
  3 239 0.811502
  4  28 0.847766
  4  74 0.884835
  4 120 0.921905
  4 167 0.959780
  4 215 0.998462
  5   3 1.033919
  5  48 1.070183
  5  91 1.104835
  5 138 1.142711
  5 181 1.177363
