  0   0 0.000000
  0  46 0.037070
  0  98 0.078974
  0 146 0.117656
  0 198 0.159560
  0 251 0.202271
  1  44 0.241758
  1  91 0.279634
  1 142 0.320733
  1 188 0.357802
  1 236 0.396484
  2  30 0.436777
  2  76 0.473846
  2 123 0.511722
  2 171 0.550403
  2 219 0.589084
  3   9 0.626154
  3  59 0.666447
  3 106 0.704322
  3 151 0.740586
  3 198 0.778462
  3 253 0.822784
  4  50 0.865495
  4 106 0.910623
  4 160 0.954139
  4 216 0.999267
  5  11 1.040366
  5  67 1.085495
  5 123 1.130623
  5 173 1.170916
  5 228 1.215238
