  0   0 0.000000
  0  47 0.037875
  0  97 0.078168
  0 145 0.116850
  0 194 0.156337
  0 240 0.193407
  1  38 0.236923
  1  83 0.273187
  1 130 0.311062
  1 176 0.348132
  1 223 0.386007
  2  18 0.427106
  2  62 0.462564
  2 109 0.500440
  2 162 0.543150
  2 214 0.585055
  3   9 0.626154
  3  61 0.668059
  3 117 0.713187
  3 168 0.754286
  3 220 0.796190
  4  18 0.839707
  4  72 0.883223
  4 125 0.925934
  4 176 0.967033
  4 231 1.011355
  5  29 1.054872
  5  82 1.097582
  5 134 1.139487
  5 179 1.175751
  5 221 1.209597
