  0   0 0.000000
  0  47 0.037875
  0  97 0.078168
  0 145 0.116850
  0 194 0.156337
  0 243 0.195824
  1  35 0.234505
  1  82 0.272381
  1 129 0.310256
  1 178 0.349744
  1 225 0.387619
  2  20 0.428718
  2  65 0.464982
  2 113 0.503663
  2 163 0.543956
  2 217 0.587473
  3  11 0.627766
  3  66 0.672088
  3 118 0.713993
  3 170 0.755897
  3 223 0.798608
  4  21 0.842125
  4  74 0.884835
  4 129 0.929158
  4 183 0.972674
  4 234 1.013773
  5  33 1.058095
  5  88 1.102418
  5 140 1.144322
  5 182 1.178168
  5 227 1.214432
