  0  50 0.040293
  0 153 0.123297
  1  20 0.222418
  1 145 0.323150
  2  13 0.423077
  2 135 0.521392
  3   1 0.619707
  3 120 0.715604
  3 242 0.813919
  4 109 0.913040
  4 232 1.012161
  5 100 1.112088
  5 223 1.211209
  6  92 1.311941
  6 214 1.410256
  7  82 1.510183
  7 202 1.606886
  8  70 1.706813
  8 192 1.805128
  9  58 1.903443
  9 180 2.001758
 10  48 2.101685
 10 173 2.202418
 11  41 2.302344
 11 161 2.399048
 12  26 2.496557
 12 147 2.594066
 13  12 2.691575
 13 132 2.788278
 14   0 2.888205
 14 124 2.988132
