  0  48 0.038681
  0 150 0.120879
  1  17 0.220000
  1 140 0.319121
  2  11 0.421465
  2 134 0.520586
  3   0 0.618901
  3 119 0.714799
  3 240 0.812308
  4 107 0.911429
  4 230 1.010549
  5  97 1.109670
  5 218 1.207179
  6  88 1.308718
  6 212 1.408645
  7  81 1.509377
  7 202 1.606886
  8  69 1.706007
  8 190 1.803516
  9  56 1.901832
  9 178 2.000147
 10  45 2.099267
 10 168 2.198388
 11  37 2.299121
 11 159 2.397436
 12  25 2.495751
 12 146 2.593260
 13  11 2.690769
 13 131 2.787473
 13 253 2.885788
 14 122 2.986520
