  0  48 0.038681
  0 151 0.121685
  1  16 0.219194
  1 140 0.319121
  2   8 0.419048
  2 131 0.518168
  2 254 0.617289
  3 120 0.715604
  3 242 0.813919
  4 108 0.912234
  4 230 1.010549
  5  97 1.109670
  5 219 1.207985
  6  86 1.307106
  6 210 1.407033
  7  78 1.506960
  7 201 1.606081
  8  69 1.706007
  8 192 1.805128
  9  58 1.903443
  9 179 2.000952
 10  44 2.098462
 10 168 2.198388
 11  35 2.297509
 11 156 2.395018
 12  23 2.494139
 12 145 2.592454
 13  12 2.691575
 13 132 2.788278
 13 254 2.886593
 14 121 2.985714
