  0  49 0.039487
  0 152 0.122491
  1  17 0.220000
  1 139 0.318315
  2   8 0.419048
  2 130 0.517363
  2 252 0.615678
  3 117 0.713187
  3 240 0.812308
  4 108 0.912234
  4 232 1.012161
  5  98 1.110476
  5 219 1.207985
  6  86 1.307106
  6 209 1.406227
  7  77 1.506154
  7 199 1.604469
  8  67 1.704396
  8 190 1.803516
  9  58 1.903443
  9 179 2.000952
 10  46 2.100073
 10 168 2.198388
 11  35 2.297509
 11 156 2.395018
 12  21 2.492527
 12 143 2.590842
 13   9 2.689158
 13 131 2.787473
 13 254 2.886593
 14 123 2.987326
