  0  47 0.037875
  0 150 0.120879
  1  17 0.220000
  1 141 0.319927
  2  11 0.421465
  2 132 0.518974
  2 253 0.616484
  3 117 0.713187
  3 239 0.811502
  4 106 0.910623
  4 228 1.008938
  5  96 1.108864
  5 219 1.207985
  6  88 1.308718
  6 212 1.408645
  7  80 1.508571
  7 200 1.605275
  8  66 1.703590
  8 188 1.801905
  9  55 1.901026
  9 176 1.998535
 10  44 2.098462
 10 167 2.197582
 11  36 2.298315
 11 158 2.396630
 12  24 2.494945
 12 144 2.591648
 13   8 2.688352
 13 129 2.785861
 13 251 2.884176
 14 120 2.984908
