  0  49 0.039487
  0 152 0.122491
  1  18 0.220806
  1 140 0.319121
  2   9 0.419853
  2 130 0.517363
  2 252 0.615678
  3 117 0.713187
  3 238 0.810696
  4 106 0.910623
  4 231 1.011355
  5  99 1.111282
  5 220 1.208791
  6  88 1.308718
  6 209 1.406227
  7  78 1.506960
  7 198 1.603663
  8  65 1.702784
  8 188 1.801905
  9  56 1.901832
  9 179 2.000952
 10  47 2.100879
 10 169 2.199194
 11  36 2.298315
 11 156 2.395018
 12  22 2.493333
 12 142 2.590037
 13   7 2.687546
 13 128 2.785055
 13 252 2.884982
 14 121 2.985714
