  0  47 0.037875
  0 150 0.120879
  1  16 0.219194
  1 138 0.317509
  2   8 0.419048
  2 132 0.518974
  2 254 0.617289
  3 119 0.714799
  3 241 0.813114
  4 107 0.911429
  4 229 1.009744
  5  96 1.108864
  5 218 1.207179
  6  86 1.307106
  6 209 1.406227
  7  79 1.507766
  7 201 1.606081
  8  68 1.705201
  8 190 1.803516
  9  56 1.901832
  9 177 1.999341
 10  44 2.098462
 10 166 2.196777
 11  34 2.296703
 11 155 2.394212
 12  22 2.493333
 12 145 2.592454
 13  11 2.690769
 13 131 2.787473
 13 253 2.885788
 14 120 2.984908
