  0  48 0.038681
  0 152 0.122491
  1  19 0.221612
  1 141 0.319927
  2  10 0.420659
  2 131 0.518168
  2 252 0.615678
  3 116 0.712381
  3 238 0.810696
  4 106 0.910623
  4 229 1.009744
  5  98 1.110476
  5 220 1.208791
  6  89 1.309524
  6 211 1.407839
  7  78 1.506960
  7 198 1.603663
  8  66 1.703590
  8 189 1.802711
  9  55 1.901026
  9 177 1.999341
 10  46 2.100073
 10 169 2.199194
 11  37 2.299121
 11 158 2.396630
 12  23 2.494139
 12 143 2.590842
 13   7 2.687546
 13 129 2.785861
 13 251 2.884176
 14 120 2.984908
