  0  47 0.037875
  0 150 0.120879
  1  15 0.218388
  1 139 0.318315
  2   9 0.419853
  2 133 0.519780
  2 255 0.618095
  3 119 0.714799
  3 240 0.812308
  4 106 0.910623
  4 229 1.009744
  5  96 1.108864
  5 218 1.207179
  6  86 1.307106
  6 210 1.407033
  7  80 1.508571
  7 201 1.606081
  8  69 1.706007
  8 191 1.804322
  9  56 1.901832
  9 177 1.999341
 10  44 2.098462
 10 167 2.197582
 11  35 2.297509
 11 156 2.395018
 12  23 2.494139
 12 145 2.592454
 13  12 2.691575
 13 131 2.787473
 13 253 2.885788
 14 120 2.984908
