  0   9 0.007253
  0  94 0.075751
  0 177 0.142637
  1   5 0.210330
  1  90 0.278828
  1 174 0.346520
  2   2 0.414212
  2  85 0.481099
  2 170 0.549597
  2 254 0.617289
  3  83 0.685788
  3 168 0.754286
  3 251 0.821172
  4  80 0.889670
  4 164 0.957363
  4 250 1.026667
  5  78 1.094359
  5 164 1.163663
  5 248 1.231355
  6  77 1.299853
  6 161 1.367546
  6 245 1.435238
  7  73 1.502930
  7 158 1.571429
  7 241 1.638315
  8  70 1.706813
  8 154 1.774505
  8 238 1.842198
  9  65 1.909084
  9 150 1.977582
  9 234 2.045275
