  0  10 0.008059
  0  92 0.074139
  0 176 0.141832
  1   4 0.209524
  1  89 0.278022
  1 173 0.345714
  2   3 0.415018
  2  86 0.481905
  2 170 0.549597
  2 253 0.616484
  3  83 0.685788
  3 167 0.753480
  3 250 0.820366
  4  80 0.889670
  4 165 0.958168
  4 250 1.026667
  5  79 1.095165
  5 164 1.163663
  5 248 1.231355
  6  77 1.299853
  6 160 1.366740
  6 244 1.434432
  7  73 1.502930
  7 158 1.571429
  7 242 1.639121
  8  70 1.706813
  8 155 1.775311
  8 237 1.841392
  9  65 1.909084
  9 149 1.976777
  9 232 2.043663
