  0   9 0.007253
  0  92 0.074139
  0 176 0.141832
  1   4 0.209524
  1  89 0.278022
  1 173 0.345714
  2   3 0.415018
  2  85 0.481099
  2 170 0.549597
  2 254 0.617289
  3  83 0.685788
  3 167 0.753480
  3 250 0.820366
  4  80 0.889670
  4 165 0.958168
  4 251 1.027473
  5  79 1.095165
  5 164 1.163663
  5 248 1.231355
  6  77 1.299853
  6 161 1.367546
  6 244 1.434432
  7  73 1.502930
  7 158 1.571429
  7 241 1.638315
  8  71 1.707619
  8 154 1.774505
  8 237 1.841392
  9  65 1.909084
  9 149 1.976777
  9 233 2.044469
