  0   9 0.007253
  0  93 0.074945
  0 176 0.141832
  1   6 0.211136
  1  91 0.279634
  1 174 0.346520
  2   2 0.414212
  2  85 0.481099
  2 169 0.548791
  2 253 0.616484
  3  82 0.684982
  3 167 0.753480
  3 252 0.821978
  4  81 0.890476
  4 166 0.958974
  4 251 1.027473
  5  78 1.094359
  5 163 1.162857
  5 247 1.230549
  6  76 1.299048
  6 160 1.366740
  6 245 1.435238
  7  74 1.503736
  7 159 1.572234
  7 242 1.639121
  8  70 1.706813
  8 153 1.773700
  8 237 1.841392
  9  64 1.908278
  9 149 1.976777
  9 234 2.045275
