  0   9 0.007253
  0  92 0.074139
  0 177 0.142637
  1   5 0.210330
  1  90 0.278828
  1 173 0.345714
  2   2 0.414212
  2  84 0.480293
  2 169 0.548791
  2 253 0.616484
  3  83 0.685788
  3 168 0.754286
  3 251 0.821172
  4  80 0.889670
  4 165 0.958168
  4 250 1.026667
  5  78 1.094359
  5 163 1.162857
  5 248 1.231355
  6  77 1.299853
  6 161 1.367546
  6 245 1.435238
  7  73 1.502930
  7 158 1.571429
  7 241 1.638315
  8  69 1.706007
  8 153 1.773700
  8 237 1.841392
  9  65 1.909084
  9 150 1.977582
  9 234 2.045275
