  0  23 0.018535
  0 138 0.111209
  1   3 0.208718
  1 124 0.306227
  1 246 0.404542
  2 109 0.500440
  2 228 0.596337
  3  90 0.691429
  3 209 0.787326
  4  73 0.884029
  4 194 0.981538
  5  60 1.079853
  5 180 1.176557
  6  46 1.274872
  6 166 1.371575
  7  31 1.469084
  7 150 1.564982
  8  14 1.661685
  8 134 1.758388
  8 253 1.854286
  9 119 1.952601
  9 240 2.050110
 10 105 2.147619
 10 226 2.245128
 11  89 2.341026
 11 207 2.436117
 12  71 2.532821
 12 189 2.627912
 13  53 2.724615
 13 174 2.822125
 14  38 2.918828
