  0  24 0.019341
  0 139 0.112015
  1   4 0.209524
  1 124 0.306227
  1 245 0.403736
  2 108 0.499634
  2 227 0.595531
  3  89 0.690623
  3 208 0.786520
  4  73 0.884029
  4 195 0.982344
  5  60 1.079853
  5 181 1.177363
  6  45 1.274066
  6 165 1.370769
  7  30 1.468278
  7 149 1.564176
  8  14 1.661685
  8 135 1.759194
  9   0 1.856703
  9 120 1.953407
  9 240 2.050110
 10 104 2.146813
 10 224 2.243516
 11  88 2.340220
 11 207 2.436117
 12  70 2.532015
 12 190 2.628718
 13  53 2.724615
 13 174 2.822125
 14  38 2.918828
