  0  25 0.020147
  0 141 0.113626
  1   3 0.208718
  1 123 0.305421
  1 243 0.402125
  2 107 0.498828
  2 226 0.594725
  3  89 0.690623
  3 210 0.788132
  4  75 0.885641
  4 196 0.983150
  5  60 1.079853
  5 179 1.175751
  6  44 1.273260
  6 164 1.369963
  7  30 1.468278
  7 150 1.564982
  8  15 1.662491
  8 137 1.760806
  9   0 1.856703
  9 119 1.952601
  9 238 2.048498
 10 104 2.146813
 10 224 2.243516
 11  88 2.340220
 11 208 2.436923
 12  72 2.533626
 12 191 2.629524
 13  54 2.725421
 13 173 2.821319
 14  37 2.918022
