  0  24 0.019341
  0 138 0.111209
  1   3 0.208718
  1 123 0.305421
  1 245 0.403736
  2 109 0.500440
  2 228 0.596337
  3  90 0.691429
  3 209 0.787326
  4  73 0.884029
  4 194 0.981538
  5  59 1.079048
  5 180 1.176557
  6  46 1.274872
  6 166 1.371575
  7  31 1.469084
  7 149 1.564176
  8  14 1.661685
  8 134 1.758388
  8 254 1.855092
  9 119 1.952601
  9 240 2.050110
 10 105 2.147619
 10 226 2.245128
 11  88 2.340220
 11 207 2.436117
 12  70 2.532015
 12 189 2.627912
 13  52 2.723810
 13 173 2.821319
 14  39 2.919634
