  0  24 0.019341
  0 139 0.112015
  1   1 0.207106
  1 122 0.304615
  1 243 0.402125
  2 108 0.499634
  2 229 0.597143
  3  91 0.692234
  3 210 0.788132
  4  73 0.884029
  4 194 0.981538
  5  59 1.079048
  5 178 1.174945
  6  44 1.273260
  6 166 1.371575
  7  33 1.470696
  7 151 1.565788
  8  16 1.663297
  8 135 1.759194
  8 254 1.855092
  9 118 1.951795
  9 238 2.048498
 10 104 2.146813
 10 226 2.245128
 11  89 2.341026
 11 208 2.436923
 12  71 2.532821
 12 189 2.627912
 13  52 2.723810
 13 172 2.820513
 14  37 2.918022
