  0  24 0.019341
  0 139 0.112015
  1   4 0.209524
  1 124 0.306227
  1 244 0.402930
  2 108 0.499634
  2 227 0.595531
  3  89 0.690623
  3 208 0.786520
  4  73 0.884029
  4 195 0.982344
  5  61 1.080659
  5 180 1.176557
  6  44 1.273260
  6 165 1.370769
  7  30 1.468278
  7 149 1.564176
  8  14 1.661685
  8 136 1.760000
  9   0 1.856703
  9 120 1.953407
  9 239 2.049304
 10 104 2.146813
 10 224 2.243516
 11  87 2.339414
 11 207 2.436117
 12  70 2.532015
 12 190 2.628718
 13  54 2.725421
 13 174 2.822125
 14  38 2.918828
