  0  25 0.020147
  0 138 0.111209
  1   1 0.207106
  1 121 0.303810
  1 243 0.402125
  2 107 0.498828
  2 228 0.596337
  3  91 0.692234
  3 210 0.788132
  4  75 0.885641
  4 194 0.981538
  5  59 1.079048
  5 178 1.174945
  6  44 1.273260
  6 165 1.370769
  7  32 1.469890
  7 151 1.565788
  8  16 1.663297
  8 135 1.759194
  8 254 1.855092
  9 118 1.951795
  9 238 2.048498
 10 103 2.146007
 10 225 2.244322
 11  88 2.340220
 11 208 2.436923
 12  72 2.533626
 12 190 2.628718
 13  53 2.724615
 13 173 2.821319
 14  37 2.918022
