  0  23 0.018535
  0 138 0.111209
  1   2 0.207912
  1 122 0.304615
  1 245 0.403736
  2 109 0.500440
  2 228 0.596337
  3  90 0.691429
  3 209 0.787326
  4  73 0.884029
  4 194 0.981538
  5  59 1.079048
  5 179 1.175751
  6  47 1.275678
  6 166 1.371575
  7  32 1.469890
  7 150 1.564982
  8  14 1.661685
  8 134 1.758388
  8 254 1.855092
  9 118 1.951795
  9 239 2.049304
 10 105 2.147619
 10 226 2.245128
 11  89 2.341026
 11 208 2.436923
 12  71 2.532821
 12 189 2.627912
 13  52 2.723810
 13 173 2.821319
 14  38 2.918828
