  0  24 0.019341
  0 140 0.112821
  1   4 0.209524
  1 124 0.306227
  1 245 0.403736
  2 107 0.498828
  2 227 0.595531
  3  89 0.690623
  3 209 0.787326
  4  73 0.884029
  4 195 0.982344
  5  61 1.080659
  5 179 1.175751
  6  45 1.274066
  6 165 1.370769
  7  30 1.468278
  7 149 1.564176
  8  15 1.662491
  8 135 1.759194
  9   0 1.856703
  9 119 1.952601
  9 239 2.049304
 10 104 2.146813
 10 224 2.243516
 11  87 2.339414
 11 207 2.436117
 12  70 2.532015
 12 190 2.628718
 13  54 2.725421
 13 174 2.822125
 14  38 2.918828
