  0  38 0.030623
  0 153 0.123297
  1  18 0.220806
  1 141 0.319927
  2  10 0.420659
  2 133 0.519780
  3   0 0.618901
  3 122 0.717216
  3 245 0.816337
  4 114 0.917070
  4 238 1.016996
  5 104 1.115311
  5 226 1.213626
  6  96 1.315165
  6 219 1.414286
  7  88 1.515018
  7 215 1.617363
  8  81 1.715678
  8 204 1.814799
  9  72 1.914725
  9 193 2.012234
 10  61 2.112161
 10 185 2.212088
 11  53 2.312015
 11 176 2.411136
 12  45 2.511868
 12 166 2.609377
 13  33 2.708498
 13 154 2.806007
 14  21 2.905128
 14 145 3.005055
