  0  46 0.037070
  0 158 0.127326
  1  24 0.225641
  1 147 0.324762
  2  16 0.425495
  2 139 0.524615
  3   8 0.625348
  3 129 0.722857
  3 251 0.821172
  4 117 0.919487
  4 241 1.019414
  5 109 1.119341
  5 231 1.217656
  6 101 1.319194
  6 225 1.419121
  7  95 1.520659
  7 218 1.619780
  8  85 1.718901
  8 207 1.817216
  9  73 1.915531
  9 196 2.014652
 10  63 2.113773
 10 188 2.214505
 11  57 2.315238
 11 180 2.414359
 12  48 2.514286
 12 169 2.611795
 13  34 2.709304
 13 155 2.806813
 14  24 2.907546
 14 146 3.005861
