  0  43 0.034652
  0 156 0.125714
  1  21 0.223223
  1 145 0.323150
  2  15 0.424689
  2 138 0.523810
  3   7 0.624542
  3 127 0.721245
  3 249 0.819560
  4 115 0.917875
  4 239 1.017802
  5 107 1.117729
  5 229 1.216044
  6 100 1.318388
  6 224 1.418315
  7  95 1.520659
  7 216 1.618168
  8  83 1.717289
  8 205 1.815604
  9  72 1.914725
  9 194 2.013040
 10  62 2.112967
 10 187 2.213700
 11  57 2.315238
 11 180 2.414359
 12  47 2.513480
 12 167 2.610183
 13  32 2.707692
 13 155 2.806813
 14  22 2.905934
 14 145 3.005055
