  0  42 0.033846
  0 155 0.124908
  1  21 0.223223
  1 144 0.322344
  2  12 0.422271
  2 138 0.523810
  3   6 0.623736
  3 127 0.721245
  3 249 0.819560
  4 116 0.918681
  4 239 1.017802
  5 107 1.117729
  5 229 1.216044
  6  98 1.316777
  6 222 1.416703
  7  92 1.518242
  7 216 1.618168
  8  80 1.714872
  8 206 1.816410
  9  73 1.915531
  9 194 2.013040
 10  54 2.106520
 10 186 2.212894
 11  56 2.314432
 11 179 2.413553
 12  46 2.512674
 12 168 2.610989
 13  34 2.709304
 13 155 2.806813
 14  22 2.905934
 14 145 3.005055
