  0  42 0.033846
  0 155 0.124908
  1  21 0.223223
  1 144 0.322344
  2  14 0.423883
  2 137 0.523004
  3   5 0.622930
  3 127 0.721245
  3 249 0.819560
  4 115 0.917875
  4 238 1.016996
  5 106 1.116923
  5 229 1.216044
  6  98 1.316777
  6 222 1.416703
  7  93 1.519048
  7 215 1.617363
  8  84 1.718095
  8 206 1.816410
  9  72 1.914725
  9 194 2.013040
 10  62 2.112967
 10 186 2.212894
 11  54 2.312821
 11 178 2.412747
 12  45 2.511868
 12 168 2.610989
 13  33 2.708498
 13 155 2.806813
 14  22 2.905934
 14 145 3.005055
