  0  42 0.033846
  0 157 0.126520
  1  23 0.224835
  1 146 0.323956
  2  14 0.423883
  2 136 0.522198
  3   3 0.621319
  3 123 0.718022
  3 247 0.817949
  4 115 0.917875
  4 240 1.018608
  5 109 1.119341
  5 231 1.217656
  6  98 1.316777
  6 221 1.415897
  7  91 1.517436
  7 212 1.614945
  8  80 1.714872
  8 205 1.815604
  9  74 1.916337
  9 198 2.016264
 10  65 2.115385
 10 187 2.213700
 11  55 2.313626
 11 177 2.411941
 12  44 2.511062
 12 165 2.608571
 13  32 2.707692
 13 156 2.807619
 14  24 2.907546
 14 147 3.006667
