  0  43 0.034652
  0 155 0.124908
  1  20 0.222418
  1 143 0.321538
  2  12 0.422271
  2 135 0.521392
  3   3 0.621319
  3 124 0.718828
  3 249 0.819560
  4 117 0.919487
  4 239 1.017802
  5 106 1.116923
  5 228 1.215238
  6  97 1.315971
  6 220 1.415092
  7  91 1.517436
  7 213 1.615751
  8  83 1.717289
  8 207 1.817216
  9  74 1.916337
  9 195 2.013846
 10  62 2.112967
 10 185 2.212088
 11  54 2.312821
 11 176 2.411136
 12  45 2.511868
 12 168 2.610989
 13  35 2.710110
 13 156 2.807619
 14  23 2.906740
 14 145 3.005055
