  0  41 0.033040
  0 155 0.124908
  1  22 0.224029
  1 145 0.323150
  2  13 0.423077
  2 135 0.521392
  3   2 0.620513
  3 123 0.718022
  3 245 0.816337
  4 114 0.917070
  4 238 1.016996
  5 108 1.118535
  5 231 1.217656
  6 100 1.318388
  6 222 1.416703
  7  91 1.517436
  7 212 1.614945
  8  80 1.714872
  8 203 1.813993
  9  71 1.913919
  9 195 2.013846
 10  64 2.114579
 10 188 2.214505
 11  57 2.315238
 11 177 2.411941
 12  43 2.510256
 12 165 2.608571
 13  32 2.707692
 13 154 2.806007
 14  22 2.905934
 14 146 3.005861
