  0  42 0.033846
  0 155 0.124908
  1  21 0.223223
  1 145 0.323150
  2  14 0.423883
  2 139 0.524615
  3   6 0.623736
  3 128 0.722051
  3 250 0.820366
  4 116 0.918681
  4 239 1.017802
  5 107 1.117729
  5 230 1.216850
  6  98 1.316777
  6 223 1.417509
  7  94 1.519853
  7 216 1.618168
  8  84 1.718095
  8 206 1.816410
  9  72 1.914725
  9 194 2.013040
 10  62 2.112967
 10 186 2.212894
 11  55 2.313626
 11 179 2.413553
 12  47 2.513480
 12 169 2.611795
 13  33 2.708498
 13 155 2.806813
 14  22 2.905934
 14 145 3.005055
