  0  40 0.032234
  0 153 0.123297
  1  19 0.221612
  1 144 0.322344
  2  15 0.424689
  2 138 0.523810
  3   5 0.622930
  3 126 0.720440
  3 247 0.817949
  4 114 0.917070
  4 237 1.016190
  5 106 1.116923
  5 228 1.215238
  6  98 1.316777
  6 224 1.418315
  7  94 1.519853
  7 215 1.617363
  8  82 1.716484
  8 204 1.814799
  9  71 1.913919
  9 194 2.013040
 10  60 2.111355
 10 186 2.212894
 11  56 2.314432
 11 180 2.414359
 12  46 2.512674
 12 167 2.610183
 13  32 2.707692
 13 154 2.806007
 14  22 2.905934
 14 144 3.004249
