  0  12 0.009670
  0  97 0.078168
  0 182 0.146667
  1  12 0.215971
  1  98 0.285275
  1 184 0.354579
  2  14 0.423883
  2  99 0.492381
  2 185 0.561685
  3  14 0.630183
  3 100 0.699487
  3 186 0.768791
  4  15 0.837289
  4 101 0.906593
  4 188 0.976703
  5  19 1.046813
  5 105 1.116117
  5 191 1.185421
  6  22 1.255531
  6 107 1.324029
  6 192 1.392527
  7  21 1.461026
  7 107 1.530330
  7 193 1.599634
  8  24 1.669744
  8 109 1.738242
  8 194 1.806740
  9  23 1.875238
  9 108 1.943736
  9 193 2.012234
 10  23 2.081538
