  0  13 0.010476
  0  98 0.078974
  0 183 0.147473
  1  14 0.217582
  1 100 0.286886
  1 185 0.355385
  2  14 0.423883
  2  98 0.491575
  2 183 0.560073
  3  13 0.629377
  3 100 0.699487
  3 187 0.769597
  4  17 0.838901
  4 103 0.908205
  4 188 0.976703
  5  19 1.046813
  5 104 1.115311
  5 190 1.184615
  6  21 1.254725
  6 107 1.324029
  6 192 1.392527
  7  23 1.462637
  7 109 1.531941
  7 194 1.600440
  8  24 1.669744
  8 108 1.737436
  8 193 1.805934
  9  22 1.874432
  9 107 1.942930
  9 194 2.013040
 10  24 2.082344
