  0  12 0.009670
  0  97 0.078168
  0 183 0.147473
  1  13 0.216777
  1 100 0.286886
  1 184 0.354579
  2  15 0.424689
  2  99 0.492381
  2 184 0.560879
  3  13 0.629377
  3 100 0.699487
  3 186 0.768791
  4  16 0.838095
  4 103 0.908205
  4 189 0.977509
  5  20 1.047619
  5 105 1.116117
  5 191 1.185421
  6  21 1.254725
  6 107 1.324029
  6 192 1.392527
  7  21 1.461026
  7 108 1.531136
  7 195 1.601245
  8  24 1.669744
  8 109 1.738242
  8 195 1.807546
  9  23 1.875238
  9 107 1.942930
  9 193 2.012234
 10  23 2.081538
