  0  14 0.011282
  0  98 0.078974
  0 183 0.147473
  1  12 0.215971
  1  99 0.286081
  1 184 0.354579
  2  13 0.423077
  2  98 0.491575
  2 184 0.560879
  3  14 0.630183
  3 101 0.700293
  3 187 0.769597
  4  16 0.838095
  4 102 0.907399
  4 188 0.976703
  5  19 1.046813
  5 104 1.115311
  5 190 1.184615
  6  22 1.255531
  6 107 1.324029
  6 192 1.392527
  7  22 1.461832
  7 108 1.531136
  7 193 1.599634
  8  23 1.668938
  8 108 1.737436
  8 193 1.805934
  9  23 1.875238
  9 107 1.942930
  9 194 2.013040
 10  24 2.082344
