  0  13 0.010476
  0  98 0.078974
  0 183 0.147473
  1  13 0.216777
  1  99 0.286081
  1 185 0.355385
  2  14 0.423883
  2  98 0.491575
  2 184 0.560879
  3  13 0.629377
  3 100 0.699487
  3 187 0.769597
  4  17 0.838901
  4 102 0.907399
  4 188 0.976703
  5  20 1.047619
  5 104 1.115311
  5 190 1.184615
  6  21 1.254725
  6 106 1.323223
  6 192 1.392527
  7  22 1.461832
  7 109 1.531941
  7 194 1.600440
  8  24 1.669744
  8 108 1.737436
  8 193 1.805934
  9  22 1.874432
  9 107 1.942930
  9 193 2.012234
 10  24 2.082344
