  0  12 0.009670
  0  99 0.079780
  0 183 0.147473
  1  13 0.216777
  1  99 0.286081
  1 185 0.355385
  2  14 0.423883
  2  98 0.491575
  2 183 0.560073
  3  13 0.629377
  3 100 0.699487
  3 186 0.768791
  4  17 0.838901
  4 103 0.908205
  4 189 0.977509
  5  20 1.047619
  5 104 1.115311
  5 190 1.184615
  6  21 1.254725
  6 107 1.324029
  6 192 1.392527
  7  23 1.462637
  7 109 1.531941
  7 195 1.601245
  8  24 1.669744
  8 109 1.738242
  8 193 1.805934
  9  23 1.875238
  9 107 1.942930
  9 192 2.011429
 10  23 2.081538
