  0  13 0.010476
  0  99 0.079780
  0 183 0.147473
  1  13 0.216777
  1  99 0.286081
  1 184 0.354579
  2  14 0.423883
  2  98 0.491575
  2 183 0.560073
  3  13 0.629377
  3 100 0.699487
  3 187 0.769597
  4  17 0.838901
  4 103 0.908205
  4 188 0.976703
  5  19 1.046813
  5 104 1.115311
  5 190 1.184615
  6  21 1.254725
  6 106 1.323223
  6 192 1.392527
  7  22 1.461832
  7 108 1.531136
  7 195 1.601245
  8  24 1.669744
  8 108 1.737436
  8 193 1.805934
  9  22 1.874432
  9 108 1.943736
  9 193 2.012234
 10  23 2.081538
