  0  13 0.010476
  0  97 0.078168
  0 183 0.147473
  1  13 0.216777
  1  99 0.286081
  1 185 0.355385
  2  14 0.423883
  2  98 0.491575
  2 183 0.560073
  3  13 0.629377
  3 100 0.699487
  3 186 0.768791
  4  16 0.838095
  4 103 0.908205
  4 188 0.976703
  5  20 1.047619
  5 105 1.116117
  5 190 1.184615
  6  21 1.254725
  6 106 1.323223
  6 192 1.392527
  7  22 1.461832
  7 109 1.531941
  7 195 1.601245
  8  24 1.669744
  8 108 1.737436
  8 193 1.805934
  9  23 1.875238
  9 107 1.942930
  9 193 2.012234
 10  23 2.081538
