  0  12 0.009670
  0  96 0.077363
  0 182 0.146667
  1  13 0.216777
  1 100 0.286886
  1 185 0.355385
  2  15 0.424689
  2  98 0.491575
  2 184 0.560879
  3  13 0.629377
  3  99 0.698681
  3 185 0.767985
  4  16 0.838095
  4 102 0.907399
  4 188 0.976703
  5  20 1.047619
  5 105 1.116117
  5 191 1.185421
  6  21 1.254725
  6 107 1.324029
  6 192 1.392527
  7  21 1.461026
  7 108 1.531136
  7 194 1.600440
  8  24 1.669744
  8 109 1.738242
  8 194 1.806740
  9  23 1.875238
  9 108 1.943736
  9 193 2.012234
 10  23 2.081538
