  0  14 0.011282
  0  99 0.079780
  0 183 0.147473
  1  13 0.216777
  1  99 0.286081
  1 184 0.354579
  2  16 0.425495
  2 100 0.493187
  2 186 0.562491
  3  16 0.631795
  3 102 0.701099
  3 187 0.769597
  4  17 0.838901
  4 103 0.908205
  4 189 0.977509
  5  20 1.047619
  5 105 1.116117
  5 192 1.186227
  6  22 1.255531
  6 109 1.325641
  6 194 1.394139
  7  24 1.463443
  7 109 1.531941
  7 195 1.601245
  8  24 1.669744
  8 109 1.738242
  8 194 1.806740
  9  24 1.876044
  9 109 1.944542
  9 196 2.014652
 10  26 2.083956
