  0   3 0.002418
  0   6 0.004835
  0  10 0.008059
  0  13 0.010476
  0  17 0.013700
  0  21 0.016923
  0  24 0.019341
  0  28 0.022564
  0  32 0.025788
  0  35 0.028205
  0  39 0.031429
  0  42 0.033846
  0  46 0.037070
  0  50 0.040293
  0  53 0.042711
  0  57 0.045934
  0  61 0.049158
  0  64 0.051575
  0  68 0.054799
  0  72 0.058022
  0  75 0.060440
  0  78 0.062857
  0  83 0.066886
  0  86 0.069304
  0  90 0.072527
  0  94 0.075751
  0  97 0.078168
  0 100 0.080586
  0 105 0.084615
  0 108 0.087033
  0 111 0.089451
