  0   3 0.002418
  0   7 0.005641
  0  10 0.008059
  0  13 0.010476
  0  17 0.013700
  0  20 0.016117
  0  24 0.019341
  0  27 0.021758
  0  31 0.024982
  0  35 0.028205
  0  39 0.031429
  0  43 0.034652
  0  47 0.037875
  0  50 0.040293
  0  53 0.042711
  0  57 0.045934
  0  61 0.049158
  0  64 0.051575
  0  68 0.054799
  0  71 0.057216
  0  75 0.060440
  0  79 0.063663
  0  83 0.066886
  0  86 0.069304
  0  90 0.072527
  0  93 0.074945
  0  97 0.078168
  0 100 0.080586
  0 104 0.083810
  0 108 0.087033
  0 111 0.089451
