  0   3 0.002418
  0   6 0.004835
  0  10 0.008059
  0  13 0.010476
  0  17 0.013700
  0  21 0.016923
  0  25 0.020147
  0  28 0.022564
  0  32 0.025788
  0  35 0.028205
  0  39 0.031429
  0  42 0.033846
  0  46 0.037070
  0  49 0.039487
  0  53 0.042711
  0  57 0.045934
  0  61 0.049158
  0  64 0.051575
  0  67 0.053993
  0  71 0.057216
  0  75 0.060440
  0  78 0.062857
  0  82 0.066081
  0  86 0.069304
  0  90 0.072527
  0  93 0.074945
  0  97 0.078168
  0 101 0.081392
  0 104 0.083810
  0 108 0.087033
  0 111 0.089451
