  0   3 0.002418
  0   7 0.005641
  0  10 0.008059
  0  13 0.010476
  0  17 0.013700
  0  21 0.016923
  0  24 0.019341
  0  27 0.021758
  0  31 0.024982
  0  35 0.028205
  0  39 0.031429
  0  43 0.034652
  0  46 0.037070
  0  50 0.040293
  0  53 0.042711
  0  57 0.045934
  0  60 0.048352
  0  64 0.051575
  0  67 0.053993
  0  72 0.058022
  0  75 0.060440
  0  79 0.063663
  0  83 0.066886
  0  86 0.069304
  0  89 0.071722
  0  93 0.074945
  0  97 0.078168
  0 100 0.080586
  0 104 0.083810
  0 107 0.086227
  0 111 0.089451
