  0   1 0.000806
  0  81 0.065275
  0 161 0.129744
  0 241 0.194212
  1  66 0.259487
  1 145 0.323150
  1 224 0.386813
  2  47 0.450476
  2 126 0.514139
  2 205 0.577802
  3  30 0.643077
  3 110 0.707546
  3 189 0.771209
  4  14 0.836484
  4  94 0.900952
  4 175 0.966227
  4 254 1.029890
  5  78 1.094359
  5 158 1.158828
  5 237 1.222491
  6  62 1.287766
  6 141 1.351429
  6 222 1.416703
  7  47 1.481978
  7 125 1.544835
  7 205 1.609304
  8  29 1.673773
  8 107 1.736630
  8 186 1.800293
  9  10 1.864762
  9  89 1.928425
