  0   1 0.000806
  0  81 0.065275
  0 160 0.128938
  0 239 0.192601
  1  64 0.257875
  1 144 0.322344
  1 224 0.386813
  2  46 0.449670
  2 126 0.514139
  2 205 0.577802
  3  29 0.642271
  3 110 0.707546
  3 189 0.771209
  4  13 0.835678
  4  94 0.900952
  4 175 0.966227
  4 254 1.029890
  5  80 1.095971
  5 159 1.159634
  5 238 1.223297
  6  58 1.284542
  6 142 1.352234
  6 222 1.416703
  7  47 1.481978
  7 125 1.544835
  7 204 1.608498
  8  27 1.672161
  8 107 1.736630
  8 186 1.800293
  9  10 1.864762
  9  90 1.929231
