  0   1 0.000806
  0  81 0.065275
  0 160 0.128938
  0 240 0.193407
  1  64 0.257875
  1 144 0.322344
  1 223 0.386007
  2  46 0.449670
  2 126 0.514139
  2 206 0.578608
  3  30 0.643077
  3 110 0.707546
  3 189 0.771209
  4  14 0.836484
  4  94 0.900952
  4 174 0.965421
  4 253 1.029084
  5  78 1.094359
  5 158 1.158828
  5 238 1.223297
  6  62 1.287766
  6 142 1.352234
  6 221 1.415897
  7  46 1.481172
  7 125 1.544835
  7 205 1.609304
  8  27 1.672161
  8 107 1.736630
  8 186 1.800293
  9  10 1.864762
  9  90 1.929231
