  0   1 0.000806
  0  81 0.065275
  0 160 0.128938
  0 239 0.192601
  1  65 0.258681
  1 144 0.322344
  1 223 0.386007
  2  46 0.449670
  2 126 0.514139
  2 205 0.577802
  3  30 0.643077
  3 111 0.708352
  3 189 0.771209
  4  14 0.836484
  4  94 0.900952
  4 175 0.966227
  4 254 1.029890
  5  78 1.094359
  5 157 1.158022
  5 238 1.223297
  6  62 1.287766
  6 142 1.352234
  6 222 1.416703
  7  47 1.481978
  7 124 1.544029
  7 204 1.608498
  8  28 1.672967
  8 107 1.736630
  8 186 1.800293
  9   9 1.863956
  9  89 1.928425
