  0   1 0.000806
  0  81 0.065275
  0 160 0.128938
  0 240 0.193407
  1  65 0.258681
  1 144 0.322344
  1 223 0.386007
  2  47 0.450476
  2 126 0.514139
  2 205 0.577802
  3  29 0.642271
  3 110 0.707546
  3 189 0.771209
  4  14 0.836484
  4  93 0.900147
  4 175 0.966227
  4 254 1.029890
  5  79 1.095165
  5 159 1.159634
  5 239 1.224103
  6  62 1.287766
  6 142 1.352234
  6 222 1.416703
  7  46 1.481172
  7 125 1.544835
  7 204 1.608498
  8  27 1.672161
  8 107 1.736630
  8 186 1.800293
  9   9 1.863956
  9  90 1.929231
