  0   0 0.000000
  0  81 0.065275
  0 160 0.128938
  0 240 0.193407
  1  65 0.258681
  1 144 0.322344
  1 223 0.386007
  2  46 0.449670
  2 125 0.513333
  2 205 0.577802
  3  29 0.642271
  3 110 0.707546
  3 189 0.771209
  4  14 0.836484
  4  94 0.900952
  4 175 0.966227
  4 254 1.029890
  5  78 1.094359
  5 158 1.158828
  5 237 1.222491
  6  62 1.287766
  6 141 1.351429
  6 221 1.415897
  7  46 1.481172
  7 125 1.544835
  7 205 1.609304
  8  28 1.672967
  8 107 1.736630
  8 186 1.800293
  9   9 1.863956
  9  89 1.928425
