  0  30 0.024176
  0  39 0.031429
  0  61 0.049158
  0  84 0.067692
  0 106 0.085421
  0 128 0.103150
  0 151 0.121685
  0 173 0.139414
  0 199 0.160366
  0 222 0.178901
  0 244 0.196630
  1  11 0.215165
  1  33 0.232894
  1  54 0.249817
  1  76 0.267546
  1  99 0.286081
  1 121 0.303810
  1 144 0.322344
  1 166 0.340073
  1 193 0.361832
  1 215 0.379560
  1 237 0.397289
  2   5 0.416630
  2  27 0.434359
  2  50 0.452894
  2  70 0.469011
  2  92 0.486740
  2 115 0.505275
  2 137 0.523004
  2 159 0.540733
  2 185 0.561685
