  0  30 0.024176
  0  39 0.031429
  0  61 0.049158
  0  83 0.066886
  0 107 0.086227
  0 129 0.103956
  0 152 0.122491
  0 174 0.140220
  0 199 0.160366
  0 221 0.178095
  0 244 0.196630
  1  11 0.215165
  1  33 0.232894
  1  54 0.249817
  1  76 0.267546
  1 100 0.286886
  1 122 0.304615
  1 145 0.323150
  1 168 0.341685
  1 193 0.361832
  1 215 0.379560
  1 238 0.398095
  2   5 0.416630
  2  28 0.435165
  2  48 0.451282
  2  70 0.469011
  2  93 0.487546
  2 115 0.505275
  2 137 0.523004
  2 160 0.541538
  2 185 0.561685
