  0  25 0.020147
  0  39 0.031429
  0  61 0.049158
  0  83 0.066886
  0 106 0.085421
  0 128 0.103150
  0 151 0.121685
  0 173 0.139414
  0 199 0.160366
  0 222 0.178901
  0 245 0.197436
  1  11 0.215165
  1  34 0.233700
  1  54 0.249817
  1  76 0.267546
  1  99 0.286081
  1 121 0.303810
  1 144 0.322344
  1 167 0.340879
  1 193 0.361832
  1 215 0.379560
  1 238 0.398095
  2   5 0.416630
  2  28 0.435165
  2  47 0.450476
  2  70 0.469011
  2  94 0.488352
  2 115 0.505275
  2 137 0.523004
  2 160 0.541538
  2 186 0.562491
