  0  25 0.020147
  0  39 0.031429
  0  61 0.049158
  0  83 0.066886
  0 106 0.085421
  0 130 0.104762
  0 151 0.121685
  0 173 0.139414
  0 199 0.160366
  0 221 0.178095
  0 244 0.196630
  1  11 0.215165
  1  33 0.232894
  1  54 0.249817
  1  76 0.267546
  1 100 0.286886
  1 122 0.304615
  1 144 0.322344
  1 165 0.339267
  1 192 0.361026
  1 215 0.379560
  1 237 0.397289
  2   5 0.416630
  2  27 0.434359
  2  50 0.452894
  2  71 0.469817
  2  93 0.487546
  2 115 0.505275
  2 137 0.523004
  2 160 0.541538
  2 186 0.562491
