  0  25 0.020147
  0  39 0.031429
  0  61 0.049158
  0  84 0.067692
  0 107 0.086227
  0 129 0.103956
  0 151 0.121685
  0 172 0.138608
  0 198 0.159560
  0 221 0.178095
  0 245 0.197436
  1  11 0.215165
  1  34 0.233700
  1  54 0.249817
  1  77 0.268352
  1  99 0.286081
  1 121 0.303810
  1 144 0.322344
  1 166 0.340073
  1 192 0.361026
  1 215 0.379560
  1 238 0.398095
  2   5 0.416630
  2  28 0.435165
  2  48 0.451282
  2  70 0.469011
  2  92 0.486740
  2 114 0.504469
  2 136 0.522198
  2 159 0.540733
  2 185 0.561685
