  0  25 0.020147
  0  39 0.031429
  0  62 0.049963
  0  84 0.067692
  0 107 0.086227
  0 129 0.103956
  0 150 0.120879
  0 172 0.138608
  0 199 0.160366
  0 221 0.178095
  0 244 0.196630
  1  11 0.215165
  1  34 0.233700
  1  54 0.249817
  1  77 0.268352
  1  99 0.286081
  1 122 0.304615
  1 144 0.322344
  1 167 0.340879
  1 193 0.361832
  1 215 0.379560
  1 238 0.398095
  2   5 0.416630
  2  28 0.435165
  2  48 0.451282
  2  70 0.469011
  2  93 0.487546
  2 115 0.505275
  2 137 0.523004
  2 159 0.540733
  2 185 0.561685
