  0  25 0.020147
  0  39 0.031429
  0  61 0.049158
  0  84 0.067692
  0 106 0.085421
  0 128 0.103150
  0 150 0.120879
  0 172 0.138608
  0 199 0.160366
  0 221 0.178095
  0 244 0.196630
  1  11 0.215165
  1  33 0.232894
  1  54 0.249817
  1  76 0.267546
  1  99 0.286081
  1 121 0.303810
  1 144 0.322344
  1 166 0.340073
  1 193 0.361832
  1 215 0.379560
  1 238 0.398095
  2   5 0.416630
  2  28 0.435165
  2  47 0.450476
  2  69 0.468205
  2  92 0.486740
  2 114 0.504469
  2 136 0.522198
  2 159 0.540733
  2 185 0.561685
