  0  24 0.019341
  0  40 0.032234
  0  61 0.049158
  0  84 0.067692
  0 106 0.085421
  0 129 0.103956
  0 151 0.121685
  0 173 0.139414
  0 200 0.161172
  0 221 0.178095
  0 243 0.195824
  1  11 0.215165
  1  33 0.232894
  1  54 0.249817
  1  77 0.268352
  1 100 0.286886
  1 122 0.304615
  1 144 0.322344
  1 167 0.340879
  1 193 0.361832
  1 214 0.378755
  1 237 0.397289
  2   5 0.416630
  2  28 0.435165
  2  48 0.451282
  2  70 0.469011
  2  93 0.487546
  2 115 0.505275
  2 137 0.523004
  2 159 0.540733
  2 186 0.562491
