  0  13 0.010476
  0  74 0.059634
  0 136 0.109597
  0 198 0.159560
  1   4 0.209524
  1  64 0.257875
  1 125 0.307033
  1 185 0.355385
  1 245 0.403736
  2  51 0.453700
  2 112 0.502857
  2 174 0.552821
  2 234 0.601172
  3  40 0.651136
  3 102 0.701099
  3 165 0.751868
  3 226 0.801026
  4  33 0.851795
  4  94 0.900952
  4 155 0.950110
  4 215 0.998462
  5  20 1.047619
  5  82 1.097582
  5 143 1.146740
  5 202 1.194286
  6   8 1.244249
  6  67 1.291795
  6 128 1.340952
  6 189 1.390110
  6 252 1.440879
  7  58 1.490842
