  0  13 0.010476
  0  74 0.059634
  0 136 0.109597
  0 197 0.158755
  1   3 0.208718
  1  64 0.257875
  1 125 0.307033
  1 184 0.354579
  1 245 0.403736
  2  51 0.453700
  2 112 0.502857
  2 174 0.552821
  2 234 0.601172
  3  40 0.651136
  3 102 0.701099
  3 165 0.751868
  3 226 0.801026
  4  32 0.850989
  4  94 0.900952
  4 155 0.950110
  4 215 0.998462
  5  20 1.047619
  5  81 1.096777
  5 142 1.145934
  5 202 1.194286
  6   7 1.243443
  6  68 1.292601
  6 129 1.341758
  6 189 1.390110
  6 252 1.440879
  7  58 1.490842
