  0  13 0.010476
  0  74 0.059634
  0 135 0.108791
  0 197 0.158755
  1   3 0.208718
  1  64 0.257875
  1 125 0.307033
  1 184 0.354579
  1 245 0.403736
  2  52 0.454505
  2 113 0.503663
  2 174 0.552821
  2 234 0.601172
  3  40 0.651136
  3 102 0.701099
  3 165 0.751868
  3 226 0.801026
  4  32 0.850989
  4  93 0.900147
  4 154 0.949304
  4 215 0.998462
  5  20 1.047619
  5  81 1.096777
  5 142 1.145934
  5 202 1.194286
  6   8 1.244249
  6  68 1.292601
  6 128 1.340952
  6 190 1.390916
  6 251 1.440073
  7  58 1.490842
