  0  12 0.009670
  0  74 0.059634
  0 134 0.107985
  0 197 0.158755
  1   3 0.208718
  1  64 0.257875
  1 125 0.307033
  1 184 0.354579
  1 245 0.403736
  2  51 0.453700
  2 112 0.502857
  2 174 0.552821
  2 235 0.601978
  3  41 0.651941
  3 102 0.701099
  3 165 0.751868
  3 226 0.801026
  4  32 0.850989
  4  93 0.900147
  4 154 0.949304
  4 215 0.998462
  5  20 1.047619
  5  81 1.096777
  5 143 1.146740
  5 203 1.195092
  6   8 1.244249
  6  68 1.292601
  6 129 1.341758
  6 190 1.390916
  6 252 1.440879
  7  58 1.490842
