  0  14 0.011282
  0  75 0.060440
  0 136 0.109597
  0 197 0.158755
  1   3 0.208718
  1  63 0.257070
  1 124 0.306227
  1 184 0.354579
  1 245 0.403736
  2  50 0.452894
  2 113 0.503663
  2 174 0.552821
  2 235 0.601978
  3  42 0.652747
  3 103 0.701905
  3 166 0.752674
  3 226 0.801026
  4  32 0.850989
  4  93 0.900147
  4 154 0.949304
  4 215 0.998462
  5  20 1.047619
  5  81 1.096777
  5 142 1.145934
  5 203 1.195092
  6   8 1.244249
  6  69 1.293407
  6 130 1.342564
  6 191 1.391722
  6 252 1.440879
  7  58 1.490842
