  0  11 0.008864
  0  73 0.058828
  0 134 0.107985
  0 195 0.157143
  1   2 0.207912
  1  64 0.257875
  1 125 0.307033
  1 185 0.355385
  1 245 0.403736
  2  52 0.454505
  2 112 0.502857
  2 173 0.552015
  2 234 0.601172
  3  40 0.651136
  3 101 0.700293
  3 164 0.751062
  3 225 0.800220
  4  32 0.850989
  4  93 0.900147
  4 155 0.950110
  4 215 0.998462
  5  20 1.047619
  5  82 1.097582
  5 142 1.145934
  5 203 1.195092
  6   8 1.244249
  6  67 1.291795
  6 128 1.340952
  6 189 1.390110
  6 250 1.439267
  7  57 1.490037
