  0  13 0.010476
  0  74 0.059634
  0 135 0.108791
  0 196 0.157949
  1   2 0.207912
  1  63 0.257070
  1 124 0.306227
  1 184 0.354579
  1 245 0.403736
  2  51 0.453700
  2 113 0.503663
  2 175 0.553626
  2 234 0.601172
  3  41 0.651941
  3 103 0.701905
  3 165 0.751868
  3 226 0.801026
  4  31 0.850183
  4  93 0.900147
  4 154 0.949304
  4 214 0.997656
  5  20 1.047619
  5  81 1.096777
  5 142 1.145934
  5 203 1.195092
  6   9 1.245055
  6  69 1.293407
  6 129 1.341758
  6 190 1.390916
  6 251 1.440073
  7  57 1.490037
