  0  13 0.010476
  0  74 0.059634
  0 135 0.108791
  0 196 0.157949
  1   2 0.207912
  1  63 0.257070
  1 125 0.307033
  1 185 0.355385
  1 246 0.404542
  2  53 0.455311
  2 114 0.504469
  2 176 0.554432
  2 236 0.602784
  3  41 0.651941
  3 103 0.701905
  3 165 0.751868
  3 225 0.800220
  4  31 0.850183
  4  93 0.900147
  4 154 0.949304
  4 215 0.998462
  5  20 1.047619
  5  82 1.097582
  5 144 1.147546
  5 204 1.195897
  6   9 1.245055
  6  69 1.293407
  6 129 1.341758
  6 190 1.390916
  6 251 1.440073
  7  57 1.490037
