  0  13 0.010476
  0  74 0.059634
  0 135 0.108791
  0 196 0.157949
  1   3 0.208718
  1  64 0.257875
  1 124 0.306227
  1 184 0.354579
  1 245 0.403736
  2  50 0.452894
  2 112 0.502857
  2 173 0.552015
  2 234 0.601172
  3  40 0.651136
  3 102 0.701099
  3 165 0.751868
  3 226 0.801026
  4  32 0.850989
  4  93 0.900147
  4 154 0.949304
  4 214 0.997656
  5  19 1.046813
  5  81 1.096777
  5 142 1.145934
  5 202 1.194286
  6   7 1.243443
  6  67 1.291795
  6 128 1.340952
  6 189 1.390110
  6 251 1.440073
  7  57 1.490037
