  0  13 0.010476
  0  73 0.058828
  0 134 0.107985
  0 196 0.157949
  1   1 0.207106
  1  63 0.257070
  1 124 0.306227
  1 185 0.355385
  1 246 0.404542
  2  53 0.455311
  2 114 0.504469
  2 176 0.554432
  2 235 0.601978
  3  41 0.651941
  3 102 0.701099
  3 164 0.751062
  3 225 0.800220
  4  31 0.850183
  4  93 0.900147
  4 154 0.949304
  4 215 0.998462
  5  21 1.048425
  5  83 1.098388
  5 144 1.147546
  5 204 1.195897
  6   9 1.245055
  6  69 1.293407
  6 129 1.341758
  6 189 1.390110
  6 251 1.440073
  7  57 1.490037
