  0  95 0.076557
  0 128 0.103150
  0 163 0.131355
  0 197 0.158755
  0 226 0.182125
  1   2 0.207912
  1  36 0.235311
  1  66 0.259487
  1 100 0.286886
  1 133 0.313480
  1 166 0.340073
  1 200 0.367473
  1 236 0.396484
  2  12 0.422271
  2  43 0.447253
  2  77 0.474652
  2 109 0.500440
  2 141 0.526227
  2 174 0.552821
  2 207 0.579414
  2 243 0.608425
  3  20 0.635018
  3  54 0.662418
  3  87 0.689011
  3 117 0.713187
  3 149 0.738974
  3 182 0.765568
  3 214 0.791355
  3 247 0.817949
  4  25 0.845348
  4  59 0.872747
  4  94 0.900952
  4 127 0.927546
  4 158 0.952527
  4 190 0.978315
  4 223 1.004908
  5   0 1.031502
  5  34 1.058901
  5  67 1.085495
  5 102 1.113700
  5 137 1.141905
  5 172 1.170110
  5 203 1.195092
  5 234 1.220073
  6  10 1.245861
  6  43 1.272454
  6  76 1.299048
  6 109 1.325641
  6 144 1.353846
  6 177 1.380440
  6 211 1.407839
  6 243 1.433626
  7  19 1.459414
  7  51 1.485201
  7  84 1.511795
  7 117 1.538388
  7 149 1.564176
  7 184 1.592381
  7 217 1.618974
  7 252 1.647179
  8  29 1.673773
  8  60 1.698755
  8  92 1.724542
  8 125 1.751136
  8 157 1.776923
  8 190 1.803516
  8 223 1.830110
  9   1 1.857509
  9  36 1.885714
  9  69 1.912308
  9 101 1.938095
  9 132 1.963077
  9 164 1.988864
  9 196 2.014652
  9 229 2.041245
 10   6 2.067839
 10  41 2.096044
 10  75 2.123443
 10 108 2.150037
 10 141 2.176630
 10 173 2.202418
 10 204 2.227399
 10 237 2.253993
 11  14 2.280586
 11  47 2.307179
 11  81 2.334579
 11 115 2.361978
 11 150 2.390183
 11 184 2.417582
 11 210 2.438535
 11 199 2.429670
 11 212 2.440147
