  0  92 0.074139
  0 124 0.099927
  0 160 0.128938
  0 194 0.156337
  0 225 0.181319
  1   2 0.207912
  1  33 0.232894
  1  64 0.257875
  1  98 0.285275
  1 130 0.311062
  1 162 0.336850
  1 199 0.366667
  1 233 0.394066
  2  11 0.421465
  2  45 0.448864
  2  76 0.473846
  2 108 0.499634
  2 142 0.527033
  2 173 0.552015
  2 205 0.577802
  2 240 0.606007
  3  17 0.632601
  3  52 0.660806
  3  86 0.688205
  3 115 0.711575
  3 148 0.738168
  3 180 0.763956
  3 212 0.789744
  3 245 0.816337
  4  23 0.843736
  4  57 0.871136
  4  92 0.899341
  4 126 0.926740
  4 160 0.954139
  4 191 0.979121
  4 223 1.004908
  4 255 1.030696
  5  33 1.058095
  5  65 1.083883
  5 100 1.112088
  5 135 1.140293
  5 170 1.168498
  5 202 1.194286
  5 233 1.219267
  6   9 1.245055
  6  42 1.271648
  6  75 1.298242
  6 108 1.324835
  6 140 1.350623
  6 175 1.378828
  6 211 1.407839
  6 244 1.434432
  7  20 1.460220
  7  51 1.485201
  7  84 1.511795
  7 116 1.537582
  7 149 1.564176
  7 182 1.590769
  7 215 1.617363
  7 250 1.645568
  8  29 1.673773
  8  61 1.699560
  8  93 1.725348
  8 125 1.751136
  8 157 1.776923
  8 190 1.803516
  8 222 1.829304
  8 254 1.855092
  9  34 1.884103
  9  69 1.912308
  9 102 1.938901
  9 133 1.963883
  9 165 1.989670
  9 197 2.015458
  9 229 2.041245
 10   6 2.067839
 10  39 2.094432
 10  73 2.121832
 10 107 2.149231
 10 141 2.176630
 10 174 2.203223
 10 206 2.229011
 10 237 2.253993
 11  14 2.280586
 11  47 2.307179
 11  80 2.333773
 11 114 2.361172
 11 148 2.388571
 11 183 2.416777
 11 212 2.440147
 11 204 2.433700
 11 215 2.442564
