  0  90 0.072527
  0 121 0.097509
  0 154 0.124103
  0 187 0.150696
  0 220 0.177289
  1   0 0.206300
  1  36 0.235311
  1  67 0.260293
  1 100 0.286886
  1 132 0.312674
  1 163 0.337656
  1 199 0.366667
  1 231 0.392454
  2   7 0.418242
  2  43 0.447253
  2  76 0.473846
  2 110 0.501245
  2 144 0.528645
  2 173 0.552015
  2 203 0.576190
  2 238 0.604396
  3  13 0.629377
  3  45 0.655165
  3  81 0.684176
  3 115 0.711575
  3 150 0.739780
  3 184 0.767179
  3 216 0.792967
  3 248 0.818755
  4  24 0.844542
  4  57 0.871136
  4  89 0.896923
  4 121 0.922711
  4 155 0.950110
  4 189 0.977509
  4 224 1.005714
  5   1 1.032308
  5  34 1.058901
  5  65 1.083883
  5  98 1.110476
  5 131 1.137070
  5 165 1.164469
  5 198 1.191062
  5 232 1.218462
  6  12 1.247473
  6  45 1.274066
  6  78 1.300659
  6 110 1.326447
  6 141 1.351429
  6 175 1.378828
  6 207 1.404615
  6 240 1.431209
  7  17 1.457802
  7  52 1.486007
  7  86 1.513407
  7 119 1.540000
  7 150 1.564982
  7 182 1.590769
  7 214 1.616557
  7 246 1.642344
  8  25 1.670549
  8  57 1.696337
  8  93 1.725348
  8 128 1.753553
  8 161 1.780147
  8 192 1.805128
  8 224 1.830916
  8 254 1.855092
  9  32 1.882491
  9  64 1.908278
  9  98 1.935678
  9 131 1.962271
  9 165 1.989670
  9 200 2.017875
  9 232 2.043663
 10   9 2.070256
 10  40 2.095238
 10  71 2.120220
 10 104 2.146813
 10 137 2.173407
 10 171 2.200806
 10 204 2.227399
 10 238 2.254799
 11  17 2.283004
 11  50 2.309597
 11  83 2.336190
 11 115 2.361978
 11 147 2.387766
 11 179 2.413553
 11 208 2.436923
 11 216 2.443370
 11 203 2.432894
