  0  91 0.073333
  0 121 0.097509
  0 155 0.124908
  0 190 0.153114
  0 222 0.178901
  1   1 0.207106
  1  37 0.236117
  1  65 0.258681
  1  97 0.284469
  1 130 0.311062
  1 161 0.336044
  1 196 0.364249
  1 228 0.390037
  2   6 0.417436
  2  42 0.446447
  2  76 0.473846
  2 108 0.499634
  2 142 0.527033
  2 172 0.551209
  2 204 0.576996
  2 238 0.604396
  3  14 0.630183
  3  47 0.656777
  3  81 0.684176
  3 115 0.711575
  3 150 0.739780
  3 181 0.764762
  3 213 0.790549
  3 245 0.816337
  4  23 0.843736
  4  55 0.869524
  4  87 0.895311
  4 121 0.922711
  4 155 0.950110
  4 190 0.978315
  4 224 1.005714
  5   1 1.032308
  5  33 1.058095
  5  65 1.083883
  5  97 1.109670
  5 131 1.137070
  5 165 1.164469
  5 198 1.191062
  5 233 1.219267
  6  11 1.246667
  6  44 1.273260
  6  77 1.299853
  6 108 1.324835
  6 140 1.350623
  6 172 1.376410
  6 205 1.403004
  6 239 1.430403
  7  17 1.457802
  7  52 1.486007
  7  86 1.513407
  7 118 1.539194
  7 150 1.564982
  7 182 1.590769
  7 213 1.615751
  7 246 1.642344
  8  24 1.669744
  8  57 1.696337
  8  93 1.725348
  8 127 1.752747
  8 160 1.779341
  8 192 1.805128
  8 223 1.830110
  8 254 1.855092
  9  31 1.881685
  9  64 1.908278
  9  97 1.934872
  9 131 1.962271
  9 165 1.989670
  9 199 2.017070
  9 231 2.042857
 10   8 2.069451
 10  39 2.094432
 10  71 2.120220
 10 104 2.146813
 10 137 2.173407
 10 170 2.200000
 10 205 2.228205
 10 239 2.255604
 11  17 2.283004
 11  51 2.310403
 11  83 2.336190
 11 114 2.361172
 11 147 2.387766
 11 180 2.414359
 11 208 2.436923
 11 182 2.415971
 11 206 2.435311
