  0  88 0.070916
  0 119 0.095897
  0 155 0.124908
  0 190 0.153114
  0 223 0.179707
  0 254 0.204689
  1  32 0.232088
  1  62 0.256264
  1  96 0.283663
  1 129 0.310256
  1 161 0.336044
  1 196 0.364249
  1 230 0.391648
  2   8 0.419048
  2  43 0.447253
  2  74 0.472234
  2 105 0.497216
  2 138 0.523810
  2 169 0.548791
  2 202 0.575385
  2 236 0.602784
  3  13 0.629377
  3  48 0.657582
  3  82 0.684982
  3 115 0.711575
  3 149 0.738974
  3 180 0.763956
  3 212 0.789744
  3 244 0.815531
  4  22 0.842930
  4  54 0.868718
  4  88 0.896117
  4 121 0.922711
  4 155 0.950110
  4 189 0.977509
  4 223 1.004908
  4 254 1.029890
  5  31 1.056484
  5  63 1.082271
  5  97 1.109670
  5 131 1.137070
  5 164 1.163663
  5 199 1.191868
  5 233 1.219267
  6  11 1.246667
  6  44 1.273260
  6  75 1.298242
  6 107 1.324029
  6 139 1.349817
  6 172 1.376410
  6 206 1.403810
  6 240 1.431209
  7  18 1.458608
  7  52 1.486007
  7  83 1.510989
  7 116 1.537582
  7 148 1.563370
  7 181 1.589963
  7 213 1.615751
  7 247 1.643150
  8  24 1.669744
  8  58 1.697143
  8  93 1.725348
  8 128 1.753553
  8 159 1.778535
  8 191 1.804322
  8 222 1.829304
  8 253 1.854286
  9  31 1.881685
  9  64 1.908278
  9  98 1.935678
  9 131 1.962271
  9 166 1.990476
  9 199 2.017070
  9 231 2.042857
 10   7 2.068645
 10  39 2.094432
 10  70 2.119414
 10 103 2.146007
 10 136 2.172601
 10 170 2.200000
 10 204 2.227399
 10 238 2.254799
 11  17 2.283004
 11  52 2.311209
 11  81 2.334579
 11 114 2.361172
 11 147 2.387766
 11 180 2.414359
 11 207 2.436117
 11 199 2.429670
 11 211 2.439341
