  0  89 0.071722
  0 121 0.097509
  0 155 0.124908
  0 189 0.152308
  0 219 0.176484
  0 251 0.202271
  1  29 0.229670
  1  60 0.254652
  1  94 0.282051
  1 127 0.308645
  1 159 0.334432
  1 196 0.364249
  1 230 0.391648
  2   6 0.417436
  2  40 0.444835
  2  70 0.469011
  2 101 0.493993
  2 137 0.523004
  2 168 0.547985
  2 201 0.574579
  2 236 0.602784
  3  13 0.629377
  3  48 0.657582
  3  82 0.684982
  3 112 0.709158
  3 146 0.736557
  3 177 0.761538
  3 209 0.787326
  3 242 0.813919
  4  19 0.840513
  4  54 0.868718
  4  88 0.896117
  4 121 0.922711
  4 155 0.950110
  4 187 0.975897
  4 220 1.002491
  4 252 1.028278
  5  31 1.056484
  5  62 1.081465
  5  96 1.108864
  5 129 1.135458
  5 165 1.164469
  5 200 1.192674
  5 232 1.218462
  6   8 1.244249
  6  40 1.270037
  6  72 1.295824
  6 105 1.322418
  6 137 1.348205
  6 171 1.375604
  6 205 1.403004
  6 241 1.432015
  7  19 1.459414
  7  51 1.485201
  7  82 1.510183
  7 115 1.536777
  7 147 1.562564
  7 180 1.589158
  7 212 1.614945
  7 245 1.641538
  8  26 1.671355
  8  61 1.699560
  8  94 1.726154
  8 125 1.751136
  8 156 1.776117
  8 189 1.802711
  8 221 1.828498
  8 253 1.854286
  9  30 1.880879
  9  65 1.909084
  9 100 1.937289
  9 133 1.963883
  9 166 1.990476
  9 197 2.015458
  9 228 2.040440
 10   5 2.067033
 10  37 2.092821
 10  70 2.119414
 10 103 2.146007
 10 137 2.173407
 10 172 2.201612
 10 206 2.229011
 10 240 2.256410
 11  15 2.281392
 11  48 2.307985
 11  80 2.333773
 11 113 2.360366
 11 146 2.386960
 11 179 2.413553
 11 208 2.436923
 11 217 2.444176
 11 199 2.429670
