  0  84 0.067692
  0 115 0.092674
  0 148 0.119267
  0 182 0.146667
  0 212 0.170842
  0 244 0.196630
  1  21 0.223223
  1  51 0.247399
  1  85 0.274799
  1 120 0.303004
  1 153 0.329597
  1 191 0.360220
  1 225 0.387619
  2   2 0.414212
  2  35 0.440806
  2  67 0.466593
  2  98 0.491575
  2 132 0.518974
  2 163 0.543956
  2 196 0.570549
  2 230 0.597949
  3   6 0.623736
  3  41 0.651941
  3  76 0.680147
  3 107 0.705128
  3 138 0.730110
  3 172 0.757509
  3 204 0.783297
  3 238 0.810696
  4  17 0.838901
  4  50 0.865495
  4  85 0.893700
  4 119 0.921099
  4 152 0.947692
  4 184 0.973480
  4 216 0.999267
  4 248 1.025055
  5  26 1.052454
  5  58 1.078242
  5  91 1.104835
  5 126 1.133040
  5 161 1.161245
  5 195 1.188645
  5 228 1.215238
  6   4 1.241026
  6  36 1.266813
  6  69 1.293407
  6 102 1.320000
  6 135 1.346593
  6 168 1.373187
  6 203 1.401392
  6 239 1.430403
  7  16 1.456996
  7  47 1.481978
  7  79 1.507766
  7 110 1.532747
  7 143 1.559341
  7 176 1.585934
  7 209 1.612527
  7 243 1.639927
  8  24 1.669744
  8  57 1.696337
  8  90 1.722930
  8 123 1.749524
  8 155 1.775311
  8 187 1.801099
  8 219 1.826886
  8 250 1.851868
  9  29 1.880073
  9  63 1.907473
  9  98 1.935678
  9 131 1.962271
  9 163 1.988059
  9 195 2.013846
  9 227 2.039634
 10   3 2.065421
 10  37 2.092821
 10  69 2.118608
 10 102 2.145201
 10 137 2.173407
 10 172 2.201612
 10 205 2.228205
 10 238 2.254799
 11  14 2.280586
 11  46 2.306374
 11  79 2.332967
 11 112 2.359560
 11 145 2.386154
 11 179 2.413553
 11 208 2.436923
 11 216 2.443370
 11 189 2.421612
