  0  25 0.020147
  0 137 0.110403
  1   5 0.210330
  1 131 0.311868
  2   1 0.413407
  2 124 0.512527
  2 248 0.612454
  3 114 0.710769
  3 238 0.810696
  4 107 0.911429
  4 232 1.012161
  5 101 1.112894
  5 225 1.212821
  6  94 1.313553
  6 219 1.414286
  7  89 1.515824
  7 213 1.615751
  8  83 1.717289
  8 206 1.816410
  9  74 1.916337
  9 197 2.015458
 10  65 2.115385
 10 190 2.216117
 11  60 2.317656
 11 184 2.417582
 12  51 2.516703
 12 173 2.615018
 13  40 2.714139
 13 163 2.813260
 14  31 2.913187
 14 157 3.014725
