  0  24 0.019341
  0 134 0.107985
  1   2 0.207912
  1 125 0.307033
  1 251 0.408571
  2 120 0.509304
  2 243 0.608425
  3 110 0.707546
  3 234 0.807473
  4 103 0.908205
  4 229 1.009744
  5  98 1.110476
  5 221 1.209597
  6  92 1.311941
  6 217 1.412674
  7  87 1.514212
  7 211 1.614139
  8  81 1.715678
  8 205 1.815604
  9  73 1.915531
  9 197 2.015458
 10  65 2.115385
 10 190 2.216117
 11  60 2.317656
 11 183 2.416777
 12  52 2.517509
 12 175 2.616630
 13  42 2.715751
 13 165 2.814872
 14  33 2.914799
 14 158 3.015531
