  0  23 0.018535
  0 133 0.107179
  1   0 0.206300
  1 124 0.306227
  1 250 0.407766
  2 119 0.508498
  2 243 0.608425
  3 110 0.707546
  3 234 0.807473
  4 102 0.907399
  4 227 1.008132
  5  96 1.108864
  5 220 1.208791
  6  91 1.311136
  6 216 1.411868
  7  87 1.514212
  7 210 1.613333
  8  79 1.714066
  8 203 1.813993
  9  72 1.914725
  9 195 2.013846
 10  64 2.114579
 10 189 2.215311
 11  60 2.317656
 11 182 2.415971
 12  50 2.515897
 12 173 2.615018
 13  41 2.714945
 13 164 2.814066
 14  33 2.914799
 14 158 3.015531
