  0  23 0.018535
  0 133 0.107179
  0 255 0.205495
  1 124 0.306227
  1 249 0.406960
  2 119 0.508498
  2 243 0.608425
  3 109 0.706740
  3 233 0.806667
  4 101 0.906593
  4 227 1.008132
  5  96 1.108864
  5 221 1.209597
  6  92 1.311941
  6 216 1.411868
  7  86 1.513407
  7 209 1.612527
  8  78 1.713260
  8 203 1.813993
  9  72 1.914725
  9 196 2.014652
 10  65 2.115385
 10 190 2.216117
 11  58 2.316044
 11 181 2.415165
 12  49 2.515092
 12 172 2.614212
 13  40 2.714139
 13 165 2.814872
 14  33 2.914799
 14 157 3.014725
