  5 178 1.174945
  5 175 1.172527
  5 189 1.183810
  5 208 1.199121
  5 227 1.214432
  5 246 1.229744
  6  10 1.245861
  6  28 1.260366
  5 163 1.162857
  6  37 1.267619
  5 195 1.188645
  6  76 1.299048
  5 233 1.219267
  6 113 1.328864
  6  17 1.251502
  6 152 1.360293
  6  54 1.281319
  6  52 1.279707
  6  67 1.291795
  6  86 1.307106
  6 105 1.322418
  6 124 1.337729
  6 142 1.352234
  6 160 1.366740
  7 115 1.536777
  7  49 1.483590
  7  53 1.486813
  7  68 1.498901
  7  87 1.514212
  7 107 1.530330
  7 126 1.545641
