  0   7 0.005641
  0  68 0.054799
  0 129 0.103956
  0 192 0.154725
  0 255 0.205495
  1  61 0.255458
  1 123 0.305421
  1 183 0.353773
  1 245 0.403736
  2  51 0.453700
  2 114 0.504469
  2 176 0.554432
  2 238 0.604396
  3  45 0.655165
  3 108 0.705934
  3 171 0.756703
  3 232 0.805861
  4  39 0.856630
  4 100 0.905788
  4 162 0.955751
  4 224 1.005714
  5  31 1.056484
  5  94 1.107253
  5 156 1.157216
  5 217 1.206374
  6  24 1.257143
  6  85 1.306300
  6 147 1.356264
  6 208 1.405421
  7  14 1.455385
  7  76 1.505348
