  0   6 0.004835
  0  68 0.054799
  0 130 0.104762
  0 192 0.154725
  0 255 0.205495
  1  61 0.255458
  1 122 0.304615
  1 183 0.353773
  1 245 0.403736
  2  51 0.453700
  2 114 0.504469
  2 177 0.555238
  2 239 0.605201
  3  45 0.655165
  3 107 0.705128
  3 170 0.755897
  3 231 0.805055
  4  38 0.855824
  4 101 0.906593
  4 163 0.956557
  4 225 1.006520
  5  31 1.056484
  5  93 1.106447
  5 156 1.157216
  5 217 1.206374
  6  24 1.257143
  6  85 1.306300
  6 147 1.356264
  6 208 1.405421
  7  15 1.456190
  7  76 1.505348
