  0   7 0.005641
  0  69 0.055604
  0 130 0.104762
  0 192 0.154725
  0 254 0.204689
  1  60 0.254652
  1 122 0.304615
  1 183 0.353773
  1 245 0.403736
  2  52 0.454505
  2 115 0.505275
  2 177 0.555238
  2 238 0.604396
  3  45 0.655165
  3 106 0.704322
  3 170 0.755897
  3 232 0.805861
  4  39 0.856630
  4 101 0.906593
  4 163 0.956557
  4 224 1.005714
  5  30 1.055678
  5  93 1.106447
  5 156 1.157216
  5 217 1.206374
  6  25 1.257949
  6  86 1.307106
  6 147 1.356264
  6 208 1.405421
  7  14 1.455385
  7  76 1.505348
