  0   7 0.005641
  0  67 0.053993
  0 129 0.103956
  0 192 0.154725
  0 255 0.205495
  1  61 0.255458
  1 122 0.304615
  1 183 0.353773
  1 245 0.403736
  2  51 0.453700
  2 114 0.504469
  2 176 0.554432
  2 238 0.604396
  3  45 0.655165
  3 107 0.705128
  3 170 0.755897
  3 231 0.805055
  4  38 0.855824
  4 100 0.905788
  4 162 0.955751
  4 224 1.005714
  5  31 1.056484
  5  94 1.107253
  5 156 1.157216
  5 218 1.207179
  6  24 1.257143
  6  85 1.306300
  6 147 1.356264
  6 208 1.405421
  7  14 1.455385
  7  77 1.506154
