  0   0 0.000000
  0  37 0.029817
  0  75 0.060440
  0 118 0.095092
  0 162 0.130549
  0 205 0.165201
  0 249 0.200659
  1  40 0.238535
  1  77 0.268352
  1 122 0.304615
  1 166 0.340073
  1 208 0.373919
  1 252 0.409377
  2  42 0.446447
  2  83 0.479487
  2 123 0.511722
  2 171 0.550403
  2 221 0.590696
  3   1 0.619707
  3  50 0.659194
  3  89 0.690623
  3 134 0.726886
  3 180 0.763956
  3 226 0.801026
  4  11 0.834066
  4  55 0.869524
  4 103 0.908205
  4 149 0.945275
  4 189 0.977509
  4 231 1.011355
  5  20 1.047619
