  0   0 0.000000
  0  43 0.034652
  0  87 0.070110
  0 138 0.111209
  0 190 0.153114
  0 243 0.195824
  1  36 0.235311
  1  81 0.271575
  1 129 0.310256
  1 186 0.356190
  1 228 0.390037
  2  25 0.432747
  2  70 0.469011
  2 128 0.515751
  2 176 0.554432
  2 228 0.596337
  3  22 0.636630
  3  69 0.674505
  3 124 0.718828
  3 168 0.754286
  3 221 0.796996
  4  13 0.835678
  4  63 0.875971
  4 114 0.917070
  4 158 0.952527
  4 216 0.999267
  5  11 1.040366
  5  56 1.076630
  5 108 1.118535
  5 158 1.158828
  5 207 1.198315
