  0   0 0.000000
  0  35 0.028205
  0  86 0.069304
  0 137 0.110403
  0 184 0.148278
  0 234 0.188571
  1  29 0.229670
  1  79 0.269963
  1 130 0.311062
  1 177 0.348938
  1 224 0.386813
  2  22 0.430330
  2  72 0.470623
  2 124 0.512527
  2 173 0.552015
  2 224 0.593114
  3  19 0.634212
  3  75 0.679341
  3 120 0.715604
  3 172 0.757509
  3 227 0.801832
  4  21 0.842125
  4  70 0.881612
  4 122 0.923516
  4 181 0.971062
  4 228 1.008938
  5  24 1.050842
  5  79 1.095165
  5 131 1.137070
  5 181 1.177363
  5 234 1.220073
