  0   0 0.000000
  0  39 0.031429
  0  89 0.071722
  0 143 0.115238
  0 193 0.155531
  0 239 0.192601
  1  33 0.232894
  1  88 0.277216
  1 137 0.316703
  1 185 0.355385
  1 239 0.398901
  2  35 0.440806
  2  83 0.479487
  2 133 0.519780
  2 193 0.568132
  2 243 0.608425
  3  37 0.648718
  3  88 0.689817
  3 139 0.730916
  3 193 0.774432
  3 239 0.811502
  4  36 0.854212
  4  91 0.898535
  4 137 0.935604
  4 199 0.985568
  4 250 1.026667
  5  42 1.065348
  5  95 1.108059
  5 140 1.144322
  5 201 1.193480
  5 254 1.236190
