  0   0 0.000000
  0  42 0.033846
  0  90 0.072527
  0 135 0.108791
  0 187 0.150696
  0 232 0.186960
  1  28 0.228864
  1  79 0.269963
  1 126 0.307839
  1 173 0.345714
  1 223 0.386007
  2  20 0.428718
  2  67 0.466593
  2 114 0.504469
  2 161 0.542344
  2 210 0.581832
  3   6 0.623736
  3  56 0.664029
  3 107 0.705128
  3 157 0.745421
  3 204 0.783297
  3 249 0.819560
  4  44 0.860659
  4  94 0.900952
  4 144 0.941245
  4 192 0.979927
  4 242 1.020220
  5  33 1.058095
  5  80 1.095971
  5 133 1.138681
  5 184 1.179780
