  0   0 0.000000
  0  37 0.029817
  0  87 0.070110
  0 133 0.107179
  0 180 0.145055
  0 228 0.183736
  1  24 0.225641
  1  65 0.258681
  1 112 0.296557
  1 160 0.335238
  1 209 0.374725
  2   2 0.414212
  2  49 0.452088
  2  98 0.491575
  2 147 0.531062
  2 200 0.573773
  2 241 0.606813
  3  37 0.648718
  3  88 0.689817
  3 139 0.730916
  3 184 0.767179
  3 233 0.806667
  4  27 0.846960
  4  77 0.887253
  4 127 0.927546
  4 179 0.969451
  4 227 1.008132
  5  17 1.045201
  5  69 1.087106
  5 122 1.129817
  5 171 1.169304
