  0   0 0.000000
  0  31 0.024982
  0  77 0.062051
  0 122 0.098315
  0 164 0.132161
  0 208 0.167619
  1   0 0.206300
  1  42 0.240147
  1  84 0.273993
  1 132 0.312674
  1 182 0.352967
  1 222 0.385201
  2  12 0.422271
  2  59 0.460147
  2 105 0.497216
  2 148 0.531868
  2 195 0.569744
  2 242 0.607619
  3  31 0.643883
  3  81 0.684176
  3 123 0.718022
  3 169 0.755092
  3 222 0.797802
  4  11 0.834066
  4  54 0.868718
  4 103 0.908205
  4 151 0.946886
  4 197 0.983956
  4 245 1.022637
  5  38 1.062125
  5  86 1.100806
