  0   0 0.000000
  0  33 0.026593
  0  77 0.062051
  0 118 0.095092
  0 161 0.129744
  0 200 0.161172
  0 250 0.201465
  1  34 0.233700
  1  80 0.270769
  1 120 0.303004
  1 165 0.339267
  1 211 0.376337
  1 252 0.409377
  2  44 0.448059
  2  89 0.484322
  2 132 0.518974
  2 179 0.556850
  2 227 0.595531
  3  13 0.629377
  3  59 0.666447
  3 102 0.701099
  3 150 0.739780
  3 192 0.773626
  3 240 0.812308
  4  32 0.850989
  4  75 0.885641
  4 125 0.925934
  4 168 0.960586
  4 216 0.999267
  5   4 1.034725
  5  53 1.074212
