  0   0 0.000000
  0  40 0.032234
  0  88 0.070916
  0 132 0.106374
  0 184 0.148278
  0 232 0.186960
  1  24 0.225641
  1  70 0.262711
  1 120 0.303004
  1 174 0.346520
  1 220 0.383590
  2  12 0.422271
  2  62 0.462564
  2 114 0.504469
  2 158 0.539927
  2 212 0.583443
  3   3 0.621319
  3  54 0.662418
  3 105 0.703516
  3 158 0.746227
  3 206 0.784908
  4   1 0.826007
  4  54 0.868718
  4 105 0.909817
  4 157 0.951722
  4 209 0.993626
  5   2 1.033114
  5  55 1.075824
  5 105 1.116117
  5 157 1.158022
  5 210 1.200733
