  0   0 0.000000
  0  39 0.031429
  0  90 0.072527
  0 139 0.112015
  0 187 0.150696
  0 239 0.192601
  1  34 0.233700
  1  81 0.271575
  1 127 0.308645
  1 185 0.355385
  1 235 0.395678
  2  26 0.433553
  2  80 0.477070
  2 129 0.516557
  2 180 0.557656
  2 232 0.599560
  3  26 0.639853
  3  79 0.682564
  3 132 0.725275
  3 180 0.763956
  3 227 0.801832
  4  32 0.850989
  4  80 0.889670
  4 137 0.935604
  4 183 0.972674
  4 236 1.015385
  5  34 1.058901
  5  87 1.101612
  5 136 1.141099
  5 193 1.187033
  5 240 1.224908
