  0   0 0.000000
  0  34 0.027399
  0  79 0.063663
  0 127 0.102344
  0 175 0.141026
  0 217 0.174872
  1   5 0.210330
  1  55 0.250623
  1 100 0.286886
  1 147 0.324762
  1 188 0.357802
  1 234 0.394872
  2  26 0.433553
  2  72 0.470623
  2 117 0.506886
  2 166 0.546374
  2 212 0.583443
  3   3 0.621319
  3  48 0.657582
  3  95 0.695458
  3 138 0.730110
  3 183 0.766374
  3 231 0.805055
  4  29 0.848571
  4  73 0.884029
  4 119 0.921099
  4 163 0.956557
  4 211 0.995238
  5   1 1.032308
  5  47 1.069377
  5  92 1.105641
