  0   0 0.000000
  0  39 0.031429
  0  87 0.070110
  0 136 0.109597
  0 185 0.149084
  0 238 0.191795
  1  31 0.231282
  1  77 0.268352
  1 128 0.309451
  1 177 0.348938
  1 230 0.391648
  2  20 0.428718
  2  68 0.467399
  2 126 0.514139
  2 173 0.552015
  2 223 0.592308
  3  19 0.634212
  3  71 0.676117
  3 119 0.714799
  3 166 0.752674
  3 220 0.796190
  4  22 0.842930
  4  64 0.876777
  4 120 0.921905
  4 173 0.964615
  4 227 1.008132
  5  18 1.046007
  5  75 1.091941
  5 127 1.133846
  5 178 1.174945
  5 229 1.216044
