  0   0 0.000000
  0  36 0.029011
  0  86 0.069304
  0 134 0.107985
  0 182 0.146667
  0 230 0.185348
  1  21 0.223223
  1  69 0.261905
  1 119 0.302198
  1 164 0.338462
  1 212 0.377143
  2   5 0.416630
  2  53 0.455311
  2 103 0.495604
  2 152 0.535092
  2 198 0.572161
  2 250 0.614066
  3  39 0.650330
  3  90 0.691429
  3 138 0.730110
  3 185 0.767985
  3 233 0.806667
  4  28 0.847766
  4  77 0.887253
  4 124 0.925128
  4 173 0.964615
  4 220 1.002491
  5  14 1.042784
  5  68 1.086300
  5 108 1.118535
  5 159 1.159634
