  0   0 0.000000
  0  32 0.025788
  0  75 0.060440
  0 116 0.093480
  0 155 0.124908
  0 199 0.160366
  0 241 0.194212
  1  26 0.227253
  1  71 0.263516
  1 111 0.295751
  1 155 0.331209
  1 197 0.365055
  1 239 0.398901
  2  28 0.435165
  2  77 0.474652
  2 118 0.507692
  2 159 0.540733
  2 207 0.579414
  2 249 0.613260
  3  33 0.645495
  3  81 0.684176
  3 130 0.723663
  3 167 0.753480
  3 214 0.791355
  4   4 0.828425
  4  51 0.866300
  4  93 0.900147
  4 140 0.938022
  4 188 0.976703
  4 233 1.012967
  5  17 1.045201
