  0   0 0.000000
  0  38 0.030623
  0  88 0.070916
  0 136 0.109597
  0 184 0.148278
  0 234 0.188571
  1  22 0.224029
  1  66 0.259487
  1 117 0.300586
  1 165 0.339267
  1 210 0.375531
  2   6 0.417436
  2  52 0.454505
  2  97 0.490769
  2 149 0.532674
  2 201 0.574579
  2 248 0.612454
  3  37 0.648718
  3  86 0.688205
  3 133 0.726081
  3 182 0.765568
  3 230 0.804249
  4  26 0.846154
  4  77 0.887253
  4 118 0.920293
  4 172 0.963810
  4 220 1.002491
  5  10 1.039560
  5  63 1.082271
  5 109 1.119341
  5 155 1.156410
