  0   0 0.000000
  0  31 0.024982
  0  70 0.056410
  0 114 0.091868
  0 156 0.125714
  0 197 0.158755
  0 241 0.194212
  1  29 0.229670
  1  65 0.258681
  1 107 0.292527
  1 152 0.328791
  1 193 0.361832
  1 236 0.396484
  2  23 0.431136
  2  69 0.468205
  2 109 0.500440
  2 152 0.535092
  2 199 0.572967
  2 245 0.610037
  3  27 0.640659
  3  76 0.680147
  3 114 0.710769
  3 162 0.749451
  3 205 0.784103
  3 249 0.819560
  4  39 0.856630
  4  84 0.892894
  4 129 0.929158
  4 176 0.967033
  4 220 1.002491
  5   8 1.037949
