  0   0 0.000000
  0  37 0.029817
  0  85 0.068498
  0 128 0.103150
  0 179 0.144249
  0 226 0.182125
  1  22 0.224029
  1  64 0.257875
  1 112 0.296557
  1 155 0.331209
  1 201 0.368278
  1 254 0.410989
  2  42 0.446447
  2  90 0.485128
  2 137 0.523004
  2 186 0.562491
  2 228 0.596337
  3  25 0.639048
  3  74 0.678535
  3 122 0.717216
  3 165 0.751868
  3 216 0.792967
  4  10 0.833260
  4  58 0.871941
  4 101 0.906593
  4 157 0.951722
  4 202 0.987985
  4 252 1.028278
  5  40 1.063736
  5 100 1.112088
  5 145 1.148352
