  0   0 0.000000
  0  33 0.026593
  0  78 0.062857
  0 123 0.099121
  0 166 0.133773
  0 223 0.179707
  1   6 0.211136
  1  49 0.245788
  1  97 0.284469
  1 141 0.319927
  1 187 0.356996
  1 231 0.392454
  2  23 0.431136
  2  71 0.469817
  2 118 0.507692
  2 166 0.546374
  2 213 0.584249
  2 254 0.617289
  3  51 0.660000
  3 101 0.700293
  3 145 0.735751
  3 195 0.776044
  3 239 0.811502
  4  34 0.852601
  4  81 0.890476
  4 127 0.927546
  4 178 0.968645
  4 227 1.008132
  5  16 1.044396
  5  63 1.082271
  5 114 1.123370
