  0  45 0.036264
  0  84 0.067692
  0 129 0.103956
  0 176 0.141832
  0 219 0.176484
  1   9 0.213553
  1  55 0.250623
  1  96 0.283663
  1 140 0.319121
  1 185 0.355385
  1 227 0.389231
  2  19 0.427912
  2  64 0.464176
  2 108 0.499634
  2 156 0.538315
  2 199 0.572967
  2 242 0.607619
  3  30 0.643077
  3  70 0.675311
  3 114 0.710769
  3 160 0.747839
  3 202 0.781685
  3 248 0.818755
  4  40 0.857436
  4  83 0.892088
  4 128 0.928352
  4 170 0.962198
  4 214 0.997656
  5   2 1.033114
  5  46 1.068571
  5  91 1.104835
  5 136 1.141099
  5 182 1.178168
  5 227 1.214432
  6  16 1.250696
  6  59 1.285348
  6 103 1.320806
  6 147 1.356264
  6 191 1.391722
  6 235 1.427179
  7  25 1.464249
  7  72 1.502125
  7 118 1.539194
  7 161 1.573846
  7 203 1.607692
  7 247 1.643150
  8  35 1.678608
  8  79 1.714066
  8 123 1.749524
  8 169 1.786593
  8 216 1.824469
  9   4 1.859927
  9  47 1.894579
  9  91 1.930037
  9 134 1.964689
  9 177 1.999341
  9 222 2.035604
 10  11 2.071868
 10  56 2.108132
 10 102 2.145201
 10 148 2.182271
 10 191 2.216923
 10 234 2.251575
 11  22 2.287033
 11  66 2.322491
 11 110 2.357949
 11 154 2.393407
 11 197 2.428059
 11 244 2.465934
 12  33 2.502198
 12  76 2.536850
 12 118 2.570696
 12 161 2.605348
 12 204 2.640000
 12 248 2.675458
 13  37 2.711722
 13  82 2.747985
 13 127 2.784249
 13 172 2.820513
 13 215 2.855165
 14   3 2.890623
 14  46 2.925275
 14  90 2.960733
 14 134 2.996190
 14 180 3.033260
 14 224 3.068718
 15  14 3.105788
 15  59 3.142051
 15 103 3.177509
 15 119 3.190403
 15  90 3.167033
 15  80 3.158974
