  0  49 0.039487
  0  84 0.067692
  0 130 0.104762
  0 177 0.142637
  0 220 0.177289
  1   9 0.213553
  1  53 0.249011
  1  94 0.282051
  1 138 0.317509
  1 184 0.354579
  1 226 0.388425
  2  20 0.428718
  2  66 0.465788
  2 110 0.501245
  2 155 0.537509
  2 197 0.571355
  2 239 0.605201
  3  28 0.641465
  3  70 0.675311
  3 114 0.710769
  3 160 0.747839
  3 204 0.783297
  3 250 0.820366
  4  40 0.857436
  4  81 0.890476
  4 125 0.925934
  4 169 0.961392
  4 212 0.996044
  5   2 1.033114
  5  46 1.068571
  5  92 1.105641
  5 137 1.141905
  5 183 1.178974
  5 225 1.212821
  6  14 1.249084
  6  58 1.284542
  6 102 1.320000
  6 147 1.356264
  6 191 1.391722
  6 237 1.428791
  7  28 1.466667
  7  73 1.502930
  7 117 1.538388
  7 159 1.572234
  7 202 1.606886
  7 246 1.642344
  8  35 1.678608
  8  79 1.714066
  8 124 1.750330
  8 170 1.787399
  8 216 1.824469
  9   3 1.859121
  9  46 1.893773
  9  89 1.928425
  9 133 1.963883
  9 177 1.999341
  9 222 2.035604
 10  13 2.073480
 10  58 2.109744
 10 103 2.146007
 10 147 2.181465
 10 189 2.215311
 10 233 2.250769
 11  22 2.287033
 11  66 2.322491
 11 111 2.358755
 11 155 2.394212
 11 200 2.430476
 11 244 2.465934
 12  31 2.500586
 12  74 2.535238
 12 117 2.569890
 12 161 2.605348
 12 204 2.640000
 12 248 2.675458
 13  38 2.712527
 13  85 2.750403
 13 128 2.785055
 13 170 2.818901
 13 214 2.854359
 14   2 2.889817
 14  45 2.924469
 14  90 2.960733
 14 134 2.996190
 14 180 3.033260
 14 226 3.070330
 15  15 3.106593
 15  58 3.141245
 15 102 3.176703
 15 118 3.189597
 15  71 3.151722
 15  72 3.152527
