  0  53 0.042711
  0  88 0.070916
  0 131 0.105568
  0 174 0.140220
  0 215 0.173260
  1   5 0.210330
  1  51 0.247399
  1  95 0.282857
  1 143 0.321538
  1 189 0.358608
  1 229 0.390842
  2  20 0.428718
  2  63 0.463370
  2 106 0.498022
  2 151 0.534286
  2 195 0.569744
  2 239 0.605201
  3  30 0.643077
  3  74 0.678535
  3 118 0.713993
  3 162 0.749451
  3 203 0.782491
  3 246 0.817143
  4  36 0.854212
  4  78 0.888059
  4 123 0.924322
  4 170 0.962198
  4 216 0.999267
  5   5 1.035531
  5  50 1.071795
  5  92 1.105641
  5 136 1.141099
  5 179 1.175751
  5 222 1.210403
  6  12 1.247473
  6  58 1.284542
  6 104 1.321612
  6 151 1.359487
  6 194 1.394139
  6 238 1.429597
  7  25 1.464249
  7  70 1.500513
  7 114 1.535971
  7 157 1.570623
  7 201 1.606081
  7 247 1.643150
  8  38 1.681026
  8  83 1.717289
  8 125 1.751136
  8 169 1.786593
  8 213 1.822051
  9   0 1.856703
  9  44 1.892161
  9  89 1.928425
  9 134 1.964689
  9 180 2.001758
  9 225 2.038022
 10  13 2.073480
 10  55 2.107326
 10  99 2.142784
 10 144 2.179048
 10 188 2.214505
 10 232 2.249963
 11  23 2.287839
 11  68 2.324103
 11 113 2.360366
 11 157 2.395824
 11 197 2.428059
 11 241 2.463516
 12  29 2.498974
 12  73 2.534432
 12 117 2.569890
 12 161 2.605348
 12 206 2.641612
 12 251 2.677875
 13  40 2.714139
 13  83 2.748791
 13 126 2.783443
 13 168 2.817289
 13 212 2.852747
 14   1 2.889011
 14  46 2.925275
 14  91 2.961538
 14 137 2.998608
 14 183 3.035678
 14 227 3.071136
 15  14 3.105788
 15  56 3.139634
 15 101 3.175897
 15 117 3.188791
 15 123 3.193626
 15 124 3.194432
