  0  51 0.041099
  0  87 0.070110
  0 129 0.103956
  0 175 0.141026
  0 216 0.174066
  1   5 0.210330
  1  51 0.247399
  1  95 0.282857
  1 142 0.320733
  1 187 0.356996
  1 229 0.390842
  2  19 0.427912
  2  63 0.463370
  2 105 0.497216
  2 151 0.534286
  2 195 0.569744
  2 239 0.605201
  3  31 0.643883
  3  73 0.677729
  3 117 0.713187
  3 161 0.748645
  3 202 0.781685
  3 247 0.817949
  4  36 0.854212
  4  78 0.888059
  4 123 0.924322
  4 171 0.963004
  4 216 0.999267
  5   5 1.035531
  5  49 1.070989
  5  92 1.105641
  5 135 1.140293
  5 178 1.174945
  5 223 1.211209
  6  12 1.247473
  6  58 1.284542
  6 104 1.321612
  6 150 1.358681
  6 194 1.394139
  6 237 1.428791
  7  25 1.464249
  7  69 1.499707
  7 114 1.535971
  7 157 1.570623
  7 201 1.606081
  7 247 1.643150
  8  38 1.681026
  8  82 1.716484
  8 125 1.751136
  8 168 1.785788
  8 213 1.822051
  9   0 1.856703
  9  45 1.892967
  9  89 1.928425
  9 134 1.964689
  9 180 2.001758
  9 226 2.038828
 10  13 2.073480
 10  56 2.108132
 10 100 2.143590
 10 144 2.179048
 10 187 2.213700
 10 232 2.249963
 11  22 2.287033
 11  67 2.323297
 11 113 2.360366
 11 157 2.395824
 11 198 2.428864
 11 242 2.464322
 12  29 2.498974
 12  73 2.534432
 12 116 2.569084
 12 160 2.604542
 12 204 2.640000
 12 249 2.676264
 13  40 2.714139
 13  84 2.749597
 13 128 2.785055
 13 168 2.817289
 13 213 2.853553
 14   1 2.889011
 14  45 2.924469
 14  89 2.959927
 14 134 2.996190
 14 181 3.034066
 14 227 3.071136
 15  15 3.106593
 15  59 3.142051
 15 102 3.176703
 15 117 3.188791
 15 108 3.181538
 15  98 3.173480
