  0  50 0.040293
  0  85 0.068498
  0 129 0.103956
  0 174 0.140220
  0 215 0.173260
  1   6 0.211136
  1  53 0.249011
  1  96 0.283663
  1 143 0.321538
  1 186 0.356190
  1 226 0.388425
  2  18 0.427106
  2  62 0.462564
  2 105 0.497216
  2 152 0.535092
  2 196 0.570549
  2 241 0.606813
  3  32 0.644689
  3  73 0.677729
  3 115 0.711575
  3 160 0.747839
  3 202 0.781685
  3 246 0.817143
  4  36 0.854212
  4  79 0.888864
  4 124 0.925128
  4 171 0.963004
  4 216 0.999267
  5   4 1.034725
  5  47 1.069377
  5  91 1.104835
  5 135 1.140293
  5 179 1.175751
  5 222 1.210403
  6  13 1.248278
  6  58 1.284542
  6 104 1.321612
  6 151 1.359487
  6 193 1.393333
  6 236 1.427985
  7  25 1.464249
  7  69 1.499707
  7 113 1.535165
  7 157 1.570623
  7 201 1.606081
  7 248 1.643956
  8  38 1.681026
  8  82 1.716484
  8 124 1.750330
  8 168 1.785788
  8 212 1.821245
  9   0 1.856703
  9  45 1.892967
  9  89 1.928425
  9 134 1.964689
  9 180 2.001758
  9 225 2.038022
 10  13 2.073480
 10  56 2.108132
 10 100 2.143590
 10 144 2.179048
 10 187 2.213700
 10 233 2.250769
 11  22 2.287033
 11  67 2.323297
 11 113 2.360366
 11 156 2.395018
 11 198 2.428864
 11 241 2.463516
 12  29 2.498974
 12  73 2.534432
 12 116 2.569084
 12 160 2.604542
 12 205 2.640806
 12 251 2.677875
 13  40 2.714139
 13  84 2.749597
 13 126 2.783443
 13 168 2.817289
 13 212 2.852747
 14   1 2.889011
 14  45 2.924469
 14  90 2.960733
 14 135 2.996996
 14 181 3.034066
 14 227 3.071136
 15  15 3.106593
 15  58 3.141245
 15 101 3.175897
 15  93 3.169451
 15  94 3.170256
 15  83 3.161392
