  0  52 0.041905
  0  87 0.070110
  0 132 0.106374
  0 175 0.141026
  0 216 0.174066
  1   5 0.210330
  1  51 0.247399
  1  94 0.282051
  1 140 0.319121
  1 187 0.356996
  1 230 0.391648
  2  22 0.430330
  2  64 0.464176
  2 106 0.498022
  2 151 0.534286
  2 194 0.568938
  2 238 0.604396
  3  29 0.642271
  3  72 0.676923
  3 117 0.713187
  3 163 0.750256
  3 204 0.783297
  3 247 0.817949
  4  36 0.854212
  4  79 0.888864
  4 123 0.924322
  4 168 0.960586
  4 213 0.996850
  5   4 1.034725
  5  50 1.071795
  5  94 1.107253
  5 136 1.141099
  5 179 1.175751
  5 223 1.211209
  6  12 1.247473
  6  57 1.283736
  6 102 1.320000
  6 148 1.357070
  6 193 1.393333
  6 238 1.429597
  7  27 1.465861
  7  70 1.500513
  7 114 1.535971
  7 157 1.570623
  7 201 1.606081
  7 245 1.641538
  8  36 1.679414
  8  81 1.715678
  8 126 1.751941
  8 170 1.787399
  8 213 1.822051
  9   1 1.857509
  9  45 1.892967
  9  88 1.927619
  9 132 1.963077
  9 178 2.000147
  9 223 2.036410
 10  14 2.074286
 10  57 2.108938
 10 101 2.144396
 10 145 2.179853
 10 188 2.214505
 10 233 2.250769
 11  22 2.287033
 11  65 2.321685
 11 112 2.359560
 11 156 2.395018
 11 199 2.429670
 11 243 2.465128
 12  31 2.500586
 12  74 2.535238
 12 117 2.569890
 12 160 2.604542
 12 204 2.640000
 12 248 2.675458
 13  38 2.712527
 13  84 2.749597
 13 128 2.785055
 13 171 2.819707
 13 214 2.854359
 14   1 2.889011
 14  45 2.924469
 14  90 2.960733
 14 134 2.996190
 14 179 3.032454
 14 224 3.068718
 15  14 3.105788
 15  59 3.142051
 15 103 3.177509
 15 118 3.189597
 15 107 3.180733
 15 100 3.175092
