  0  49 0.039487
  0  85 0.068498
  0 131 0.105568
  0 178 0.143443
  0 218 0.175678
  1   8 0.212747
  1  52 0.248205
  1  93 0.281245
  1 139 0.318315
  1 184 0.354579
  1 226 0.388425
  2  19 0.427912
  2  65 0.464982
  2 108 0.499634
  2 155 0.537509
  2 196 0.570549
  2 238 0.604396
  3  29 0.642271
  3  70 0.675311
  3 113 0.709963
  3 159 0.747033
  3 203 0.782491
  3 248 0.818755
  4  39 0.856630
  4  82 0.891282
  4 125 0.925934
  4 168 0.960586
  4 213 0.996850
  5   2 1.033114
  5  46 1.068571
  5  91 1.104835
  5 136 1.141099
  5 182 1.178168
  5 226 1.213626
  6  15 1.249890
  6  59 1.285348
  6 102 1.320000
  6 146 1.355458
  6 190 1.390916
  6 235 1.427179
  7  25 1.464249
  7  72 1.502125
  7 117 1.538388
  7 161 1.573846
  7 203 1.607692
  7 246 1.642344
  8  35 1.678608
  8  78 1.713260
  8 123 1.749524
  8 167 1.784982
  8 213 1.822051
  9   4 1.859927
  9  48 1.895385
  9  91 1.930037
  9 134 1.964689
  9 177 1.999341
  9 221 2.034799
 10  11 2.071868
 10  54 2.106520
 10 100 2.143590
 10 147 2.181465
 10 192 2.217729
 10 236 2.253187
 11  23 2.287839
 11  66 2.322491
 11 110 2.357949
 11 153 2.392601
 11 195 2.426447
 11 240 2.462711
 12  31 2.500586
 12  76 2.536850
 12 120 2.572308
 12 162 2.606154
 12 205 2.640806
 12 248 2.675458
 13  37 2.711722
 13  80 2.746374
 13 124 2.781832
 13 168 2.817289
 13 214 2.854359
 14   5 2.892234
 14  49 2.927692
 14  91 2.961538
 14 135 2.996996
 14 179 3.032454
 14 223 3.067912
 15  12 3.104176
 15  56 3.139634
 15 101 3.175897
 15 118 3.189597
 15 100 3.175092
 15  89 3.166227
