  0  50 0.040293
  0  86 0.069304
  0 132 0.106374
  0 177 0.142637
  0 218 0.175678
  1   6 0.211136
  1  51 0.247399
  1  93 0.281245
  1 139 0.318315
  1 184 0.354579
  1 227 0.389231
  2  21 0.429524
  2  66 0.465788
  2 108 0.499634
  2 153 0.535897
  2 195 0.569744
  2 238 0.604396
  3  28 0.641465
  3  69 0.674505
  3 114 0.710769
  3 161 0.748645
  3 204 0.783297
  3 250 0.820366
  4  38 0.855824
  4  80 0.889670
  4 124 0.925128
  4 169 0.961392
  4 212 0.996044
  5   1 1.032308
  5  47 1.069377
  5  93 1.106447
  5 138 1.142711
  5 183 1.178974
  5 225 1.212821
  6  13 1.248278
  6  57 1.283736
  6 101 1.319194
  6 146 1.355458
  6 190 1.390916
  6 236 1.427985
  7  27 1.465861
  7  73 1.502930
  7 117 1.538388
  7 159 1.572234
  7 201 1.606081
  7 246 1.642344
  8  34 1.677802
  8  79 1.714066
  8 123 1.749524
  8 169 1.786593
  8 215 1.823663
  9   4 1.859927
  9  48 1.895385
  9  89 1.928425
  9 133 1.963883
  9 177 1.999341
  9 221 2.034799
 10  11 2.071868
 10  55 2.107326
 10 101 2.144396
 10 147 2.181465
 10 192 2.217729
 10 235 2.252381
 11  22 2.287033
 11  65 2.321685
 11 110 2.357949
 11 152 2.391795
 11 196 2.427253
 11 241 2.463516
 12  31 2.500586
 12  76 2.536850
 12 120 2.572308
 12 162 2.606154
 12 205 2.640806
 12 248 2.675458
 13  36 2.710916
 13  80 2.746374
 13 125 2.782637
 13 169 2.818095
 13 215 2.855165
 14   5 2.892234
 14  48 2.926886
 14  91 2.961538
 14 135 2.996996
 14 179 3.032454
 14 223 3.067912
 15  11 3.103370
 15  56 3.139634
 15 102 3.176703
 15  92 3.168645
 15 127 3.196850
 15 124 3.194432
