  0  49 0.039487
  0  84 0.067692
  0 128 0.103150
  0 174 0.140220
  0 217 0.174872
  1   8 0.212747
  1  55 0.250623
  1  97 0.284469
  1 142 0.320733
  1 185 0.355385
  1 226 0.388425
  2  18 0.427106
  2  62 0.462564
  2 105 0.497216
  2 152 0.535092
  2 197 0.571355
  2 242 0.607619
  3  32 0.644689
  3  72 0.676923
  3 114 0.710769
  3 159 0.747033
  3 201 0.780879
  3 246 0.817143
  4  36 0.854212
  4  80 0.889670
  4 125 0.925934
  4 172 0.963810
  4 216 0.999267
  5   3 1.033919
  5  46 1.068571
  5  91 1.104835
  5 135 1.140293
  5 178 1.174945
  5 223 1.211209
  6  14 1.249084
  6  59 1.285348
  6 105 1.322418
  6 149 1.357875
  6 192 1.392527
  6 236 1.427985
  7  24 1.463443
  7  69 1.499707
  7 113 1.535165
  7 157 1.570623
  7 203 1.607692
  7 248 1.643956
  8  38 1.681026
  8  81 1.715678
  8 124 1.750330
  8 168 1.785788
  8 212 1.821245
  9   0 1.856703
  9  44 1.892161
  9  90 1.929231
  9 135 1.965495
  9 180 2.001758
  9 224 2.037216
 10  12 2.072674
 10  55 2.107326
 10  99 2.142784
 10 144 2.179048
 10 187 2.213700
 10 232 2.249963
 11  23 2.287839
 11  68 2.324103
 11 113 2.360366
 11 156 2.395018
 11 197 2.428059
 11 240 2.462711
 12  29 2.498974
 12  73 2.534432
 12 117 2.569890
 12 161 2.605348
 12 207 2.642418
 12 252 2.678681
 13  40 2.714139
 13  83 2.748791
 13 126 2.783443
 13 168 2.817289
 13 212 2.852747
 14   1 2.889011
 14  45 2.924469
 14  91 2.961538
 14 136 2.997802
 14 182 3.034872
 14 226 3.070330
 15  14 3.105788
 15  56 3.139634
 15 101 3.175897
 15 118 3.189597
 15  96 3.171868
 15  89 3.166227
