  0  49 0.039487
  0  85 0.068498
  0 129 0.103956
  0 174 0.140220
  0 216 0.174066
  1   7 0.211941
  1  54 0.249817
  1  96 0.283663
  1 141 0.319927
  1 185 0.355385
  1 227 0.389231
  2  19 0.427912
  2  62 0.462564
  2 105 0.497216
  2 152 0.535092
  2 197 0.571355
  2 241 0.606813
  3  31 0.643883
  3  72 0.676923
  3 115 0.711575
  3 160 0.747839
  3 201 0.780879
  3 246 0.817143
  4  36 0.854212
  4  79 0.888864
  4 124 0.925128
  4 171 0.963004
  4 216 0.999267
  5   4 1.034725
  5  48 1.070183
  5  91 1.104835
  5 134 1.139487
  5 178 1.174945
  5 222 1.210403
  6  13 1.248278
  6  59 1.285348
  6 105 1.322418
  6 150 1.358681
  6 193 1.393333
  6 236 1.427985
  7  24 1.463443
  7  69 1.499707
  7 113 1.535165
  7 157 1.570623
  7 202 1.606886
  7 248 1.643956
  8  38 1.681026
  8  82 1.716484
  8 124 1.750330
  8 167 1.784982
  8 212 1.821245
  9   0 1.856703
  9  44 1.892161
  9  89 1.928425
  9 135 1.965495
  9 181 2.002564
  9 224 2.037216
 10  12 2.072674
 10  55 2.107326
 10  99 2.142784
 10 144 2.179048
 10 187 2.213700
 10 233 2.250769
 11  24 2.288645
 11  68 2.324103
 11 113 2.360366
 11 156 2.395018
 11 197 2.428059
 11 240 2.462711
 12  30 2.499780
 12  73 2.534432
 12 117 2.569890
 12 161 2.605348
 12 206 2.641612
 12 251 2.677875
 13  40 2.714139
 13  83 2.748791
 13 125 2.782637
 13 168 2.817289
 13 212 2.852747
 14   1 2.889011
 14  45 2.924469
 14  90 2.960733
 14 136 2.997802
 14 182 3.034872
 14 226 3.070330
 15  14 3.105788
 15  57 3.140440
 15 101 3.175897
 15  89 3.166227
 15  97 3.172674
 15  80 3.158974
