  0   0 0.000000
  0  34 0.027399
  0  77 0.062051
  0 118 0.095092
  0 167 0.134579
  0 205 0.165201
  0 251 0.202271
  1  37 0.236117
  1  79 0.269963
  1 124 0.306227
  1 169 0.342491
  1 212 0.377143
  2   2 0.414212
  2  44 0.448059
  2  92 0.486740
  2 135 0.521392
  2 180 0.557656
  2 229 0.597143
  3  16 0.631795
  3  60 0.667253
  3 106 0.704322
  3 152 0.741392
  3 199 0.779267
  3 248 0.818755
  4  36 0.854212
  4  80 0.889670
  4 129 0.929158
  4 177 0.967839
  4 227 1.008132
  5  12 1.041172
  5  61 1.080659
