  0   0 0.000000
  0  37 0.029817
  0  89 0.071722
  0 139 0.112015
  0 189 0.152308
  0 238 0.191795
  1  31 0.231282
  1  81 0.271575
  1 132 0.312674
  1 182 0.352967
  1 233 0.394066
  2  30 0.436777
  2  76 0.473846
  2 122 0.510916
  2 174 0.552821
  2 228 0.596337
  3  20 0.635018
  3  73 0.677729
  3 119 0.714799
  3 172 0.757509
  3 221 0.796996
  4  16 0.838095
  4  67 0.879194
  4 117 0.919487
  4 165 0.958168
  4 214 0.997656
  5   9 1.038755
  5  63 1.082271
  5 108 1.118535
  5 158 1.158828
  5 208 1.199121
