  0   0 0.000000
  0  32 0.025788
  0  75 0.060440
  0 117 0.094286
  0 156 0.125714
  0 203 0.163590
  0 245 0.197436
  1  28 0.228864
  1  70 0.262711
  1 114 0.298168
  1 159 0.334432
  1 204 0.370696
  1 248 0.406154
  2  35 0.440806
  2  80 0.477070
  2 123 0.511722
  2 167 0.547179
  2 210 0.581832
  3   2 0.620513
  3  44 0.654359
  3  91 0.692234
  3 134 0.726886
  3 179 0.763150
  3 230 0.804249
  4  13 0.835678
  4  61 0.874359
  4 106 0.910623
  4 148 0.944469
  4 196 0.983150
  4 243 1.021026
  5  33 1.058095
