  0   0 0.000000
  0  39 0.031429
  0  81 0.065275
  0 134 0.107985
  0 183 0.147473
  0 232 0.186960
  1  22 0.224029
  1  68 0.261099
  1 113 0.297363
  1 162 0.336850
  1 211 0.376337
  2   5 0.416630
  2  51 0.453700
  2 101 0.493993
  2 148 0.531868
  2 194 0.568938
  2 243 0.608425
  3  36 0.647912
  3  87 0.689011
  3 134 0.726886
  3 184 0.767179
  3 231 0.805055
  4  24 0.844542
  4  75 0.885641
  4 128 0.928352
  4 174 0.965421
  4 223 1.004908
  5  17 1.045201
  5  68 1.086300
  5 115 1.124176
  5 168 1.166886
