  0   0 0.000000
  0  31 0.024982
  0  73 0.058828
  0 120 0.096703
  0 164 0.132161
  0 209 0.168425
  0 251 0.202271
  1  38 0.236923
  1  84 0.273993
  1 125 0.307033
  1 166 0.340073
  1 214 0.378755
  2   1 0.413407
  2  52 0.454505
  2  92 0.486740
  2 143 0.527839
  2 185 0.561685
  2 231 0.598755
  3  18 0.633407
  3  63 0.669670
  3 108 0.705934
  3 153 0.742198
  3 203 0.782491
  3 249 0.819560
  4  37 0.855018
  4  81 0.890476
  4 129 0.929158
  4 171 0.963004
  4 219 1.001685
  5   8 1.037949
  5  58 1.078242
