  0   0 0.000000
  0  38 0.030623
  0  91 0.073333
  0 135 0.108791
  0 185 0.149084
  0 234 0.188571
  1  26 0.227253
  1  73 0.265128
  1 121 0.303810
  1 174 0.346520
  1 224 0.386813
  2  17 0.426300
  2  63 0.463370
  2 114 0.504469
  2 165 0.545568
  2 218 0.588278
  3   9 0.626154
  3  59 0.666447
  3 120 0.715604
  3 162 0.749451
  3 211 0.788938
  4   9 0.832454
  4  56 0.870330
  4 108 0.912234
  4 162 0.955751
  4 217 1.000073
  5  11 1.040366
  5  61 1.080659
  5 108 1.118535
  5 167 1.166081
  5 219 1.207985
