  0   0 0.000000
  0  41 0.033040
  0  88 0.070916
  0 136 0.109597
  0 190 0.153114
  0 235 0.189377
  1  31 0.231282
  1  82 0.272381
  1 131 0.311868
  1 180 0.351355
  1 231 0.392454
  2  27 0.434359
  2  69 0.468205
  2 130 0.517363
  2 180 0.557656
  2 229 0.597143
  3  22 0.636630
  3  75 0.679341
  3 128 0.722051
  3 180 0.763956
  3 232 0.805861
  4  26 0.846154
  4  78 0.888059
  4 130 0.929963
  4 183 0.972674
  4 241 1.019414
  5  32 1.057289
  5  83 1.098388
  5 134 1.139487
  5 192 1.186227
  5 243 1.227326
