  0   0 0.000000
  0  34 0.027399
  0  93 0.074945
  0 142 0.114432
  0 188 0.151502
  0 237 0.190989
  1  32 0.232088
  1  79 0.269963
  1 134 0.314286
  1 183 0.353773
  1 233 0.394066
  2  26 0.433553
  2  74 0.472234
  2 135 0.521392
  2 176 0.554432
  2 233 0.600366
  3  26 0.639853
  3  80 0.683370
  3 130 0.723663
  3 177 0.761538
  3 237 0.809890
  4  25 0.845348
  4  83 0.892088
  4 136 0.934799
  4 185 0.974286
  4 237 1.016190
  5  35 1.059707
  5  87 1.101612
  5 137 1.141905
  5 190 1.184615
  5 246 1.229744
