  0  43 0.034652
  0 153 0.123297
  1  19 0.221612
  1 142 0.320733
  2  11 0.421465
  2 134 0.520586
  3   1 0.619707
  3 124 0.718828
  3 247 0.817949
  4 115 0.917875
  4 238 1.016996
  5 106 1.116923
  5 228 1.215238
  6  97 1.315971
  6 221 1.415897
  7  90 1.516630
  7 212 1.614945
  8  82 1.716484
  8 206 1.816410
  9  74 1.916337
  9 196 2.014652
 10  64 2.114579
 10 187 2.213700
 11  54 2.312821
 11 176 2.411136
 12  44 2.511062
 12 166 2.609377
 13  33 2.708498
 13 157 2.808425
 14  25 2.908352
 14 148 3.007473
