  0  37 0.029817
  0 147 0.118462
  1  12 0.215971
  1 136 0.315897
  2   5 0.416630
  2 128 0.515751
  2 251 0.614872
  3 116 0.712381
  3 241 0.813114
  4 109 0.913040
  4 234 1.013773
  5 102 1.113700
  5 224 1.212015
  6  93 1.312747
  6 217 1.412674
  7  86 1.513407
  7 209 1.612527
  8  78 1.713260
  8 203 1.813993
  9  71 1.913919
  9 193 2.012234
 10  61 2.112161
 10 185 2.212088
 11  53 2.312015
 11 176 2.411136
 12  43 2.510256
 12 165 2.608571
 13  32 2.707692
 13 156 2.807619
 14  24 2.907546
 14 147 3.006667
