  0  34 0.027399
  0 145 0.116850
  1  12 0.215971
  1 136 0.315897
  2   6 0.417436
  2 130 0.517363
  2 253 0.616484
  3 118 0.713993
  3 240 0.812308
  4 108 0.912234
  4 232 1.012161
  5 100 1.112088
  5 224 1.212015
  6  94 1.313553
  6 219 1.414286
  7  89 1.515824
  7 211 1.614139
  8  79 1.714066
  8 202 1.813187
  9  69 1.912308
  9 192 2.011429
 10  60 2.111355
 10 185 2.212088
 11  54 2.312821
 11 178 2.412747
 12  45 2.511868
 12 168 2.610989
 13  33 2.708498
 13 154 2.806007
 14  22 2.905934
 14 145 3.005055
