  0  35 0.028205
  0 147 0.118462
  1  14 0.217582
  1 137 0.316703
  2   6 0.417436
  2 128 0.515751
  2 252 0.615678
  3 117 0.713187
  3 240 0.812308
  4 108 0.912234
  4 233 1.012967
  5 103 1.114505
  5 226 1.213626
  6  96 1.315165
  6 220 1.415092
  7  88 1.515018
  7 210 1.613333
  8  78 1.713260
  8 201 1.812381
  9  70 1.913114
  9 193 2.012234
 10  62 2.112967
 10 187 2.213700
 11  56 2.314432
 11 178 2.412747
 12  44 2.511062
 12 166 2.609377
 13  32 2.707692
 13 155 2.806813
 14  24 2.907546
 14 147 3.006667
