  0  36 0.029011
  0 147 0.118462
  1  12 0.215971
  1 136 0.315897
  2   5 0.416630
  2 129 0.516557
  2 252 0.615678
  3 116 0.712381
  3 242 0.813919
  4 110 0.913846
  4 235 1.014579
  5 103 1.114505
  5 225 1.212821
  6  95 1.314359
  6 218 1.413480
  7  88 1.515018
  7 210 1.613333
  8  79 1.714066
  8 204 1.814799
  9  72 1.914725
  9 195 2.013846
 10  63 2.113773
 10 187 2.213700
 11  55 2.313626
 11 177 2.411941
 12  44 2.511062
 12 167 2.610183
 13  34 2.709304
 13 157 2.808425
 14  26 2.909158
 14 150 3.009084
