  0  35 0.028205
  0 146 0.117656
  1  12 0.215971
  1 136 0.315897
  2   5 0.416630
  2 129 0.516557
  2 252 0.615678
  3 119 0.714799
  3 242 0.813919
  4 110 0.913846
  4 233 1.012967
  5 102 1.113700
  5 225 1.212821
  6  94 1.313553
  6 218 1.413480
  7  89 1.515824
  7 211 1.614139
  8  81 1.715678
  8 205 1.815604
  9  72 1.914725
  9 195 2.013846
 10  62 2.112967
 10 186 2.212894
 11  55 2.313626
 11 177 2.411941
 12  45 2.511868
 12 169 2.611795
 13  37 2.711722
 13 158 2.809231
 14  26 2.909158
 14 149 3.008278
