  0  34 0.027399
  0 145 0.116850
  1  13 0.216777
  1 138 0.317509
  2   8 0.419048
  2 130 0.517363
  2 252 0.615678
  3 117 0.713187
  3 240 0.812308
  4 108 0.912234
  4 232 1.012161
  5 102 1.113700
  5 226 1.213626
  6  97 1.315971
  6 221 1.415897
  7  89 1.515824
  7 211 1.614139
  8  79 1.714066
  8 203 1.813993
  9  70 1.913114
  9 194 2.013040
 10  62 2.112967
 10 188 2.214505
 11  57 2.315238
 11 180 2.414359
 12  47 2.513480
 12 169 2.611795
 13  34 2.709304
 13 157 2.808425
 14  25 2.908352
 14 148 3.007473
