  0  36 0.029011
  0 147 0.118462
  1  12 0.215971
  1 136 0.315897
  2   5 0.416630
  2 128 0.515751
  2 251 0.614872
  3 117 0.713187
  3 241 0.813114
  4 110 0.913846
  4 235 1.014579
  5 103 1.114505
  5 225 1.212821
  6  95 1.314359
  6 219 1.414286
  7  88 1.515018
  7 211 1.614139
  8  79 1.714066
  8 204 1.814799
  9  74 1.916337
  9 196 2.014652
 10  64 2.114579
 10 187 2.213700
 11  56 2.314432
 11 177 2.411941
 12  46 2.512674
 12 168 2.610989
 13  34 2.709304
 13 158 2.809231
 14  27 2.909963
 14 150 3.009084
