  0  35 0.028205
  0 145 0.116850
  1  12 0.215971
  1 137 0.316703
  2   7 0.418242
  2 130 0.517363
  2 253 0.616484
  3 118 0.713993
  3 241 0.813114
  4 109 0.913040
  4 233 1.012967
  5 102 1.113700
  5 225 1.212821
  6  96 1.315165
  6 221 1.415897
  7  91 1.517436
  7 213 1.615751
  8  81 1.715678
  8 204 1.814799
  9  72 1.914725
  9 194 2.013040
 10  62 2.112967
 10 186 2.212894
 11  56 2.314432
 11 180 2.414359
 12  48 2.514286
 12 169 2.611795
 13  35 2.710110
 13 157 2.808425
 14  25 2.908352
 14 148 3.007473
