  0  35 0.028205
  0 146 0.117656
  1  12 0.215971
  1 136 0.315897
  2   7 0.418242
  2 131 0.518168
  2 254 0.617289
  3 119 0.714799
  3 241 0.813114
  4 108 0.912234
  4 233 1.012967
  5 102 1.113700
  5 226 1.213626
  6  96 1.315165
  6 220 1.415092
  7  91 1.517436
  7 214 1.616557
  8  81 1.715678
  8 205 1.815604
  9  72 1.914725
  9 194 2.013040
 10  62 2.112967
 10 187 2.213700
 11  56 2.314432
 11 179 2.413553
 12  48 2.514286
 12 170 2.612601
 13  37 2.711722
 13 158 2.809231
 14  26 2.909158
 14 148 3.007473
