  0  24 0.019341
  0 142 0.114432
  1   8 0.212747
  1 130 0.311062
  1 254 0.410989
  2 121 0.510110
  2 243 0.608425
  3 106 0.704322
  3 228 0.802637
  4  93 0.900147
  4 216 0.999267
  5  82 1.097582
  5 204 1.195897
  6  73 1.296630
  6 196 1.395751
  7  64 1.495678
  7 185 1.593187
  8  51 1.691502
  8 173 1.789817
  9  39 1.888132
  9 160 1.985641
 10  27 2.084762
 10 149 2.183077
 11  17 2.283004
 11 140 2.382125
 12   6 2.480440
 12 126 2.577143
 12 246 2.673846
 13 111 2.771355
 13 233 2.869670
 14  99 2.967985
