  0  26 0.020952
  0 143 0.115238
  1   9 0.213553
  1 130 0.311062
  1 253 0.410183
  2 118 0.507692
  2 240 0.606007
  3 104 0.702711
  3 225 0.800220
  4  93 0.900147
  4 216 0.999267
  5  84 1.099194
  5 205 1.196703
  6  72 1.295824
  6 194 1.394139
  7  61 1.493260
  7 182 1.590769
  8  49 1.689890
  8 172 1.789011
  9  39 1.888132
  9 161 1.986447
 10  28 2.085568
 10 151 2.184689
 11  18 2.283810
 11 138 2.380513
 12   3 2.478022
 12 123 2.574725
 12 245 2.673040
 13 110 2.770549
 13 232 2.868864
 14 100 2.968791
