  0  25 0.020147
  0 141 0.113626
  1   6 0.211136
  1 128 0.309451
  1 252 0.409377
  2 119 0.508498
  2 241 0.606813
  3 106 0.704322
  3 228 0.802637
  4  94 0.900952
  4 217 1.000073
  5  81 1.096777
  5 203 1.195092
  6  70 1.294212
  6 193 1.393333
  7  62 1.494066
  7 184 1.592381
  8  51 1.691502
  8 174 1.790623
  9  39 1.888132
  9 161 1.986447
 10  27 2.084762
 10 149 2.183077
 11  16 2.282198
 11 136 2.378901
 12   3 2.478022
 12 124 2.575531
 12 246 2.673846
 13 112 2.772161
 13 234 2.870476
 14  99 2.967985
