  0  25 0.020147
  0 142 0.114432
  1   6 0.211136
  1 128 0.309451
  1 252 0.409377
  2 118 0.507692
  2 240 0.606007
  3 105 0.703516
  3 228 0.802637
  4  94 0.900952
  4 216 0.999267
  5  82 1.097582
  5 203 1.195092
  6  71 1.295018
  6 193 1.393333
  7  61 1.493260
  7 183 1.591575
  8  51 1.691502
  8 174 1.790623
  9  39 1.888132
  9 161 1.986447
 10  27 2.084762
 10 149 2.183077
 11  16 2.282198
 11 137 2.379707
 12   3 2.478022
 12 124 2.575531
 12 246 2.673846
 13 112 2.772161
 13 234 2.870476
 14  99 2.967985
