  0  26 0.020952
  0 142 0.114432
  1   7 0.211941
  1 129 0.310256
  1 252 0.409377
  2 118 0.507692
  2 240 0.606007
  3 105 0.703516
  3 227 0.801832
  4  94 0.900952
  4 217 1.000073
  5  83 1.098388
  5 204 1.195897
  6  71 1.295018
  6 193 1.393333
  7  62 1.494066
  7 183 1.591575
  8  50 1.690696
  8 173 1.789817
  9  40 1.888938
  9 162 1.987253
 10  28 2.085568
 10 150 2.183883
 11  17 2.283004
 11 137 2.379707
 12   3 2.478022
 12 123 2.574725
 12 245 2.673040
 13 111 2.771355
 13 234 2.870476
 14 100 2.968791
