  0  24 0.019341
  0 140 0.112821
  1   7 0.211941
  1 129 0.310256
  1 254 0.410989
  2 120 0.509304
  2 241 0.606813
  3 104 0.702711
  3 226 0.801026
  4  93 0.900147
  4 215 0.998462
  5  82 1.097582
  5 203 1.195092
  6  72 1.295824
  6 195 1.394945
  7  64 1.495678
  7 184 1.592381
  8  51 1.691502
  8 172 1.789011
  9  38 1.887326
  9 159 1.984835
 10  26 2.083956
 10 149 2.183077
 11  16 2.282198
 11 137 2.379707
 12   5 2.479634
 12 126 2.577143
 12 247 2.674652
 13 110 2.770549
 13 232 2.868864
 14  99 2.967985
