  0  25 0.020147
  0 141 0.113626
  1   6 0.211136
  1 128 0.309451
  1 253 0.410183
  2 119 0.508498
  2 242 0.607619
  3 106 0.704322
  3 227 0.801832
  4  93 0.900147
  4 215 0.998462
  5  82 1.097582
  5 203 1.195092
  6  71 1.295018
  6 194 1.394139
  7  62 1.494066
  7 184 1.592381
  8  53 1.693114
  8 174 1.790623
  9  39 1.888132
  9 160 1.985641
 10  26 2.083956
 10 149 2.183077
 11  16 2.282198
 11 137 2.379707
 12   3 2.478022
 12 125 2.576337
 12 247 2.674652
 13 113 2.772967
 13 234 2.870476
 14 100 2.968791
