  0  11 0.008864
  0  71 0.057216
  0 132 0.106374
  0 194 0.156337
  1   1 0.207106
  1  62 0.256264
  1 124 0.306227
  1 185 0.355385
  1 247 0.405348
  2  54 0.456117
  2 117 0.506886
  2 179 0.556850
  2 241 0.606813
  3  47 0.656777
  3 109 0.706740
  3 172 0.757509
  3 233 0.806667
  4  39 0.856630
  4 101 0.906593
  4 164 0.957363
  4 226 1.007326
  5  33 1.058095
  5  95 1.108059
  5 157 1.158022
  5 219 1.207985
  6  25 1.257949
  6  86 1.307106
  6 147 1.356264
  6 209 1.406227
  7  15 1.456190
  7  77 1.506154
