  0  11 0.008864
  0  71 0.057216
  0 132 0.106374
  0 194 0.156337
  1   1 0.207106
  1  63 0.257070
  1 124 0.306227
  1 185 0.355385
  1 247 0.405348
  2  54 0.456117
  2 117 0.506886
  2 178 0.556044
  2 240 0.606007
  3  46 0.655971
  3 108 0.705934
  3 171 0.756703
  3 233 0.806667
  4  40 0.857436
  4 103 0.908205
  4 165 0.958168
  4 226 1.007326
  5  32 1.057289
  5  94 1.107253
  5 157 1.158022
  5 218 1.207179
  6  24 1.257143
  6  86 1.307106
  6 148 1.357070
  6 209 1.406227
  7  16 1.456996
  7  77 1.506154
