  0  10 0.008059
  0  70 0.056410
  0 131 0.105568
  0 194 0.156337
  1   1 0.207106
  1  63 0.257070
  1 125 0.307033
  1 186 0.356190
  1 247 0.405348
  2  54 0.456117
  2 116 0.506081
  2 178 0.556044
  2 240 0.606007
  3  46 0.655971
  3 109 0.706740
  3 172 0.757509
  3 233 0.806667
  4  41 0.858242
  4 103 0.908205
  4 164 0.957363
  4 225 1.006520
  5  32 1.057289
  5  94 1.107253
  5 156 1.157216
  5 218 1.207179
  6  25 1.257949
  6  87 1.307912
  6 148 1.357070
  6 209 1.406227
  7  15 1.456190
  7  77 1.506154
