  0  11 0.008864
  0  71 0.057216
  0 133 0.107179
  0 194 0.156337
  1   1 0.207106
  1  62 0.256264
  1 124 0.306227
  1 185 0.355385
  1 247 0.405348
  2  54 0.456117
  2 117 0.506886
  2 179 0.556850
  2 241 0.606813
  3  47 0.656777
  3 109 0.706740
  3 171 0.756703
  3 233 0.806667
  4  40 0.857436
  4 102 0.907399
  4 164 0.957363
  4 226 1.007326
  5  33 1.058095
  5  95 1.108059
  5 157 1.158022
  5 218 1.207179
  6  25 1.257949
  6  86 1.307106
  6 147 1.356264
  6 208 1.405421
  7  15 1.456190
  7  77 1.506154
