  0  33 0.026593
  0  50 0.040293
  0  72 0.058022
  0  97 0.078168
  0 117 0.094286
  0 141 0.113626
  0 165 0.132967
  0 189 0.152308
  0 208 0.167619
  0 232 0.186960
  0 253 0.203883
  1  24 0.225641
  1  46 0.243370
  1  69 0.261905
  1  92 0.280440
  1 115 0.298974
  1 136 0.315897
  1 159 0.334432
  1 183 0.353773
  1 209 0.374725
  1 229 0.390842
  1 249 0.406960
  2  16 0.425495
  2  41 0.445641
  2  63 0.463370
  2  86 0.481905
  2 110 0.501245
  2 131 0.518168
  2 152 0.535092
  2 174 0.552821
  2 200 0.573773
  2 221 0.590696
  2 244 0.609231
  3  11 0.627766
  3  30 0.643077
  3  51 0.660000
  3  75 0.679341
  3  99 0.698681
  3 122 0.717216
  3 141 0.732527
  3 165 0.751868
  3 184 0.767179
  3 208 0.786520
  3 233 0.806667
  4   0 0.825201
  4  25 0.845348
  4  49 0.864689
  4  67 0.879194
  4  94 0.900952
  4 117 0.919487
  4 141 0.938828
  4 165 0.958168
  4 184 0.973480
  4 201 0.987179
  4 226 1.007326
  4 245 1.022637
  5  15 1.043590
  5  38 1.062125
  5  59 1.079048
  5  82 1.097582
  5 106 1.116923
  5 129 1.135458
  5 155 1.156410
  5 178 1.174945
  5 200 1.192674
  5 221 1.209597
  5 240 1.224908
  6   4 1.241026
  6  28 1.260366
  6  51 1.278901
  6  76 1.299048
  6  99 1.317582
  6 118 1.332894
  6 145 1.354652
  6 166 1.371575
  6 188 1.389304
  6 213 1.409451
  6 229 1.422344
  6 249 1.438462
  7  18 1.458608
  7  40 1.476337
  7  68 1.498901
  7  93 1.519048
  7 114 1.535971
  7 134 1.552088
  7 152 1.566593
  7 178 1.587546
  7 196 1.602051
  7 224 1.624615
  7 249 1.644762
  8   6 1.655238
  8   3 1.652821
