  0  50 0.040293
  0  59 0.047546
  0  82 0.066081
  0 103 0.083004
  0 119 0.095897
  0 144 0.116044
  0 168 0.135385
  0 194 0.156337
  0 217 0.174872
  0 241 0.194212
  1   4 0.209524
  1  24 0.225641
  1  49 0.245788
  1  68 0.261099
  1  96 0.283663
  1 120 0.303004
  1 139 0.318315
  1 164 0.338462
  1 186 0.356190
  1 206 0.372308
  1 231 0.392454
  1 252 0.409377
  2  18 0.427106
  2  40 0.444835
  2  59 0.460147
  2  84 0.480293
  2 107 0.498828
  2 128 0.515751
  2 155 0.537509
  2 177 0.555238
  2 198 0.572161
  2 218 0.588278
  2 241 0.606813
  3   9 0.626154
  3  31 0.643883
  3  56 0.664029
  3  78 0.681758
  3  99 0.698681
  3 119 0.714799
  3 144 0.734945
  3 166 0.752674
  3 192 0.773626
  3 213 0.790549
  3 236 0.809084
  4   2 0.826813
  4  25 0.845348
  4  45 0.861465
  4  69 0.880806
  4  95 0.901758
  4 120 0.921905
  4 140 0.938022
  4 161 0.954945
  4 186 0.975092
  4 207 0.992015
  4 229 1.009744
  4 253 1.029084
  5  23 1.050037
  5  44 1.066960
  5  64 1.083077
  5  86 1.100806
  5 111 1.120952
  5 134 1.139487
  5 158 1.158828
  5 182 1.178168
  5 202 1.194286
  5 222 1.210403
  5 242 1.226520
  6  12 1.247473
  6  33 1.264396
  6  56 1.282930
  6  79 1.301465
  6  97 1.315971
  6 120 1.334505
  6 139 1.349817
  6 165 1.370769
  6 187 1.388498
  6 212 1.408645
  6 234 1.426374
  6 253 1.441685
  7  23 1.462637
  7  48 1.482784
  7  67 1.498095
  7  96 1.521465
  7 117 1.538388
  7 137 1.554505
  7 160 1.573040
  7 181 1.589963
  7 200 1.605275
  7 226 1.626227
  7 248 1.643956
  8   6 1.655238
  8   2 1.652015
