  0  45 0.036264
  0  56 0.045128
  0  79 0.063663
  0 101 0.081392
  0 124 0.099927
  0 148 0.119267
  0 169 0.136190
  0 191 0.153919
  0 214 0.172454
  0 235 0.189377
  1   3 0.208718
  1  29 0.229670
  1  51 0.247399
  1  71 0.263516
  1  93 0.281245
  1 115 0.298974
  1 137 0.316703
  1 164 0.338462
  1 186 0.356190
  1 207 0.373114
  1 228 0.390037
  1 248 0.406154
  2  15 0.424689
  2  40 0.444835
  2  64 0.464176
  2  89 0.484322
  2 111 0.502051
  2 131 0.518168
  2 153 0.535897
  2 176 0.554432
  2 199 0.572967
  2 221 0.590696
  2 246 0.610842
  3  12 0.628571
  3  34 0.646300
  3  55 0.663223
  3  77 0.680952
  3 100 0.699487
  3 124 0.718828
  3 147 0.737363
  3 170 0.755897
  3 192 0.773626
  3 214 0.791355
  3 236 0.809084
  4   2 0.826813
  4  26 0.846154
  4  51 0.866300
  4  72 0.883223
  4  94 0.900952
  4 115 0.917875
  4 137 0.935604
  4 162 0.955751
  4 186 0.975092
  4 209 0.993626
  4 230 1.010549
  4 252 1.028278
  5  17 1.045201
  5  39 1.062930
  5  62 1.081465
  5  87 1.101612
  5 111 1.120952
  5 133 1.138681
  5 152 1.153993
  5 174 1.171722
  5 197 1.190256
  5 221 1.209597
  5 245 1.228938
  6  11 1.246667
  6  34 1.265201
  6  54 1.281319
  6  75 1.298242
  6  99 1.317582
  6 123 1.336923
  6 146 1.355458
  6 169 1.373993
  6 188 1.389304
  6 210 1.407033
  6 235 1.427179
  6 253 1.441685
  7  23 1.462637
  7  48 1.482784
  7  68 1.498901
  7  89 1.515824
  7 110 1.532747
  7 134 1.552088
  7 159 1.572234
  7 183 1.591575
  7 205 1.609304
  7 226 1.626227
  7 247 1.643150
  8   6 1.655238
  8   6 1.655238
