  0  46 0.037070
  0  56 0.045128
  0  83 0.066886
  0 104 0.083810
  0 125 0.100733
  0 145 0.116850
  0 165 0.132967
  0 185 0.149084
  0 210 0.169231
  0 237 0.190989
  1   7 0.211941
  1  29 0.229670
  1  53 0.249011
  1  69 0.261905
  1  89 0.278022
  1 113 0.297363
  1 135 0.315092
  1 166 0.340073
  1 185 0.355385
  1 209 0.374725
  1 228 0.390037
  1 245 0.403736
  2  14 0.423883
  2  40 0.444835
  2  67 0.466593
  2  87 0.482711
  2 108 0.499634
  2 128 0.515751
  2 152 0.535092
  2 174 0.552821
  2 203 0.576190
  2 222 0.591502
  2 244 0.609231
  3   6 0.623736
  3  33 0.645495
  3  54 0.662418
  3  76 0.680147
  3  99 0.698681
  3 126 0.720440
  3 146 0.736557
  3 168 0.754286
  3 187 0.769597
  3 213 0.790549
  3 238 0.810696
  4   3 0.827619
  4  26 0.846154
  4  49 0.864689
  4  72 0.883223
  4  89 0.896923
  4 112 0.915458
  4 142 0.939634
  4 161 0.954945
  4 185 0.974286
  4 209 0.993626
  4 227 1.008132
  4 248 1.025055
  5  17 1.045201
  5  38 1.062125
  5  62 1.081465
  5  86 1.100806
  5 108 1.118535
  5 128 1.134652
  5 152 1.153993
  5 173 1.170916
  5 197 1.190256
  5 222 1.210403
  5 242 1.226520
  6  11 1.246667
  6  29 1.261172
  6  51 1.278901
  6  77 1.299853
  6  98 1.316777
  6 123 1.336923
  6 142 1.352234
  6 167 1.372381
  6 188 1.389304
  6 208 1.405421
  6 233 1.425568
  7   0 1.444103
  7  27 1.465861
  7  44 1.479560
  7  67 1.498095
  7  85 1.512601
  7 113 1.535165
  7 132 1.550476
  7 160 1.573040
  7 180 1.589158
  7 204 1.608498
  7 224 1.624615
  7 248 1.643956
  8   3 1.652821
  8   9 1.657656
