  0  43 0.034652
  0  55 0.044322
  0  78 0.062857
  0 102 0.082198
  0 124 0.099927
  0 144 0.116044
  0 167 0.134579
  0 189 0.152308
  0 213 0.171648
  0 237 0.190989
  1   4 0.209524
  1  27 0.228059
  1  50 0.246593
  1  69 0.261905
  1  93 0.281245
  1 114 0.298168
  1 137 0.316703
  1 162 0.336850
  1 183 0.353773
  1 204 0.370696
  1 228 0.390037
  1 249 0.406960
  2  16 0.425495
  2  40 0.444835
  2  64 0.464176
  2  85 0.481099
  2 108 0.499634
  2 128 0.515751
  2 150 0.533480
  2 174 0.552821
  2 199 0.572967
  2 223 0.592308
  2 243 0.608425
  3   7 0.624542
  3  30 0.643077
  3  54 0.662418
  3  76 0.680147
  3 102 0.701099
  3 125 0.719634
  3 146 0.736557
  3 167 0.753480
  3 190 0.772015
  3 213 0.790549
  3 236 0.809084
  4   4 0.828425
  4  28 0.847766
  4  48 0.863883
  4  69 0.880806
  4  92 0.899341
  4 114 0.917070
  4 139 0.937216
  4 162 0.955751
  4 185 0.974286
  4 204 0.989597
  4 228 1.008938
  4 251 1.027473
  5  16 1.044396
  5  41 1.064542
  5  64 1.083077
  5  86 1.100806
  5 108 1.118535
  5 129 1.135458
  5 153 1.154799
  5 176 1.173333
  5 199 1.191868
  5 222 1.210403
  5 245 1.228938
  6   8 1.244249
  6  29 1.261172
  6  55 1.282125
  6  76 1.299048
  6 100 1.318388
  6 122 1.336117
  6 143 1.353040
  6 165 1.370769
  6 187 1.388498
  6 208 1.405421
  6 232 1.424762
  7   0 1.444103
  7  23 1.462637
  7  44 1.479560
  7  64 1.495678
  7  89 1.515824
  7 111 1.533553
  7 137 1.554505
  7 157 1.570623
  7 181 1.589963
  7 200 1.605275
  7 224 1.624615
  7 244 1.640733
  8   3 1.652821
  8  11 1.659267
