  0  56 0.045128
  0  56 0.045128
  0  80 0.064469
  0 102 0.082198
  0 128 0.103150
  0 147 0.118462
  0 170 0.136996
  0 191 0.153919
  0 216 0.174066
  0 237 0.190989
  1   5 0.210330
  1  30 0.230476
  1  52 0.248205
  1  73 0.265128
  1  92 0.280440
  1 115 0.298974
  1 138 0.317509
  1 164 0.338462
  1 183 0.353773
  1 206 0.372308
  1 228 0.390037
  1 248 0.406154
  2  12 0.422271
  2  38 0.443223
  2  61 0.461758
  2  85 0.481099
  2 104 0.496410
  2 127 0.514945
  2 150 0.533480
  2 172 0.551209
  2 193 0.568132
  2 219 0.589084
  2 244 0.609231
  3   7 0.624542
  3  30 0.643077
  3  53 0.661612
  3  74 0.678535
  3  96 0.696264
  3 124 0.718828
  3 149 0.738974
  3 168 0.754286
  3 193 0.774432
  3 216 0.792967
  3 236 0.809084
  4   5 0.829231
  4  28 0.847766
  4  52 0.867106
  4  74 0.884835
  4  93 0.900147
  4 113 0.916264
  4 135 0.933993
  4 157 0.951722
  4 180 0.970256
  4 204 0.989597
  4 227 1.008132
  4 247 1.024249
  5  16 1.044396
  5  41 1.064542
  5  62 1.081465
  5  90 1.104029
  5 112 1.121758
  5 131 1.137070
  5 154 1.155604
  5 173 1.170916
  5 193 1.187033
  5 218 1.207179
  5 239 1.224103
  6  10 1.245861
  6  33 1.264396
  6  54 1.281319
  6  79 1.301465
  6 100 1.318388
  6 124 1.337729
  6 146 1.355458
  6 166 1.371575
  6 187 1.388498
  6 205 1.403004
  6 230 1.423150
  6 255 1.443297
  7  21 1.461026
  7  50 1.484396
  7  70 1.500513
  7  89 1.515824
  7 112 1.534359
  7 129 1.548059
  7 152 1.566593
  7 178 1.587546
  7 203 1.607692
  7 228 1.627839
  7 250 1.645568
  8   9 1.657656
  7 249 1.644762
