  0  66 0.053187
  0  90 0.072527
  0 135 0.108791
  0 181 0.145861
  0 221 0.178095
  1  10 0.214359
  1  55 0.250623
  1  96 0.283663
  1 143 0.321538
  1 188 0.357802
  1 232 0.393260
  2  28 0.435165
  2  73 0.471429
  2 115 0.505275
  2 160 0.541538
  2 203 0.576190
  2 247 0.611648
  3  38 0.649524
  3  82 0.684982
  3 127 0.721245
  3 173 0.758315
  3 217 0.793773
  4   4 0.828425
  4  50 0.865495
  4  93 0.900147
  4 137 0.935604
  4 184 0.973480
  4 231 1.011355
  5  21 1.048425
  5  66 1.084689
  5 109 1.119341
  5 153 1.154799
  5 197 1.190256
  5 241 1.225714
  6  32 1.263590
  6  77 1.299853
  6 124 1.337729
  6 170 1.374799
  6 213 1.409451
  7   0 1.444103
  7  47 1.481978
  7  91 1.517436
  7 137 1.554505
  7 181 1.589963
  7 227 1.627033
  8  18 1.664908
  8  62 1.700366
  8 106 1.735824
  8 150 1.771282
  8 194 1.806740
  8 239 1.843004
  9  28 1.879267
  9  75 1.917143
  9 121 1.954212
  9 166 1.990476
  9 209 2.025128
  9 253 2.060586
 10  41 2.096044
 10  86 2.132308
 10 132 2.169377
 10 178 2.206447
 10 224 2.243516
 11  14 2.280586
 11  58 2.316044
 11 101 2.350696
 11 146 2.386960
 11 189 2.421612
 11 232 2.456264
 12  23 2.494139
 12  69 2.531209
 12 114 2.567473
 12 157 2.602125
 12 201 2.637582
 12 244 2.672234
 13  32 2.707692
 13  77 2.743956
 13 122 2.780220
 13 168 2.817289
 13 213 2.853553
 14   2 2.889817
 14  46 2.925275
 14  89 2.959927
 14 134 2.996190
 14 179 3.032454
 14 225 3.069524
 15  17 3.108205
 15  64 3.146081
 15 109 3.182344
 15 153 3.217802
 15 159 3.222637
 15 161 3.224249
 15 168 3.229890
