  0  57 0.045934
  0  86 0.069304
  0 131 0.105568
  0 177 0.142637
  0 217 0.174872
  1   5 0.210330
  1  51 0.247399
  1  93 0.281245
  1 139 0.318315
  1 185 0.355385
  1 230 0.391648
  2  24 0.431941
  2  67 0.466593
  2 110 0.501245
  2 155 0.537509
  2 198 0.572161
  2 242 0.607619
  3  34 0.646300
  3  78 0.681758
  3 125 0.719634
  3 170 0.755897
  3 212 0.789744
  4   0 0.825201
  4  46 0.862271
  4  88 0.896117
  4 135 0.933993
  4 181 0.971062
  4 228 1.008938
  5  18 1.046007
  5  63 1.082271
  5 105 1.116117
  5 150 1.152381
  5 194 1.187839
  5 238 1.223297
  6  30 1.261978
  6  76 1.299048
  6 122 1.336117
  6 167 1.372381
  6 211 1.407839
  6 255 1.443297
  7  44 1.479560
  7  89 1.515824
  7 133 1.551282
  7 180 1.589158
  7 225 1.625421
  8  16 1.663297
  8  59 1.697949
  8 103 1.733407
  8 147 1.768864
  8 192 1.805128
  8 237 1.841392
  9  27 1.878462
  9  73 1.915531
  9 119 1.952601
  9 163 1.988059
  9 206 2.022711
  9 250 2.058168
 10  40 2.095238
 10  84 2.130696
 10 129 2.166960
 10 177 2.205641
 10 222 2.241905
 11  12 2.278974
 11  56 2.314432
 11 100 2.349890
 11 144 2.385348
 11 187 2.420000
 11 231 2.455458
 12  23 2.494139
 12  69 2.531209
 12 113 2.566667
 12 156 2.601319
 12 199 2.635971
 12 243 2.671429
 13  32 2.707692
 13  76 2.743150
 13 122 2.780220
 13 168 2.817289
 13 212 2.852747
 14   0 2.888205
 14  45 2.924469
 14  89 2.959927
 14 133 2.995385
 14 179 3.032454
 14 226 3.070330
 15  17 3.108205
 15  64 3.146081
 15 108 3.181538
 15 151 3.216190
 15 162 3.225055
 15 103 3.177509
 15 134 3.202491
