  0  67 0.053993
  0  89 0.071722
  0 132 0.106374
  0 178 0.143443
  0 219 0.176484
  1  10 0.214359
  1  59 0.253846
  1 102 0.288498
  1 148 0.325568
  1 192 0.361026
  1 234 0.394872
  2  26 0.433553
  2  70 0.469011
  2 114 0.504469
  2 161 0.542344
  2 207 0.579414
  2 251 0.614872
  3  40 0.651136
  3  80 0.683370
  3 124 0.718828
  3 170 0.755897
  3 213 0.790549
  4   5 0.829231
  4  51 0.866300
  4  96 0.902564
  4 139 0.937216
  4 184 0.973480
  4 228 1.008938
  5  17 1.045201
  5  63 1.082271
  5 108 1.118535
  5 154 1.155604
  5 200 1.192674
  5 244 1.228132
  6  33 1.264396
  6  78 1.300659
  6 122 1.336117
  6 168 1.373187
  6 213 1.409451
  7   4 1.447326
  7  51 1.485201
  7  95 1.520659
  7 139 1.556117
  7 182 1.590769
  7 225 1.625421
  8  14 1.661685
  8  60 1.698755
  8 105 1.735018
  8 152 1.772894
  8 197 1.809158
  8 241 1.844615
  9  28 1.879267
  9  73 1.915531
  9 118 1.951795
  9 162 1.987253
  9 208 2.024322
 10   0 2.063004
 10  45 2.099267
 10  88 2.133919
 10 132 2.169377
 10 177 2.205641
 10 221 2.241099
 11  10 2.277363
 11  58 2.316044
 11 103 2.352308
 11 149 2.389377
 11 191 2.423223
 11 233 2.457070
 12  23 2.494139
 12  67 2.529597
 12 111 2.565055
 12 156 2.601319
 12 202 2.638388
 12 248 2.675458
 13  35 2.710110
 13  78 2.744762
 13 122 2.780220
 13 166 2.815678
 13 211 2.851941
 14   0 2.888205
 14  48 2.926886
 14  93 2.963150
 14 137 2.998608
 14 181 3.034066
 14 225 3.069524
 15  16 3.107399
 15  61 3.143663
 15 107 3.180733
 15 154 3.218608
 15 163 3.225861
 15 175 3.235531
 15 178 3.237949
