  0  77 0.062051
  0  92 0.074139
  0 135 0.108791
  0 180 0.145055
  0 220 0.177289
  1  10 0.214359
  1  56 0.251429
  1 101 0.287692
  1 149 0.326374
  1 194 0.362637
  1 237 0.397289
  2  28 0.435165
  2  72 0.470623
  2 115 0.505275
  2 161 0.542344
  2 205 0.577802
  2 251 0.614872
  3  42 0.652747
  3  84 0.686593
  3 126 0.720440
  3 171 0.756703
  3 213 0.790549
  4   3 0.827619
  4  49 0.864689
  4  95 0.901758
  4 141 0.938828
  4 187 0.975897
  4 230 1.010549
  5  19 1.046813
  5  63 1.082271
  5 107 1.117729
  5 153 1.154799
  5 198 1.191062
  5 245 1.228938
  6  37 1.267619
  6  81 1.303077
  6 125 1.338535
  6 169 1.373993
  6 213 1.409451
  7   2 1.445714
  7  48 1.482784
  7  95 1.520659
  7 141 1.557729
  7 185 1.593187
  7 227 1.627033
  8  16 1.663297
  8  60 1.698755
  8 104 1.734212
  8 149 1.770476
  8 196 1.808352
  8 242 1.845421
  9  32 1.882491
  9  76 1.917949
  9 119 1.952601
  9 163 1.988059
  9 207 2.023516
  9 252 2.059780
 10  43 2.097656
 10  88 2.133919
 10 135 2.171795
 10 180 2.208059
 10 222 2.241905
 11  11 2.278168
 11  56 2.314432
 11 101 2.350696
 11 146 2.386960
 11 193 2.424835
 11 236 2.459487
 12  25 2.495751
 12  68 2.530403
 12 112 2.565861
 12 155 2.600513
 12 199 2.635971
 12 244 2.672234
 13  35 2.710110
 13  81 2.747179
 13 125 2.782637
 13 169 2.818095
 13 211 2.851941
 14   0 2.888205
 14  45 2.924469
 14  90 2.960733
 14 137 2.998608
 14 184 3.036484
 14 229 3.072747
 15  17 3.108205
 15  62 3.144469
 15 107 3.180733
 15 151 3.216190
 15 164 3.226667
 15 172 3.233114
 15 178 3.237949
