  0  68 0.054799
  0  95 0.076557
  0 137 0.110403
  0 182 0.146667
  0 222 0.178901
  1  14 0.217582
  1  61 0.255458
  1 106 0.291722
  1 152 0.328791
  1 196 0.364249
  1 237 0.397289
  2  29 0.435971
  2  75 0.473040
  2 118 0.507692
  2 167 0.547179
  2 213 0.584249
  3   1 0.619707
  3  46 0.655971
  3  87 0.689011
  3 130 0.723663
  3 176 0.760733
  3 217 0.793773
  4  11 0.834066
  4  58 0.871941
  4 101 0.906593
  4 145 0.942051
  4 189 0.977509
  4 232 1.012161
  5  21 1.048425
  5  66 1.084689
  5 112 1.121758
  5 158 1.158828
  5 203 1.195092
  5 248 1.231355
  6  36 1.266813
  6  79 1.301465
  6 125 1.338535
  6 170 1.374799
  6 216 1.411868
  7   6 1.448938
  7  54 1.487619
  7  99 1.523883
  7 142 1.558535
  7 184 1.592381
  7 228 1.627839
  8  18 1.664908
  8  63 1.701172
  8 109 1.738242
  8 156 1.776117
  8 201 1.812381
  8 244 1.847033
  9  31 1.881685
  9  76 1.917949
  9 120 1.953407
  9 164 1.988864
  9 211 2.026740
 10   2 2.064615
 10  47 2.100879
 10  90 2.135531
 10 134 2.170989
 10 179 2.207253
 10 223 2.242711
 11  12 2.278974
 11  59 2.316850
 11 106 2.354725
 11 151 2.390989
 11 193 2.424835
 11 235 2.458681
 12  24 2.494945
 12  68 2.530403
 12 112 2.565861
 12 158 2.602930
 12 203 2.639194
 12 248 2.675458
 13  36 2.710916
 13  79 2.745568
 13 123 2.781026
 13 167 2.816484
 13 211 2.851941
 14   2 2.889817
 14  48 2.926886
 14  94 2.963956
 14 138 2.999414
 14 182 3.034872
 14 226 3.070330
 15  16 3.107399
 15  62 3.144469
 15 108 3.181538
 15 155 3.219414
 15 163 3.225861
 15 166 3.228278
 15 167 3.229084
