  0  75 0.060440
  0  95 0.076557
  0 140 0.112821
  0 184 0.148278
  0 224 0.180513
  1  13 0.216777
  1  59 0.253846
  1 101 0.287692
  1 148 0.325568
  1 195 0.363443
  1 240 0.399707
  2  33 0.439194
  2  76 0.473846
  2 118 0.507692
  2 165 0.545568
  2 208 0.580220
  2 253 0.616484
  3  44 0.654359
  3  89 0.690623
  3 135 0.727692
  3 179 0.763150
  3 220 0.796190
  4   8 0.831648
  4  54 0.868718
  4  97 0.903370
  4 143 0.940440
  4 189 0.977509
  4 235 1.014579
  5  24 1.050842
  5  68 1.086300
  5 111 1.120952
  5 155 1.156410
  5 199 1.191868
  5 244 1.228132
  6  36 1.266813
  6  83 1.304689
  6 128 1.340952
  6 172 1.376410
  6 216 1.411868
  7   4 1.447326
  7  49 1.483590
  7  95 1.520659
  7 141 1.557729
  7 187 1.594799
  7 232 1.631062
  8  21 1.667326
  8  64 1.701978
  8 108 1.737436
  8 152 1.772894
  8 197 1.809158
  8 242 1.845421
  9  33 1.883297
  9  79 1.920366
  9 124 1.956630
  9 167 1.991282
  9 210 2.025934
  9 254 2.061392
 10  44 2.098462
 10  88 2.133919
 10 135 2.171795
 10 182 2.209670
 10 226 2.245128
 11  14 2.280586
 11  59 2.316850
 11 102 2.351502
 11 147 2.387766
 11 191 2.423223
 11 235 2.458681
 12  27 2.497363
 12  72 2.533626
 12 115 2.568278
 12 157 2.602125
 12 201 2.637582
 12 245 2.673040
 13  34 2.709304
 13  80 2.746374
 13 127 2.784249
 13 171 2.819707
 13 214 2.854359
 14   1 2.889011
 14  46 2.925275
 14  90 2.960733
 14 135 2.996996
 14 181 3.034066
 14 228 3.071941
 15  20 3.110623
 15  65 3.146886
 15 109 3.182344
 15 153 3.217802
 15 164 3.226667
 15 162 3.225055
 15 170 3.231502
