  0  75 0.060440
  0  98 0.078974
  0 141 0.113626
  0 185 0.149084
  0 229 0.184542
  1  21 0.223223
  1  66 0.259487
  1 107 0.292527
  1 152 0.328791
  1 196 0.364249
  1 238 0.398095
  2  31 0.437582
  2  76 0.473846
  2 121 0.510110
  2 169 0.548791
  2 212 0.583443
  3   0 0.618901
  3  45 0.655165
  3  87 0.689011
  3 130 0.723663
  3 178 0.762344
  3 221 0.796996
  4  13 0.835678
  4  59 0.872747
  4 101 0.906593
  4 145 0.942051
  4 189 0.977509
  4 234 1.013773
  5  24 1.050842
  5  70 1.087912
  5 117 1.125788
  5 162 1.162051
  5 204 1.195897
  5 248 1.231355
  6  37 1.267619
  6  80 1.302271
  6 126 1.339341
  6 172 1.376410
  6 219 1.414286
  7   9 1.451355
  7  54 1.487619
  7  98 1.523077
  7 141 1.557729
  7 185 1.593187
  7 228 1.627839
  8  19 1.665714
  8  65 1.702784
  8 111 1.739853
  8 157 1.776923
  8 200 1.811575
  8 243 1.846227
  9  32 1.882491
  9  76 1.917949
  9 121 1.954212
  9 167 1.991282
  9 214 2.029158
 10   3 2.065421
 10  48 2.101685
 10  91 2.136337
 10 134 2.170989
 10 180 2.208059
 10 222 2.241905
 11  14 2.280586
 11  61 2.318462
 11 107 2.355531
 11 151 2.390989
 11 193 2.424835
 11 235 2.458681
 12  24 2.494945
 12  68 2.530403
 12 114 2.567473
 12 160 2.604542
 12 205 2.640806
 12 249 2.676264
 13  36 2.710916
 13  79 2.745568
 13 123 2.781026
 13 168 2.817289
 13 212 2.852747
 14   3 2.890623
 14  50 2.928498
 14  93 2.963150
 14 136 2.997802
 14 181 3.034066
 14 226 3.070330
 15  16 3.107399
 15  62 3.144469
 15 109 3.182344
 15 156 3.220220
 15 168 3.229890
 15 160 3.223443
 15 164 3.226667
