  0  67 0.053993
  0  96 0.077363
  0 141 0.113626
  0 185 0.149084
  0 228 0.183736
  1  20 0.222418
  1  67 0.260293
  1 109 0.294139
  1 154 0.330403
  1 198 0.365861
  1 240 0.399707
  2  32 0.438388
  2  78 0.475458
  2 123 0.511722
  2 171 0.550403
  2 214 0.585055
  3   0 0.618901
  3  45 0.655165
  3  86 0.688205
  3 129 0.722857
  3 176 0.760733
  3 221 0.796996
  4  12 0.834872
  4  57 0.871136
  4 100 0.905788
  4 144 0.941245
  4 189 0.977509
  4 233 1.012967
  5  23 1.050037
  5  69 1.087106
  5 116 1.124982
  5 163 1.162857
  5 205 1.196703
  5 249 1.232161
  6  38 1.268425
  6  82 1.303883
  6 128 1.340952
  6 173 1.377216
  6 220 1.415092
  7  10 1.452161
  7  55 1.488425
  7  98 1.523077
  7 141 1.557729
  7 185 1.593187
  7 229 1.628645
  8  19 1.665714
  8  66 1.703590
  8 112 1.740659
  8 156 1.776117
  8 199 1.810769
  8 243 1.846227
  9  31 1.881685
  9  76 1.917949
  9 121 1.954212
  9 168 1.992088
  9 214 2.029158
 10   3 2.065421
 10  47 2.100879
 10  90 2.135531
 10 134 2.170989
 10 180 2.208059
 10 224 2.243516
 11  15 2.281392
 11  62 2.319267
 11 107 2.355531
 11 151 2.390989
 11 192 2.424029
 11 234 2.457875
 12  24 2.494945
 12  68 2.530403
 12 114 2.567473
 12 160 2.604542
 12 204 2.640000
 12 248 2.675458
 13  36 2.710916
 13  79 2.745568
 13 123 2.781026
 13 168 2.817289
 13 212 2.852747
 14   4 2.891429
 14  50 2.928498
 14  93 2.963150
 14 137 2.998608
 14 181 3.034066
 14 226 3.070330
 15  17 3.108205
 15  62 3.144469
 15 110 3.183150
 15 155 3.219414
 15 163 3.225861
 15 175 3.235531
 15 178 3.237949
