  0  75 0.060440
  0  99 0.079780
  0 142 0.114432
  0 187 0.150696
  0 227 0.182930
  1  20 0.222418
  1  68 0.261099
  1 112 0.296557
  1 158 0.333626
  1 201 0.368278
  1 244 0.402930
  2  36 0.441612
  2  79 0.476264
  2 124 0.512527
  2 171 0.550403
  2 216 0.586667
  3   5 0.622930
  3  49 0.658388
  3  90 0.691429
  3 132 0.725275
  3 178 0.762344
  3 220 0.796190
  4  11 0.834066
  4  58 0.871941
  4 103 0.908205
  4 148 0.944469
  4 192 0.979927
  4 235 1.014579
  5  24 1.050842
  5  69 1.087106
  5 115 1.124176
  5 160 1.160440
  5 207 1.198315
  5 252 1.234579
  6  41 1.270842
  6  85 1.306300
  6 129 1.341758
  6 174 1.378022
  6 218 1.413480
  7   9 1.451355
  7  56 1.489231
  7 102 1.526300
  7 146 1.561758
  7 189 1.596410
  7 231 1.630256
  8  20 1.666520
  8  64 1.701978
  8 109 1.738242
  8 155 1.775311
  8 202 1.813187
  8 247 1.849451
  9  36 1.885714
  9  79 1.920366
  9 123 1.955824
  9 167 1.991282
  9 211 2.026740
 10   2 2.064615
 10  48 2.101685
 10  94 2.138755
 10 138 2.174212
 10 183 2.210476
 10 225 2.244322
 11  14 2.280586
 11  59 2.316850
 11 104 2.353114
 11 150 2.390183
 11 195 2.426447
 11 239 2.461905
 12  27 2.497363
 12  70 2.532015
 12 113 2.566667
 12 158 2.602930
 12 202 2.638388
 12 248 2.675458
 13  40 2.714139
 13  84 2.749597
 13 128 2.785055
 13 170 2.818901
 13 213 2.853553
 14   1 2.889011
 14  46 2.925275
 14  92 2.962344
 14 139 3.000220
 14 185 3.037289
 14 230 3.073553
 15  19 3.109817
 15  62 3.144469
 15 107 3.180733
 15 152 3.216996
 15 163 3.225861
 15 159 3.222637
 15 171 3.232308
