  0  71 0.057216
  0 104 0.083810
  0 148 0.119267
  0 192 0.154725
  0 233 0.187766
  1  21 0.223223
  1  67 0.260293
  1 110 0.294945
  1 157 0.332821
  1 205 0.371502
  1 249 0.406960
  2  41 0.445641
  2  84 0.480293
  2 127 0.514945
  2 173 0.552015
  2 215 0.585861
  3   4 0.622125
  3  52 0.660806
  3  95 0.695458
  3 138 0.730110
  3 182 0.765568
  3 224 0.799414
  4  13 0.835678
  4  58 0.871941
  4 101 0.906593
  4 148 0.944469
  4 196 0.983150
  4 240 1.018608
  5  28 1.054066
  5  72 1.089524
  5 115 1.124176
  5 160 1.160440
  5 204 1.195897
  5 251 1.233773
  6  43 1.272454
  6  89 1.309524
  6 134 1.345788
  6 176 1.379634
  6 220 1.415092
  7  10 1.452161
  7  55 1.488425
  7 103 1.527106
  7 148 1.563370
  7 192 1.598828
  7 236 1.634286
  8  24 1.669744
  8  67 1.704396
  8 110 1.739048
  8 155 1.775311
  8 201 1.812381
  8 248 1.850256
  9  37 1.886520
  9  82 1.922784
  9 125 1.957436
  9 168 1.992088
  9 213 2.028352
 10   2 2.064615
 10  48 2.101685
 10  94 2.138755
 10 140 2.175824
 10 184 2.211282
 10 227 2.245934
 11  16 2.282198
 11  61 2.318462
 11 105 2.353919
 11 150 2.390183
 11 200 2.430476
 11 240 2.462711
 12  29 2.498974
 12  71 2.532821
 12 115 2.568278
 12 159 2.603736
 12 203 2.639194
 12 247 2.674652
 13  39 2.713333
 13  84 2.749597
 13 127 2.784249
 13 171 2.819707
 13 213 2.853553
 14   2 2.889817
 14  47 2.926081
 14  92 2.962344
 14 140 3.001026
 14 187 3.038901
 14 230 3.073553
 15  18 3.109011
 15  63 3.145275
 15 107 3.180733
 15 153 3.217802
 15 166 3.228278
 15 159 3.222637
 15 171 3.232308
