  0  22 0.017729
  0  25 0.020147
  0  29 0.023370
  0  33 0.026593
  0  36 0.029011
  0  40 0.032234
  0  44 0.035458
  0  49 0.039487
  0  53 0.042711
  0  58 0.046740
  0  62 0.049963
  0  66 0.053187
  0  70 0.056410
  0  73 0.058828
  0  77 0.062051
  0  81 0.065275
  0  85 0.068498
  0  89 0.071722
  0  94 0.075751
  0  99 0.079780
  0 103 0.083004
  0 107 0.086227
  0 111 0.089451
  0 114 0.091868
  0 118 0.095092
  0 122 0.098315
  0 126 0.101538
  0 130 0.104762
  0 135 0.108791
  0 139 0.112015
  0 143 0.115238
  0 147 0.118462
  0 151 0.121685
  0 155 0.124908
  0 159 0.128132
  0 163 0.131355
  0 167 0.134579
  0 172 0.138608
  0 176 0.141832
  0 181 0.145861
  0 185 0.149084
  0 188 0.151502
  0 192 0.154725
  0 197 0.158755
  0 200 0.161172
  0 204 0.164396
  0 209 0.168425
  0 213 0.171648
  0 217 0.174872
  0 221 0.178095
  0 225 0.181319
  0 229 0.184542
  0 232 0.186960
  0 237 0.190989
  0 241 0.194212
  0 245 0.197436
  0 249 0.200659
  0 254 0.204689
  1   3 0.208718
  1   6 0.211136
  1  10 0.214359
  1  14 0.217582
  1  18 0.220806
  1  23 0.224835
  1  26 0.227253
  1  30 0.230476
  1  34 0.233700
  1  39 0.237729
  1  43 0.240952
  1  47 0.244176
  1  51 0.247399
  1  55 0.250623
  1  59 0.253846
  1  63 0.257070
  1  67 0.260293
  1  71 0.263516
  1  75 0.266740
  1  80 0.270769
  1  84 0.273993
  1  87 0.276410
  1  91 0.279634
  1  95 0.282857
  1  99 0.286081
  1 103 0.289304
  1 108 0.293333
  1 112 0.296557
  1 117 0.300586
  1 121 0.303810
  1 124 0.306227
  1 128 0.309451
  1 132 0.312674
  1 135 0.315092
