  0  23 0.018535
  0  24 0.019341
  0  29 0.023370
  0  33 0.026593
  0  37 0.029817
  0  41 0.033040
  0  45 0.036264
  0  49 0.039487
  0  53 0.042711
  0  57 0.045934
  0  61 0.049158
  0  65 0.052381
  0  69 0.055604
  0  74 0.059634
  0  78 0.062857
  0  82 0.066081
  0  86 0.069304
  0  90 0.072527
  0  94 0.075751
  0  97 0.078168
  0 102 0.082198
  0 106 0.085421
  0 110 0.088645
  0 115 0.092674
  0 119 0.095897
  0 122 0.098315
  0 127 0.102344
  0 130 0.104762
  0 134 0.107985
  0 138 0.111209
  0 143 0.115238
  0 146 0.117656
  0 151 0.121685
  0 156 0.125714
  0 160 0.128938
  0 164 0.132161
  0 168 0.135385
  0 172 0.138608
  0 176 0.141832
  0 179 0.144249
  0 184 0.148278
  0 188 0.151502
  0 193 0.155531
  0 197 0.158755
  0 201 0.161978
  0 205 0.165201
  0 209 0.168425
  0 213 0.171648
  0 216 0.174066
  0 220 0.177289
  0 224 0.180513
  0 229 0.184542
  0 234 0.188571
  0 238 0.191795
  0 242 0.195018
  0 246 0.198242
  0 250 0.201465
  0 253 0.203883
  1   1 0.207106
  1   6 0.211136
  1  10 0.214359
  1  15 0.218388
  1  19 0.221612
  1  23 0.224835
  1  27 0.228059
  1  31 0.231282
  1  34 0.233700
  1  38 0.236923
  1  42 0.240147
  1  46 0.243370
  1  50 0.246593
  1  55 0.250623
  1  60 0.254652
  1  64 0.257875
  1  67 0.260293
  1  71 0.263516
  1  75 0.266740
  1  79 0.269963
  1  83 0.273187
  1  87 0.276410
  1  91 0.279634
  1  95 0.282857
  1 100 0.286886
  1 104 0.290110
  1 108 0.293333
  1 112 0.296557
  1 116 0.299780
  1 120 0.303004
  1 124 0.306227
  1 128 0.309451
  1 131 0.311868
  1 135 0.315092
