  0  23 0.018535
  0  24 0.019341
  0  28 0.022564
  0  32 0.025788
  0  36 0.029011
  0  41 0.033040
  0  45 0.036264
  0  50 0.040293
  0  53 0.042711
  0  57 0.045934
  0  61 0.049158
  0  65 0.052381
  0  69 0.055604
  0  73 0.058828
  0  77 0.062051
  0  81 0.065275
  0  86 0.069304
  0  91 0.073333
  0  95 0.076557
  0  98 0.078974
  0 102 0.082198
  0 105 0.084615
  0 110 0.088645
  0 114 0.091868
  0 118 0.095092
  0 122 0.098315
  0 126 0.101538
  0 131 0.105568
  0 135 0.108791
  0 139 0.112015
  0 142 0.114432
  0 146 0.117656
  0 151 0.121685
  0 155 0.124908
  0 159 0.128132
  0 164 0.132161
  0 168 0.135385
  0 173 0.139414
  0 176 0.141832
  0 180 0.145055
  0 184 0.148278
  0 188 0.151502
  0 192 0.154725
  0 196 0.157949
  0 200 0.161172
  0 204 0.164396
  0 209 0.168425
  0 213 0.171648
  0 217 0.174872
  0 220 0.177289
  0 224 0.180513
  0 228 0.183736
  0 233 0.187766
  0 236 0.190183
  0 240 0.193407
  0 245 0.197436
  0 250 0.201465
  0 254 0.204689
  1   2 0.207912
  1   6 0.211136
  1  10 0.214359
  1  14 0.217582
  1  18 0.220806
  1  22 0.224029
  1  26 0.227253
  1  30 0.230476
  1  35 0.234505
  1  39 0.237729
  1  43 0.240952
  1  46 0.243370
  1  50 0.246593
  1  54 0.249817
  1  58 0.253040
  1  62 0.256264
  1  66 0.259487
  1  72 0.264322
  1  76 0.267546
  1  80 0.270769
  1  84 0.273993
  1  87 0.276410
  1  91 0.279634
  1  95 0.282857
  1  99 0.286081
  1 103 0.289304
  1 108 0.293333
  1 111 0.295751
  1 116 0.299780
  1 121 0.303810
  1 125 0.307033
  1 128 0.309451
  1 131 0.311868
  1 135 0.315092
