  0  24 0.019341
  0  24 0.019341
  0  28 0.022564
  0  33 0.026593
  0  36 0.029011
  0  40 0.032234
  0  44 0.035458
  0  48 0.038681
  0  53 0.042711
  0  57 0.045934
  0  62 0.049963
  0  65 0.052381
  0  69 0.055604
  0  73 0.058828
  0  77 0.062051
  0  81 0.065275
  0  85 0.068498
  0  89 0.071722
  0  94 0.075751
  0  98 0.078974
  0 102 0.082198
  0 106 0.085421
  0 110 0.088645
  0 114 0.091868
  0 118 0.095092
  0 121 0.097509
  0 125 0.100733
  0 130 0.104762
  0 135 0.108791
  0 139 0.112015
  0 144 0.116044
  0 147 0.118462
  0 151 0.121685
  0 155 0.124908
  0 159 0.128132
  0 163 0.131355
  0 168 0.135385
  0 171 0.137802
  0 176 0.141832
  0 181 0.145861
  0 185 0.149084
  0 188 0.151502
  0 192 0.154725
  0 196 0.157949
  0 200 0.161172
  0 204 0.164396
  0 208 0.167619
  0 212 0.170842
  0 216 0.174066
  0 221 0.178095
  0 226 0.182125
  0 230 0.185348
  0 233 0.187766
  0 237 0.190989
  0 241 0.194212
  0 245 0.197436
  0 249 0.200659
  0 253 0.203883
  1   2 0.207912
  1   6 0.211136
  1  11 0.215165
  1  15 0.218388
  1  18 0.220806
  1  23 0.224835
  1  26 0.227253
  1  30 0.230476
  1  34 0.233700
  1  38 0.236923
  1  43 0.240952
  1  47 0.244176
  1  51 0.247399
  1  55 0.250623
  1  59 0.253846
  1  63 0.257070
  1  66 0.259487
  1  71 0.263516
  1  74 0.265934
  1  78 0.269158
  1  83 0.273187
  1  87 0.276410
  1  92 0.280440
  1  96 0.283663
  1 100 0.286886
  1 103 0.289304
  1 108 0.293333
  1 111 0.295751
  1 116 0.299780
  1 120 0.303004
  1 124 0.306227
  1 128 0.309451
  1 133 0.313480
  1 136 0.315897
