  0  24 0.019341
  0  24 0.019341
  0  28 0.022564
  0  32 0.025788
  0  37 0.029817
  0  41 0.033040
  0  45 0.036264
  0  49 0.039487
  0  53 0.042711
  0  57 0.045934
  0  61 0.049158
  0  65 0.052381
  0  69 0.055604
  0  73 0.058828
  0  77 0.062051
  0  82 0.066081
  0  86 0.069304
  0  90 0.072527
  0  94 0.075751
  0  98 0.078974
  0 102 0.082198
  0 106 0.085421
  0 109 0.087839
  0 114 0.091868
  0 117 0.094286
  0 122 0.098315
  0 127 0.102344
  0 131 0.105568
  0 135 0.108791
  0 138 0.111209
  0 142 0.114432
  0 147 0.118462
  0 151 0.121685
  0 154 0.124103
  0 158 0.127326
  0 163 0.131355
  0 168 0.135385
  0 172 0.138608
  0 177 0.142637
  0 180 0.145055
  0 184 0.148278
  0 188 0.151502
  0 192 0.154725
  0 196 0.157949
  0 200 0.161172
  0 204 0.164396
  0 209 0.168425
  0 213 0.171648
  0 217 0.174872
  0 220 0.177289
  0 224 0.180513
  0 228 0.183736
  0 232 0.186960
  0 236 0.190183
  0 241 0.194212
  0 245 0.197436
  0 250 0.201465
  0 254 0.204689
  1   2 0.207912
  1   6 0.211136
  1   9 0.213553
  1  13 0.216777
  1  18 0.220806
  1  22 0.224029
  1  26 0.227253
  1  30 0.230476
  1  34 0.233700
  1  39 0.237729
  1  43 0.240952
  1  48 0.244982
  1  51 0.247399
  1  54 0.249817
  1  59 0.253846
  1  63 0.257070
  1  66 0.259487
  1  71 0.263516
  1  75 0.266740
  1  80 0.270769
  1  84 0.273993
  1  88 0.277216
  1  92 0.280440
  1  95 0.282857
  1  99 0.286081
  1 104 0.290110
  1 107 0.292527
  1 112 0.296557
  1 116 0.299780
  1 120 0.303004
  1 125 0.307033
  1 128 0.309451
  1 132 0.312674
  1 135 0.315092
