  0  24 0.019341
  0  25 0.020147
  0  29 0.023370
  0  32 0.025788
  0  37 0.029817
  0  40 0.032234
  0  44 0.035458
  0  48 0.038681
  0  53 0.042711
  0  57 0.045934
  0  62 0.049963
  0  66 0.053187
  0  70 0.056410
  0  73 0.058828
  0  78 0.062857
  0  81 0.065275
  0  85 0.068498
  0  89 0.071722
  0  94 0.075751
  0  98 0.078974
  0 103 0.083004
  0 106 0.085421
  0 110 0.088645
  0 114 0.091868
  0 118 0.095092
  0 121 0.097509
  0 126 0.101538
  0 130 0.104762
  0 135 0.108791
  0 139 0.112015
  0 143 0.115238
  0 147 0.118462
  0 151 0.121685
  0 155 0.124908
  0 159 0.128132
  0 163 0.131355
  0 168 0.135385
  0 172 0.138608
  0 176 0.141832
  0 181 0.145861
  0 185 0.149084
  0 188 0.151502
  0 192 0.154725
  0 196 0.157949
  0 200 0.161172
  0 204 0.164396
  0 208 0.167619
  0 213 0.171648
  0 217 0.174872
  0 222 0.178901
  0 225 0.181319
  0 229 0.184542
  0 233 0.187766
  0 237 0.190989
  0 241 0.194212
  0 245 0.197436
  0 249 0.200659
  0 254 0.204689
  1   2 0.207912
  1   6 0.211136
  1  11 0.215165
  1  14 0.217582
  1  18 0.220806
  1  22 0.224029
  1  26 0.227253
  1  30 0.230476
  1  34 0.233700
  1  38 0.236923
  1  43 0.240952
  1  48 0.244982
  1  51 0.247399
  1  55 0.250623
  1  59 0.253846
  1  63 0.257070
  1  67 0.260293
  1  70 0.262711
  1  74 0.265934
  1  79 0.269963
  1  84 0.273993
  1  88 0.277216
  1  92 0.280440
  1  95 0.282857
  1  99 0.286081
  1 103 0.289304
  1 107 0.292527
  1 111 0.295751
  1 116 0.299780
  1 120 0.303004
  1 125 0.307033
  1 129 0.310256
  1 132 0.312674
  1 135 0.315092
