  0  24 0.019341
  0  25 0.020147
  0  29 0.023370
  0  32 0.025788
  0  36 0.029011
  0  40 0.032234
  0  45 0.036264
  0  49 0.039487
  0  53 0.042711
  0  57 0.045934
  0  62 0.049963
  0  66 0.053187
  0  70 0.056410
  0  73 0.058828
  0  77 0.062051
  0  81 0.065275
  0  85 0.068498
  0  90 0.072527
  0  94 0.075751
  0  98 0.078974
  0 103 0.083004
  0 106 0.085421
  0 110 0.088645
  0 114 0.091868
  0 118 0.095092
  0 122 0.098315
  0 126 0.101538
  0 130 0.104762
  0 135 0.108791
  0 139 0.112015
  0 143 0.115238
  0 148 0.119267
  0 151 0.121685
  0 155 0.124908
  0 159 0.128132
  0 163 0.131355
  0 167 0.134579
  0 172 0.138608
  0 176 0.141832
  0 181 0.145861
  0 185 0.149084
  0 188 0.151502
  0 192 0.154725
  0 196 0.157949
  0 200 0.161172
  0 204 0.164396
  0 208 0.167619
  0 213 0.171648
  0 218 0.175678
  0 222 0.178901
  0 225 0.181319
  0 229 0.184542
  0 233 0.187766
  0 237 0.190989
  0 241 0.194212
  0 245 0.197436
  0 249 0.200659
  0 253 0.203883
  1   2 0.207912
  1   6 0.211136
  1  10 0.214359
  1  14 0.217582
  1  18 0.220806
  1  22 0.224029
  1  26 0.227253
  1  31 0.231282
  1  35 0.234505
  1  39 0.237729
  1  43 0.240952
  1  47 0.244176
  1  51 0.247399
  1  54 0.249817
  1  59 0.253846
  1  62 0.256264
  1  66 0.259487
  1  71 0.263516
  1  75 0.266740
  1  80 0.270769
  1  84 0.273993
  1  87 0.276410
  1  91 0.279634
  1  95 0.282857
  1  99 0.286081
  1 103 0.289304
  1 107 0.292527
  1 112 0.296557
  1 116 0.299780
  1 121 0.303810
  1 125 0.307033
  1 129 0.310256
  1 132 0.312674
  1 135 0.315092
