  0  24 0.019341
  0  24 0.019341
  0  28 0.022564
  0  32 0.025788
  0  36 0.029011
  0  41 0.033040
  0  45 0.036264
  0  50 0.040293
  0  54 0.043516
  0  57 0.045934
  0  61 0.049158
  0  65 0.052381
  0  69 0.055604
  0  73 0.058828
  0  77 0.062051
  0  81 0.065275
  0  86 0.069304
  0  91 0.073333
  0  94 0.075751
  0  98 0.078974
  0 102 0.082198
  0 105 0.084615
  0 110 0.088645
  0 114 0.091868
  0 118 0.095092
  0 123 0.099121
  0 127 0.102344
  0 131 0.105568
  0 135 0.108791
  0 139 0.112015
  0 142 0.114432
  0 147 0.118462
  0 151 0.121685
  0 155 0.124908
  0 159 0.128132
  0 164 0.132161
  0 168 0.135385
  0 172 0.138608
  0 176 0.141832
  0 180 0.145055
  0 184 0.148278
  0 188 0.151502
  0 192 0.154725
  0 196 0.157949
  0 200 0.161172
  0 205 0.165201
  0 209 0.168425
  0 213 0.171648
  0 217 0.174872
  0 221 0.178095
  0 224 0.180513
  0 229 0.184542
  0 233 0.187766
  0 237 0.190989
  0 242 0.195018
  0 246 0.198242
  0 250 0.201465
  0 254 0.204689
  1   1 0.207106
  1   6 0.211136
  1   9 0.213553
  1  14 0.217582
  1  18 0.220806
  1  23 0.224835
  1  27 0.228059
  1  31 0.231282
  1  35 0.234505
  1  39 0.237729
  1  42 0.240147
  1  46 0.243370
  1  50 0.246593
  1  55 0.250623
  1  59 0.253846
  1  63 0.257070
  1  67 0.260293
  1  72 0.264322
  1  76 0.267546
  1  79 0.269963
  1  83 0.273187
  1  87 0.276410
  1  91 0.279634
  1  95 0.282857
  1  99 0.286081
  1 104 0.290110
  1 108 0.293333
  1 112 0.296557
  1 116 0.299780
  1 120 0.303004
  1 124 0.306227
  1 128 0.309451
  1 132 0.312674
  1 135 0.315092
