  0  24 0.019341
  0  24 0.019341
  0  28 0.022564
  0  32 0.025788
  0  37 0.029817
  0  41 0.033040
  0  45 0.036264
  0  49 0.039487
  0  53 0.042711
  0  57 0.045934
  0  61 0.049158
  0  65 0.052381
  0  69 0.055604
  0  74 0.059634
  0  78 0.062857
  0  82 0.066081
  0  86 0.069304
  0  91 0.073333
  0  94 0.075751
  0  98 0.078974
  0 102 0.082198
  0 105 0.084615
  0 109 0.087839
  0 114 0.091868
  0 118 0.095092
  0 123 0.099121
  0 127 0.102344
  0 131 0.105568
  0 135 0.108791
  0 139 0.112015
  0 143 0.115238
  0 147 0.118462
  0 150 0.120879
  0 155 0.124908
  0 159 0.128132
  0 164 0.132161
  0 168 0.135385
  0 173 0.139414
  0 176 0.141832
  0 180 0.145055
  0 184 0.148278
  0 188 0.151502
  0 191 0.153919
  0 196 0.157949
  0 200 0.161172
  0 205 0.165201
  0 209 0.168425
  0 214 0.172454
  0 217 0.174872
  0 221 0.178095
  0 225 0.181319
  0 229 0.184542
  0 233 0.187766
  0 237 0.190989
  0 241 0.194212
  0 246 0.198242
  0 250 0.201465
  0 254 0.204689
  1   2 0.207912
  1   6 0.211136
  1  10 0.214359
  1  14 0.217582
  1  18 0.220806
  1  22 0.224029
  1  27 0.228059
  1  31 0.231282
  1  35 0.234505
  1  39 0.237729
  1  42 0.240147
  1  46 0.243370
  1  51 0.247399
  1  54 0.249817
  1  58 0.253040
  1  63 0.257070
  1  67 0.260293
  1  71 0.263516
  1  76 0.267546
  1  80 0.270769
  1  84 0.273993
  1  87 0.276410
  1  91 0.279634
  1  95 0.282857
  1  99 0.286081
  1 104 0.290110
  1 108 0.293333
  1 113 0.297363
  1 116 0.299780
  1 120 0.303004
  1 124 0.306227
  1 128 0.309451
  1 131 0.311868
  1 135 0.315092
