  0  24 0.019341
  0  24 0.019341
  0  29 0.023370
  0  33 0.026593
  0  37 0.029817
  0  41 0.033040
  0  45 0.036264
  0  49 0.039487
  0  53 0.042711
  0  57 0.045934
  0  60 0.048352
  0  65 0.052381
  0  70 0.056410
  0  74 0.059634
  0  77 0.062051
  0  82 0.066081
  0  85 0.068498
  0  89 0.071722
  0  93 0.074945
  0  97 0.078168
  0 102 0.082198
  0 106 0.085421
  0 110 0.088645
  0 115 0.092674
  0 119 0.095897
  0 122 0.098315
  0 126 0.101538
  0 130 0.104762
  0 134 0.107985
  0 138 0.111209
  0 142 0.114432
  0 148 0.119267
  0 152 0.122491
  0 156 0.125714
  0 159 0.128132
  0 163 0.131355
  0 167 0.134579
  0 171 0.137802
  0 175 0.141026
  0 180 0.145055
  0 185 0.149084
  0 189 0.152308
  0 193 0.155531
  0 196 0.157949
  0 200 0.161172
  0 204 0.164396
  0 209 0.168425
  0 212 0.170842
  0 217 0.174872
  0 221 0.178095
  0 226 0.182125
  0 230 0.185348
  0 233 0.187766
  0 237 0.190989
  0 241 0.194212
  0 245 0.197436
  0 249 0.200659
  0 254 0.204689
  1   2 0.207912
  1   6 0.211136
  1  11 0.215165
  1  14 0.217582
  1  18 0.220806
  1  22 0.224029
  1  26 0.227253
  1  30 0.230476
  1  34 0.233700
  1  39 0.237729
  1  43 0.240952
  1  48 0.244982
  1  52 0.248205
  1  55 0.250623
  1  59 0.253846
  1  63 0.257070
  1  66 0.259487
  1  71 0.263516
  1  75 0.266740
  1  80 0.270769
  1  84 0.273993
  1  88 0.277216
  1  92 0.280440
  1  95 0.282857
  1  99 0.286081
  1 103 0.289304
  1 107 0.292527
  1 111 0.295751
  1 116 0.299780
  1 121 0.303810
  1 125 0.307033
  1 128 0.309451
  1 132 0.312674
  1 135 0.315092
