  0  35 0.028205
  0  81 0.065275
  0 143 0.115238
  0 205 0.165201
  1  13 0.216777
  1  75 0.266740
  1 135 0.315092
  1 195 0.363443
  2   3 0.415018
  2  64 0.464176
  2 124 0.512527
  2 185 0.561685
  2 249 0.613260
  3  55 0.663223
  3 115 0.711575
  3 178 0.762344
  3 242 0.813919
  4  48 0.863883
  4 107 0.911429
  4 169 0.961392
  4 232 1.012161
  5  37 1.061319
  5  98 1.110476
  5 160 1.160440
  5 223 1.211209
  6  30 1.261978
  6  89 1.309524
  6 150 1.358681
  6 211 1.407839
  7  19 1.459414
  7  80 1.508571
