  0  37 0.029817
  0  82 0.066081
  0 143 0.115238
  0 204 0.164396
  1  14 0.217582
  1  74 0.265934
  1 134 0.314286
  1 194 0.362637
  2   2 0.414212
  2  64 0.464176
  2 124 0.512527
  2 185 0.561685
  2 249 0.613260
  3  56 0.664029
  3 115 0.711575
  3 178 0.762344
  3 241 0.813114
  4  47 0.863077
  4 107 0.911429
  4 167 0.959780
  4 231 1.011355
  5  37 1.061319
  5  98 1.110476
  5 160 1.160440
  5 224 1.212015
  6  30 1.261978
  6  88 1.308718
  6 150 1.358681
  6 210 1.407033
  7  18 1.458608
  7  79 1.507766
