  0  36 0.029011
  0  83 0.066886
  0 144 0.116044
  0 205 0.165201
  1  14 0.217582
  1  75 0.266740
  1 135 0.315092
  1 195 0.363443
  2   3 0.415018
  2  64 0.464176
  2 124 0.512527
  2 185 0.561685
  2 249 0.613260
  3  55 0.663223
  3 116 0.712381
  3 178 0.762344
  3 241 0.813114
  4  46 0.862271
  4 107 0.911429
  4 168 0.960586
  4 230 1.010549
  5  37 1.061319
  5  98 1.110476
  5 161 1.161245
  5 224 1.212015
  6  30 1.261978
  6  88 1.308718
  6 150 1.358681
  6 210 1.407033
  7  18 1.458608
  7  79 1.507766
