  0  36 0.029011
  0  83 0.066886
  0 144 0.116044
  0 204 0.164396
  1  13 0.216777
  1  74 0.265934
  1 134 0.314286
  1 193 0.361832
  2   2 0.414212
  2  64 0.464176
  2 119 0.508498
  2 186 0.562491
  2 250 0.614066
  3  56 0.664029
  3 115 0.711575
  3 178 0.762344
  3 241 0.813114
  4  46 0.862271
  4 106 0.910623
  4 168 0.960586
  4 232 1.012161
  5  40 1.063736
  5  99 1.111282
  5 161 1.161245
  5 224 1.212015
  6  30 1.261978
  6  89 1.309524
  6 144 1.353846
  6 209 1.406227
  7  18 1.458608
  7  79 1.507766
