  0  36 0.029011
  0  83 0.066886
  0 143 0.115238
  0 205 0.165201
  1  13 0.216777
  1  74 0.265934
  1 134 0.314286
  1 194 0.362637
  2   3 0.415018
  2  63 0.463370
  2 124 0.512527
  2 187 0.563297
  2 249 0.613260
  3  55 0.663223
  3 115 0.711575
  3 178 0.762344
  3 240 0.812308
  4  47 0.863077
  4 107 0.911429
  4 168 0.960586
  4 233 1.012967
  5  38 1.062125
  5  98 1.110476
  5 160 1.160440
  5 224 1.212015
  6  30 1.261978
  6  88 1.308718
  6 149 1.357875
  6 209 1.406227
  7  18 1.458608
  7  79 1.507766
