  0  35 0.028205
  0  82 0.066081
  0 142 0.114432
  0 204 0.164396
  1  14 0.217582
  1  74 0.265934
  1 134 0.314286
  1 194 0.362637
  2   2 0.414212
  2  64 0.464176
  2 124 0.512527
  2 186 0.562491
  2 249 0.613260
  3  54 0.662418
  3 115 0.711575
  3 177 0.761538
  3 241 0.813114
  4  47 0.863077
  4 107 0.911429
  4 168 0.960586
  4 232 1.012161
  5  36 1.060513
  5  97 1.109670
  5 160 1.160440
  5 224 1.212015
  6  29 1.261172
  6  91 1.311136
  6 150 1.358681
  6 209 1.406227
  7  18 1.458608
  7  79 1.507766
