  0  36 0.029011
  0  82 0.066081
  0 144 0.116044
  0 205 0.165201
  1  13 0.216777
  1  74 0.265934
  1 134 0.314286
  1 193 0.361832
  2   2 0.414212
  2  63 0.463370
  2 124 0.512527
  2 186 0.562491
  2 249 0.613260
  3  55 0.663223
  3 115 0.711575
  3 178 0.762344
  3 241 0.813114
  4  47 0.863077
  4 106 0.910623
  4 168 0.960586
  4 232 1.012161
  5  38 1.062125
  5  97 1.109670
  5 160 1.160440
  5 224 1.212015
  6  30 1.261978
  6  88 1.308718
  6 149 1.357875
  6 209 1.406227
  7  18 1.458608
  7  79 1.507766
