  0  36 0.029011
  0  82 0.066081
  0 143 0.115238
  0 205 0.165201
  1  14 0.217582
  1  75 0.266740
  1 134 0.314286
  1 194 0.362637
  2   2 0.414212
  2  64 0.464176
  2 123 0.511722
  2 185 0.561685
  2 249 0.613260
  3  55 0.663223
  3 115 0.711575
  3 178 0.762344
  3 242 0.813919
  4  48 0.863883
  4 107 0.911429
  4 169 0.961392
  4 232 1.012161
  5  37 1.061319
  5  97 1.109670
  5 160 1.160440
  5 224 1.212015
  6  29 1.261172
  6  91 1.311136
  6 150 1.358681
  6 210 1.407033
  7  18 1.458608
  7  79 1.507766
