  0  35 0.028205
  0  82 0.066081
  0 143 0.115238
  0 205 0.165201
  1  13 0.216777
  1  74 0.265934
  1 134 0.314286
  1 194 0.362637
  2   2 0.414212
  2  63 0.463370
  2 123 0.511722
  2 185 0.561685
  2 248 0.612454
  3  56 0.664029
  3 116 0.712381
  3 178 0.762344
  3 241 0.813114
  4  47 0.863077
  4 107 0.911429
  4 168 0.960586
  4 231 1.011355
  5  37 1.061319
  5  98 1.110476
  5 160 1.160440
  5 224 1.212015
  6  30 1.261978
  6  89 1.309524
  6 149 1.357875
  6 210 1.407033
  7  17 1.457802
  7  79 1.507766
