  0  16 0.012894
  0  29 0.023370
  0  43 0.034652
  0  57 0.045934
  0  69 0.055604
  0  84 0.067692
  0  98 0.078974
  0 112 0.090256
  0 127 0.102344
  0 142 0.114432
  0 155 0.124908
  0 170 0.136996
  0 183 0.147473
  0 197 0.158755
  0 211 0.170037
  0 224 0.180513
  0 238 0.191795
  0 253 0.203883
  1  12 0.215971
  1  26 0.227253
  1  40 0.238535
  1  52 0.248205
  1  66 0.259487
  1  81 0.271575
  1  94 0.282051
  1 108 0.293333
  1 123 0.305421
  1 137 0.316703
  1 152 0.328791
  1 166 0.340073
  1 180 0.351355
  1 193 0.361832
  1 207 0.373114
  1 220 0.383590
  1 234 0.394872
  1 249 0.406960
  2   8 0.419048
  2  23 0.431136
  2  37 0.442418
  2  51 0.453700
  2  63 0.463370
  2  79 0.476264
  2  93 0.487546
  2 106 0.498022
  2 120 0.509304
  2 135 0.521392
  2 150 0.533480
  2 163 0.543956
  2 177 0.555238
  2 190 0.565714
  2 205 0.577802
  2 219 0.589084
  2 233 0.600366
  2 247 0.611648
  3   5 0.622930
  3  20 0.635018
  3  34 0.646300
  3  48 0.657582
  3  61 0.668059
  3  75 0.679341
  3  89 0.690623
  3 103 0.701905
  3 118 0.713993
  3 132 0.725275
  3 146 0.736557
  3 160 0.747839
  3 173 0.758315
  3 187 0.769597
  3 201 0.780879
  3 214 0.791355
  3 228 0.802637
  3 243 0.814725
  4   2 0.826813
  4  16 0.838095
  4  30 0.849377
  4  44 0.860659
  4  57 0.871136
  4  71 0.882418
  4  85 0.893700
  4  99 0.904982
  4 113 0.916264
  4 127 0.927546
  4 142 0.939634
  4 156 0.950916
  4 170 0.962198
  4 183 0.972674
  4 197 0.983956
  4 211 0.995238
  4 225 1.006520
  4 238 1.016996
  4 253 1.029084
  4 253 1.029084
