  0  19 0.015311
  0  29 0.023370
  0  43 0.034652
  0  57 0.045934
  0  70 0.056410
  0  84 0.067692
  0  99 0.079780
  0 113 0.091062
  0 128 0.103150
  0 142 0.114432
  0 156 0.125714
  0 170 0.136996
  0 184 0.148278
  0 197 0.158755
  0 211 0.170037
  0 225 0.181319
  0 238 0.191795
  0 254 0.204689
  1  12 0.215971
  1  25 0.226447
  1  41 0.239341
  1  53 0.249011
  1  68 0.261099
  1  81 0.271575
  1  95 0.282857
  1 108 0.293333
  1 123 0.305421
  1 137 0.316703
  1 152 0.328791
  1 167 0.340879
  1 180 0.351355
  1 193 0.361832
  1 207 0.373114
  1 220 0.383590
  1 235 0.395678
  1 249 0.406960
  2   8 0.419048
  2  23 0.431136
  2  37 0.442418
  2  51 0.453700
  2  66 0.465788
  2  79 0.476264
  2  93 0.487546
  2 108 0.499634
  2 120 0.509304
  2 135 0.521392
  2 149 0.532674
  2 164 0.544762
  2 178 0.556044
  2 192 0.567326
  2 205 0.577802
  2 219 0.589084
  2 233 0.600366
  2 247 0.611648
  3   5 0.622930
  3  20 0.635018
  3  34 0.646300
  3  49 0.658388
  3  61 0.668059
  3  75 0.679341
  3  89 0.690623
  3 103 0.701905
  3 116 0.712381
  3 132 0.725275
  3 146 0.736557
  3 160 0.747839
  3 174 0.759121
  3 187 0.769597
  3 202 0.781685
  3 215 0.792161
  3 229 0.803443
  3 243 0.814725
  4   1 0.826007
  4  16 0.838095
  4  30 0.849377
  4  45 0.861465
  4  58 0.871941
  4  71 0.882418
  4  84 0.892894
  4  99 0.904982
  4 113 0.916264
  4 127 0.927546
  4 141 0.938828
  4 155 0.950110
  4 170 0.962198
  4 184 0.973480
  4 198 0.984762
  4 211 0.995238
  4 225 1.006520
  4 238 1.016996
  4 252 1.028278
  4 253 1.029084
