  0  17 0.013700
  0  29 0.023370
  0  43 0.034652
  0  58 0.046740
  0  72 0.058022
  0  86 0.069304
  0  99 0.079780
  0 113 0.091062
  0 127 0.102344
  0 141 0.113626
  0 154 0.124103
  0 170 0.136996
  0 184 0.148278
  0 198 0.159560
  0 213 0.171648
  0 226 0.182125
  0 239 0.192601
  0 254 0.204689
  1  11 0.215165
  1  25 0.226447
  1  40 0.238535
  1  53 0.249011
  1  68 0.261099
  1  82 0.272381
  1  96 0.283663
  1 109 0.294139
  1 123 0.305421
  1 137 0.316703
  1 151 0.327985
  1 165 0.339267
  1 180 0.351355
  1 193 0.361832
  1 208 0.373919
  1 222 0.385201
  1 236 0.396484
  1 249 0.406960
  2   9 0.419853
  2  22 0.430330
  2  36 0.441612
  2  51 0.453700
  2  65 0.464982
  2  80 0.477070
  2  94 0.488352
  2 108 0.499634
  2 121 0.510110
  2 135 0.521392
  2 149 0.532674
  2 163 0.543956
  2 177 0.555238
  2 191 0.566520
  2 206 0.578608
  2 220 0.589890
  2 234 0.601172
  2 248 0.612454
  3   5 0.622930
  3  19 0.634212
  3  33 0.645495
  3  47 0.656777
  3  61 0.668059
  3  76 0.680147
  3  90 0.691429
  3 104 0.702711
  3 118 0.713993
  3 132 0.725275
  3 146 0.736557
  3 160 0.747839
  3 173 0.758315
  3 187 0.769597
  3 201 0.780879
  3 216 0.792967
  3 230 0.804249
  3 244 0.815531
  4   2 0.826813
  4  15 0.837289
  4  29 0.848571
  4  43 0.859853
  4  58 0.871941
  4  71 0.882418
  4  85 0.893700
  4  99 0.904982
  4 114 0.917070
  4 128 0.928352
  4 142 0.939634
  4 155 0.950110
  4 169 0.961392
  4 183 0.972674
  4 197 0.983956
  4 211 0.995238
  4 225 1.006520
  4 240 1.018608
  4 254 1.029890
  4 254 1.029890
