  0  17 0.013700
  0  28 0.022564
  0  43 0.034652
  0  58 0.046740
  0  71 0.057216
  0  86 0.069304
  0 100 0.080586
  0 113 0.091062
  0 128 0.103150
  0 141 0.113626
  0 154 0.124103
  0 170 0.136996
  0 183 0.147473
  0 198 0.159560
  0 213 0.171648
  0 226 0.182125
  0 240 0.193407
  0 254 0.204689
  1  11 0.215165
  1  25 0.226447
  1  39 0.237729
  1  53 0.249011
  1  67 0.260293
  1  82 0.272381
  1  96 0.283663
  1 110 0.294945
  1 124 0.306227
  1 137 0.316703
  1 151 0.327985
  1 165 0.339267
  1 179 0.350549
  1 193 0.361832
  1 208 0.373919
  1 222 0.385201
  1 237 0.397289
  1 250 0.407766
  2   7 0.418242
  2  22 0.430330
  2  36 0.441612
  2  50 0.452894
  2  65 0.464982
  2  79 0.476264
  2  94 0.488352
  2 108 0.499634
  2 123 0.511722
  2 135 0.521392
  2 149 0.532674
  2 163 0.543956
  2 176 0.554432
  2 191 0.566520
  2 206 0.578608
  2 220 0.589890
  2 235 0.601978
  2 248 0.612454
  3   5 0.622930
  3  19 0.634212
  3  33 0.645495
  3  47 0.656777
  3  61 0.668059
  3  75 0.679341
  3  90 0.691429
  3 104 0.702711
  3 118 0.713993
  3 133 0.726081
  3 146 0.736557
  3 160 0.747839
  3 173 0.758315
  3 187 0.769597
  3 201 0.780879
  3 216 0.792967
  3 230 0.804249
  3 244 0.815531
  4   2 0.826813
  4  15 0.837289
  4  29 0.848571
  4  43 0.859853
  4  57 0.871136
  4  71 0.882418
  4  85 0.893700
  4 100 0.905788
  4 114 0.917070
  4 128 0.928352
  4 142 0.939634
  4 155 0.950110
  4 169 0.961392
  4 183 0.972674
  4 197 0.983956
  4 211 0.995238
  4 226 1.007326
  4 240 1.018608
  4 254 1.029890
  4 253 1.029084
