  0  17 0.013700
  0  29 0.023370
  0  45 0.036264
  0  59 0.047546
  0  71 0.057216
  0  85 0.068498
  0  99 0.079780
  0 112 0.090256
  0 127 0.102344
  0 141 0.113626
  0 155 0.124908
  0 171 0.137802
  0 185 0.149084
  0 198 0.159560
  0 212 0.170842
  0 225 0.181319
  0 239 0.192601
  0 253 0.203883
  1  11 0.215165
  1  25 0.226447
  1  40 0.238535
  1  55 0.250623
  1  68 0.261099
  1  82 0.272381
  1  95 0.282857
  1 109 0.294139
  1 123 0.305421
  1 137 0.316703
  1 151 0.327985
  1 166 0.340073
  1 181 0.352161
  1 192 0.361026
  1 208 0.373919
  1 222 0.385201
  1 235 0.395678
  1 249 0.406960
  2   8 0.419048
  2  23 0.431136
  2  37 0.442418
  2  51 0.453700
  2  66 0.465788
  2  80 0.477070
  2  94 0.488352
  2 107 0.498828
  2 121 0.510110
  2 135 0.521392
  2 149 0.532674
  2 163 0.543956
  2 177 0.555238
  2 192 0.567326
  2 206 0.578608
  2 220 0.589890
  2 234 0.601172
  2 247 0.611648
  3   5 0.622930
  3  19 0.634212
  3  33 0.645495
  3  48 0.657582
  3  62 0.668864
  3  76 0.680147
  3  90 0.691429
  3 104 0.702711
  3 118 0.713993
  3 131 0.724469
  3 145 0.735751
  3 159 0.747033
  3 174 0.759121
  3 187 0.769597
  3 202 0.781685
  3 216 0.792967
  3 230 0.804249
  3 243 0.814725
  4   1 0.826007
  4  15 0.837289
  4  29 0.848571
  4  43 0.859853
  4  57 0.871136
  4  72 0.883223
  4  86 0.894505
  4  99 0.904982
  4 114 0.917070
  4 127 0.927546
  4 141 0.938828
  4 155 0.950110
  4 169 0.961392
  4 183 0.972674
  4 197 0.983956
  4 212 0.996044
  4 226 1.007326
  4 240 1.018608
  4 253 1.029084
  4 252 1.028278
