  0  18 0.014505
  0  29 0.023370
  0  43 0.034652
  0  58 0.046740
  0  71 0.057216
  0  85 0.068498
  0 100 0.080586
  0 112 0.090256
  0 128 0.103150
  0 142 0.114432
  0 155 0.124908
  0 170 0.136996
  0 184 0.148278
  0 197 0.158755
  0 212 0.170842
  0 226 0.182125
  0 241 0.194212
  0 255 0.205495
  1  13 0.216777
  1  25 0.226447
  1  40 0.238535
  1  53 0.249011
  1  67 0.260293
  1  81 0.271575
  1  95 0.282857
  1 110 0.294945
  1 124 0.306227
  1 139 0.318315
  1 152 0.328791
  1 166 0.340073
  1 180 0.351355
  1 193 0.361832
  1 207 0.373114
  1 221 0.384396
  1 236 0.396484
  1 251 0.408571
  2  10 0.420659
  2  24 0.431941
  2  37 0.442418
  2  51 0.453700
  2  65 0.464982
  2  79 0.476264
  2  93 0.487546
  2 107 0.498828
  2 122 0.510916
  2 136 0.522198
  2 151 0.534286
  2 164 0.544762
  2 178 0.556044
  2 192 0.567326
  2 205 0.577802
  2 219 0.589084
  2 233 0.600366
  2 247 0.611648
  3   6 0.623736
  3  21 0.635824
  3  35 0.647106
  3  49 0.658388
  3  62 0.668864
  3  75 0.679341
  3  89 0.690623
  3 103 0.701905
  3 118 0.713993
  3 132 0.725275
  3 147 0.737363
  3 161 0.748645
  3 175 0.759927
  3 188 0.770403
  3 201 0.780879
  3 216 0.792967
  3 229 0.803443
  3 243 0.814725
  4   1 0.826007
  4  16 0.838095
  4  30 0.849377
  4  45 0.861465
  4  58 0.871941
  4  71 0.882418
  4  85 0.893700
  4  99 0.904982
  4 113 0.916264
  4 127 0.927546
  4 141 0.938828
  4 156 0.950916
  4 170 0.962198
  4 184 0.973480
  4 198 0.984762
  4 211 0.995238
  4 225 1.006520
  4 239 1.017802
  4 252 1.028278
  4 252 1.028278
