  0  89 0.071722
  0 123 0.099121
  0 163 0.131355
  0 204 0.164396
  0 242 0.195018
  1  31 0.231282
  1  71 0.263516
  1 110 0.294945
  1 150 0.327179
  1 189 0.358608
  1 226 0.388425
  2  13 0.423077
  2  53 0.455311
  2  92 0.486740
  2 135 0.521392
  2 177 0.555238
  2 218 0.588278
  3   4 0.622125
  3  42 0.652747
  3  81 0.684176
  3 121 0.716410
  3 160 0.747839
  3 200 0.780073
  3 240 0.812308
  4  24 0.844542
  4  66 0.878388
  4 109 0.913040
  4 149 0.945275
  4 188 0.976703
  4 227 1.008132
  5  10 1.039560
  5  50 1.071795
  5  90 1.104029
  5 131 1.137070
  5 172 1.170110
  5 215 1.204762
  6   2 1.239414
  6  43 1.272454
  6  82 1.303883
  6 121 1.335311
  6 161 1.367546
  6 201 1.399780
  6 241 1.432015
  7  25 1.464249
  7  66 1.497289
  7 108 1.531136
  7 149 1.564176
  7 189 1.596410
  7 227 1.627033
  8  11 1.659267
  8  51 1.691502
  8  91 1.723736
  8 132 1.756777
  8 172 1.789011
  8 215 1.823663
  9   0 1.856703
  9  41 1.889744
  9  81 1.921978
  9 119 1.952601
  9 158 1.984029
  9 198 2.016264
  9 236 2.046886
 10  23 2.081538
 10  64 2.114579
 10 106 2.148425
 10 148 2.182271
 10 188 2.214505
 10 225 2.244322
 11   9 2.276557
 11  48 2.307985
 11  88 2.340220
 11 128 2.372454
 11 167 2.403883
 11 208 2.436923
 11 249 2.469963
 12  36 2.504615
 12  75 2.536044
 12 114 2.567473
 12 152 2.598095
 12 192 2.630330
 12 231 2.661758
 13  15 2.693993
 13  56 2.727033
 13  97 2.760073
 13 140 2.794725
 13 182 2.828571
 13 224 2.862418
 14   8 2.894652
 14  47 2.926081
 14  65 2.940586
 14  73 2.947033
 14  77 2.950256
