  0  89 0.071722
  0 124 0.099927
  0 167 0.134579
  0 208 0.167619
  0 244 0.196630
  1  27 0.228059
  1  68 0.261099
  1 106 0.291722
  1 148 0.325568
  1 189 0.358608
  1 228 0.390037
  2  18 0.427106
  2  57 0.458535
  2  95 0.489158
  2 135 0.521392
  2 175 0.553626
  2 214 0.585055
  3   0 0.618901
  3  39 0.650330
  3  80 0.683370
  3 123 0.718022
  3 163 0.750256
  3 203 0.782491
  3 243 0.814725
  4  24 0.844542
  4  64 0.876777
  4 105 0.909817
  4 145 0.942051
  4 185 0.974286
  4 226 1.007326
  5  12 1.041172
  5  53 1.074212
  5  94 1.107253
  5 132 1.137875
  5 172 1.170110
  5 212 1.202344
  5 252 1.234579
  6  39 1.269231
  6  79 1.301465
  6 120 1.334505
  6 164 1.369963
  6 205 1.403004
  6 246 1.436044
  7  27 1.465861
  7  65 1.496484
  7 105 1.528718
  7 145 1.560952
  7 184 1.592381
  7 226 1.626227
  8  12 1.660073
  8  56 1.695531
  8  95 1.726960
  8 134 1.758388
  8 173 1.789817
  8 212 1.821245
  8 252 1.853480
  9  36 1.885714
  9  77 1.918755
  9 119 1.952601
  9 162 1.987253
  9 203 2.020293
  9 241 2.050916
 10  24 2.082344
 10  64 2.114579
 10 103 2.146007
 10 144 2.179048
 10 184 2.211282
 10 224 2.243516
 11  11 2.278168
 11  53 2.312015
 11  92 2.343443
 11 130 2.374066
 11 169 2.405495
 11 208 2.436923
 11 246 2.467546
 12  31 2.500586
 12  71 2.532821
 12 113 2.566667
 12 153 2.598901
 12 195 2.632747
 12 235 2.664982
 13  18 2.696410
 13  57 2.727839
 13  98 2.760879
 13 137 2.792308
 13 179 2.826154
 13 220 2.859194
 14   7 2.893846
 14  49 2.927692
 14  69 2.943810
 14  17 2.901905
 13 249 2.882564
