  0  86 0.069304
  0 124 0.099927
  0 166 0.133773
  0 208 0.167619
  0 244 0.196630
  1  28 0.228864
  1  67 0.260293
  1 105 0.290916
  1 147 0.324762
  1 187 0.356996
  1 226 0.388425
  2  16 0.425495
  2  56 0.457729
  2  96 0.489963
  2 137 0.523004
  2 176 0.554432
  2 214 0.585055
  3   0 0.618901
  3  38 0.649524
  3  78 0.681758
  3 120 0.715604
  3 160 0.747839
  3 202 0.781685
  3 244 0.815531
  4  28 0.847766
  4  66 0.878388
  4 105 0.909817
  4 145 0.942051
  4 184 0.973480
  4 224 1.005714
  5   9 1.038755
  5  50 1.071795
  5  92 1.105641
  5 134 1.139487
  5 176 1.173333
  5 215 1.204762
  5 254 1.236190
  6  39 1.269231
  6  78 1.300659
  6 119 1.333700
  6 160 1.366740
  6 202 1.400586
  6 242 1.432821
  7  29 1.467473
  7  68 1.498901
  7 107 1.530330
  7 146 1.561758
  7 185 1.593187
  7 224 1.624615
  8  11 1.659267
  8  50 1.690696
  8  92 1.724542
  8 134 1.758388
  8 176 1.792234
  8 216 1.824469
  8 253 1.854286
  9  38 1.887326
  9  78 1.919560
  9 117 1.950989
  9 157 1.983223
  9 198 2.016264
  9 239 2.049304
 10  26 2.083956
 10  67 2.116996
 10 108 2.150037
 10 147 2.181465
 10 184 2.211282
 10 223 2.242711
 11   8 2.275751
 11  47 2.307179
 11  88 2.340220
 11 129 2.373260
 11 170 2.406300
 11 211 2.439341
 11 251 2.471575
 12  33 2.502198
 12  72 2.533626
 12 111 2.565055
 12 150 2.596484
 12 191 2.629524
 12 233 2.663370
 13  17 2.695604
 13  60 2.730256
 13 101 2.763297
 13 142 2.796337
 13 182 2.828571
 13 221 2.860000
 14   5 2.892234
 14  45 2.924469
 14  66 2.941392
 14  27 2.909963
 14   8 2.894652
