  0  87 0.070110
  0 120 0.096703
  0 162 0.130549
  0 204 0.164396
  0 243 0.195824
  1  30 0.230476
  1  70 0.262711
  1 107 0.292527
  1 148 0.325568
  1 187 0.356996
  1 225 0.387619
  2  12 0.422271
  2  52 0.454505
  2  92 0.486740
  2 136 0.522198
  2 177 0.555238
  2 217 0.587473
  3   2 0.620513
  3  39 0.650330
  3  79 0.682564
  3 120 0.715604
  3 158 0.746227
  3 198 0.778462
  3 240 0.812308
  4  25 0.845348
  4  67 0.879194
  4 108 0.912234
  4 147 0.943663
  4 186 0.975092
  4 225 1.006520
  5   9 1.038755
  5  49 1.070989
  5  89 1.103223
  5 130 1.136264
  5 172 1.170110
  5 215 1.204762
  6   2 1.239414
  6  42 1.271648
  6  80 1.302271
  6 119 1.333700
  6 160 1.366740
  6 200 1.398974
  6 240 1.431209
  7  25 1.464249
  7  66 1.497289
  7 108 1.531136
  7 149 1.564176
  7 189 1.596410
  7 226 1.626227
  8  10 1.658462
  8  50 1.690696
  8  91 1.723736
  8 131 1.755971
  8 172 1.789011
  8 214 1.822857
  9   0 1.856703
  9  41 1.889744
  9  80 1.921172
  9 118 1.951795
  9 157 1.983223
  9 197 2.015458
  9 237 2.047692
 10  22 2.080733
 10  64 2.114579
 10 106 2.148425
 10 148 2.182271
 10 188 2.214505
 10 225 2.244322
 11   9 2.276557
 11  48 2.307985
 11  88 2.340220
 11 128 2.372454
 11 167 2.403883
 11 208 2.436923
 11 249 2.469963
 12  35 2.503810
 12  74 2.535238
 12 113 2.566667
 12 152 2.598095
 12 191 2.629524
 12 231 2.661758
 13  15 2.693993
 13  56 2.727033
 13  98 2.760879
 13 140 2.794725
 13 183 2.829377
 13 223 2.861612
 14   7 2.893846
 14  47 2.926081
 14  62 2.938168
 14  74 2.947839
 14  73 2.947033
