  0  77 0.062051
  0 111 0.089451
  0 154 0.124103
  0 198 0.159560
  0 238 0.191795
  1  25 0.226447
  1  66 0.259487
  1 103 0.289304
  1 143 0.321538
  1 183 0.353773
  1 221 0.384396
  2   9 0.419853
  2  49 0.452088
  2  89 0.484322
  2 132 0.518974
  2 173 0.552015
  2 213 0.584249
  2 254 0.617289
  3  35 0.647106
  3  75 0.679341
  3 116 0.712381
  3 154 0.743004
  3 195 0.776044
  3 237 0.809890
  4  23 0.843736
  4  65 0.877582
  4 104 0.909011
  4 142 0.939634
  4 181 0.971062
  4 222 1.004103
  5   7 1.037143
  5  47 1.069377
  5  87 1.101612
  5 130 1.136264
  5 173 1.170916
  5 213 1.203150
  5 253 1.235385
  6  38 1.268425
  6  76 1.299048
  6 116 1.331282
  6 157 1.364322
  6 197 1.396557
  6 238 1.429597
  7  24 1.463443
  7  65 1.496484
  7 107 1.530330
  7 147 1.562564
  7 186 1.593993
  7 224 1.624615
  8   9 1.657656
  8  49 1.689890
  8  89 1.722125
  8 129 1.754359
  8 172 1.789011
  8 213 1.822051
  8 254 1.855092
  9  37 1.886520
  9  76 1.917949
  9 116 1.950183
  9 156 1.982418
  9 197 2.015458
  9 236 2.046886
 10  23 2.081538
 10  66 2.116190
 10 107 2.149231
 10 148 2.182271
 10 186 2.212894
 10 224 2.243516
 11   7 2.274945
 11  47 2.307179
 11  87 2.339414
 11 128 2.372454
 11 168 2.404689
 11 208 2.436923
 11 250 2.470769
 12  35 2.503810
 12  74 2.535238
 12 112 2.565861
 12 150 2.596484
 12 192 2.630330
 12 231 2.661758
 13  16 2.694799
 13  57 2.727839
 13 100 2.762491
 13 141 2.795531
 13 184 2.830183
 13 223 2.861612
 14   6 2.893040
 14  46 2.925275
 14  65 2.940586
 14  71 2.945421
 14  73 2.947033
