  0  55 0.044322
  0  60 0.048352
  0  80 0.064469
  0 101 0.081392
  0 123 0.099121
  0 145 0.116850
  0 170 0.136996
  0 193 0.155531
  0 217 0.174872
  0 239 0.192601
  1   1 0.207106
  1  27 0.228059
  1  49 0.245788
  1  73 0.265128
  1  97 0.284469
  1 119 0.302198
  1 140 0.319121
  1 162 0.336850
  1 182 0.352967
  1 205 0.371502
  1 230 0.391648
  1 252 0.409377
  2  20 0.428718
  2  39 0.444029
  2  63 0.463370
  2  84 0.480293
  2 107 0.498828
  2 133 0.519780
  2 157 0.539121
  2 179 0.556850
  2 197 0.571355
  2 222 0.591502
  2 243 0.608425
  3  12 0.628571
  3  34 0.646300
  3  60 0.667253
  3  79 0.682564
  3 102 0.701099
  3 123 0.718022
  3 145 0.735751
  3 172 0.757509
  3 193 0.774432
  3 217 0.793773
  3 239 0.811502
  4   5 0.829231
  4  24 0.844542
  4  48 0.863883
  4  75 0.885641
  4  97 0.903370
  4 119 0.921099
  4 137 0.935604
  4 161 0.954945
  4 185 0.974286
  4 208 0.992821
  4 233 1.012967
  4 253 1.029084
  5  19 1.046813
  5  38 1.062125
  5  62 1.081465
  5  86 1.100806
  5 109 1.119341
  5 137 1.141905
  5 157 1.158022
  5 178 1.174945
  5 202 1.194286
  5 222 1.210403
  5 242 1.226520
  6  12 1.247473
  6  32 1.263590
  6  53 1.280513
  6  77 1.299853
  6  97 1.315971
  6 121 1.335311
  6 145 1.354652
  6 169 1.373993
  6 190 1.390916
  6 212 1.408645
  6 234 1.426374
  6 253 1.441685
  7  22 1.461832
  7  47 1.481978
  7  70 1.500513
  7  91 1.517436
  7 111 1.533553
  7 134 1.552088
  7 156 1.569817
  7 177 1.586740
  7 204 1.608498
  7 225 1.625421
  7 248 1.643956
  8   3 1.652821
  8   8 1.656850
