  0  56 0.045128
  0  56 0.045128
  0  77 0.062051
  0 103 0.083004
  0 122 0.098315
  0 148 0.119267
  0 170 0.136996
  0 188 0.151502
  0 212 0.170842
  0 236 0.190183
  1   5 0.210330
  1  28 0.228864
  1  49 0.245788
  1  69 0.261905
  1  95 0.282857
  1 115 0.298974
  1 138 0.317509
  1 161 0.336044
  1 184 0.354579
  1 207 0.373114
  1 228 0.390037
  1 252 0.409377
  2  18 0.427106
  2  40 0.444835
  2  63 0.463370
  2  87 0.482711
  2 107 0.498828
  2 128 0.515751
  2 151 0.534286
  2 175 0.553626
  2 199 0.572967
  2 224 0.593114
  2 247 0.611648
  3  12 0.628571
  3  34 0.646300
  3  56 0.664029
  3  76 0.680147
  3  98 0.697875
  3 126 0.720440
  3 145 0.735751
  3 167 0.753480
  3 190 0.772015
  3 211 0.788938
  3 234 0.807473
  4   0 0.825201
  4  28 0.847766
  4  50 0.865495
  4  71 0.882418
  4  91 0.898535
  4 116 0.918681
  4 136 0.934799
  4 159 0.953333
  4 185 0.974286
  4 210 0.994432
  4 230 1.010549
  4 251 1.027473
  5  19 1.046813
  5  42 1.065348
  5  65 1.083883
  5  89 1.103223
  5 112 1.121758
  5 135 1.140293
  5 155 1.156410
  5 175 1.172527
  5 199 1.191868
  5 223 1.211209
  5 248 1.231355
  6  11 1.246667
  6  35 1.266007
  6  56 1.282930
  6  79 1.301465
  6  99 1.317582
  6 126 1.339341
  6 149 1.357875
  6 169 1.373993
  6 192 1.392527
  6 213 1.409451
  6 233 1.425568
  7   1 1.444908
  7  25 1.464249
  7  48 1.482784
  7  67 1.498095
  7  90 1.516630
  7 108 1.531136
  7 130 1.548864
  7 156 1.569817
  7 177 1.586740
  7 203 1.607692
  7 224 1.624615
  7 244 1.640733
  8   5 1.654432
  8   6 1.655238
