  0  52 0.041905
  0  56 0.045128
  0  78 0.062857
  0  98 0.078974
  0 122 0.098315
  0 144 0.116044
  0 169 0.136190
  0 192 0.154725
  0 213 0.171648
  0 237 0.190989
  1   2 0.207912
  1  23 0.224835
  1  46 0.243370
  1  74 0.265934
  1  94 0.282051
  1 116 0.299780
  1 137 0.316703
  1 162 0.336850
  1 182 0.352967
  1 204 0.370696
  1 225 0.387619
  1 249 0.406960
  2  20 0.428718
  2  41 0.445641
  2  62 0.462564
  2  86 0.481905
  2 107 0.498828
  2 130 0.517363
  2 153 0.535897
  2 176 0.554432
  2 196 0.570549
  2 219 0.589084
  2 242 0.607619
  3   7 0.624542
  3  33 0.645495
  3  57 0.664835
  3  81 0.684176
  3 103 0.701905
  3 123 0.718022
  3 144 0.734945
  3 166 0.752674
  3 191 0.772821
  3 214 0.791355
  3 235 0.808278
  4   5 0.829231
  4  24 0.844542
  4  45 0.861465
  4  66 0.878388
  4  92 0.899341
  4 114 0.917070
  4 138 0.936410
  4 162 0.955751
  4 184 0.973480
  4 204 0.989597
  4 226 1.007326
  4 251 1.027473
  5  19 1.046813
  5  42 1.065348
  5  63 1.082271
  5  87 1.101612
  5 108 1.118535
  5 130 1.136264
  5 152 1.153993
  5 180 1.176557
  5 201 1.193480
  5 224 1.212015
  5 242 1.226520
  6  12 1.247473
  6  33 1.264396
  6  56 1.282930
  6  77 1.299853
  6 104 1.321612
  6 125 1.338535
  6 144 1.353846
  6 168 1.373187
  6 188 1.389304
  6 213 1.409451
  6 235 1.427179
  7   5 1.448132
  7  24 1.463443
  7  43 1.478755
  7  67 1.498095
  7  87 1.514212
  7 110 1.532747
  7 136 1.553700
  7 157 1.570623
  7 178 1.587546
  7 198 1.603663
  7 222 1.623004
  7 241 1.638315
  8   4 1.653626
  8  12 1.660073
