  0  46 0.037070
  0  54 0.043516
  0  77 0.062051
  0 100 0.080586
  0 123 0.099121
  0 148 0.119267
  0 169 0.136190
  0 189 0.152308
  0 212 0.170842
  0 234 0.188571
  1   1 0.207106
  1  26 0.227253
  1  51 0.247399
  1  69 0.261905
  1  93 0.281245
  1 114 0.298168
  1 137 0.316703
  1 160 0.335238
  1 182 0.352967
  1 207 0.373114
  1 231 0.392454
  1 251 0.408571
  2  16 0.425495
  2  39 0.444029
  2  60 0.460952
  2  85 0.481099
  2 109 0.500440
  2 132 0.518974
  2 151 0.534286
  2 174 0.552821
  2 195 0.569744
  2 218 0.588278
  2 242 0.607619
  3  10 0.626960
  3  34 0.646300
  3  56 0.664029
  3  76 0.680147
  3  99 0.698681
  3 120 0.715604
  3 145 0.735751
  3 170 0.755897
  3 192 0.773626
  3 214 0.791355
  3 235 0.808278
  4   1 0.826007
  4  23 0.843736
  4  47 0.863077
  4  72 0.883223
  4  93 0.900147
  4 115 0.917875
  4 137 0.935604
  4 161 0.954945
  4 182 0.971868
  4 205 0.990403
  4 230 1.010549
  4 254 1.029890
  5  19 1.046813
  5  39 1.062930
  5  61 1.080659
  5  83 1.098388
  5 107 1.117729
  5 131 1.137070
  5 153 1.154799
  5 176 1.173333
  5 198 1.191062
  5 219 1.207985
  5 243 1.227326
  6   7 1.243443
  6  32 1.263590
  6  57 1.283736
  6  76 1.299048
  6  97 1.315971
  6 120 1.334505
  6 142 1.352234
  6 164 1.369963
  6 191 1.391722
  6 212 1.408645
  6 232 1.424762
  6 253 1.441685
  7  21 1.461026
  7  44 1.479560
  7  65 1.496484
  7  90 1.516630
  7 115 1.536777
  7 133 1.551282
  7 155 1.569011
  7 178 1.587546
  7 199 1.604469
  7 225 1.625421
  7 249 1.644762
  8   7 1.656044
  8  10 1.658462
