  0  41 0.033040
  0 152 0.122491
  1  19 0.221612
  1 143 0.321538
  2  11 0.421465
  2 133 0.519780
  3   0 0.618901
  3 120 0.715604
  3 243 0.814725
  4 113 0.916264
  4 239 1.017802
  5 108 1.118535
  5 230 1.216850
  6  99 1.317582
  6 222 1.416703
  7  91 1.517436
  7 213 1.615751
  8  83 1.717289
  8 208 1.818022
  9  74 1.916337
  9 198 2.016264
 10  64 2.114579
 10 188 2.214505
 11  56 2.314432
 11 179 2.413553
 12  47 2.513480
 12 170 2.612601
 13  38 2.712527
 13 159 2.810037
 14  26 2.909158
 14 149 3.008278
