  0  42 0.033846
  0 151 0.121685
  1  17 0.220000
  1 141 0.319927
  2  11 0.421465
  2 137 0.523004
  3   3 0.621319
  3 124 0.718828
  3 246 0.817143
  4 113 0.916264
  4 237 1.016190
  5 106 1.116923
  5 230 1.216850
  6 101 1.319194
  6 225 1.419121
  7  94 1.519853
  7 214 1.616557
  8  83 1.717289
  8 206 1.816410
  9  74 1.916337
  9 197 2.015458
 10  67 2.116996
 10 192 2.217729
 11  60 2.317656
 11 181 2.415165
 12  48 2.514286
 12 170 2.612601
 13  36 2.710916
 13 158 2.809231
 14  28 2.910769
 14 152 3.010696
