  0  43 0.034652
  0 153 0.123297
  1  19 0.221612
  1 142 0.320733
  2  11 0.421465
  2 133 0.519780
  3   1 0.619707
  3 123 0.718022
  3 247 0.817949
  4 116 0.918681
  4 240 1.018608
  5 107 1.117729
  5 229 1.216044
  6  98 1.316777
  6 222 1.416703
  7  92 1.518242
  7 215 1.617363
  8  85 1.718901
  8 209 1.818828
  9  76 1.917949
  9 197 2.015458
 10  64 2.114579
 10 188 2.214505
 11  57 2.315238
 11 180 2.414359
 12  49 2.515092
 12 172 2.614212
 13  38 2.712527
 13 160 2.810842
 14  26 2.909158
 14 149 3.008278
