  0  45 0.036264
  0 153 0.123297
  1  19 0.221612
  1 143 0.321538
  2  13 0.423077
  2 137 0.523004
  3   5 0.622930
  3 125 0.719634
  3 247 0.817949
  4 114 0.917070
  4 239 1.017802
  5 107 1.117729
  5 231 1.217656
  6 101 1.319194
  6 226 1.419927
  7  96 1.521465
  7 216 1.618168
  8  83 1.717289
  8 207 1.817216
  9  74 1.916337
  9 196 2.014652
 10  67 2.116996
 10 192 2.217729
 11  61 2.318462
 11 183 2.416777
 12  49 2.515092
 12 170 2.612601
 13  36 2.710916
 13 158 2.809231
 14  25 2.908352
 14 152 3.010696
