  0  45 0.036264
  0 155 0.124908
  1  22 0.224029
  1 145 0.323150
  2  13 0.423077
  2 135 0.521392
  3   2 0.620513
  3 123 0.718022
  3 247 0.817949
  4 117 0.919487
  4 242 1.020220
  5 110 1.120147
  5 232 1.218462
  6 101 1.319194
  6 224 1.418315
  7  92 1.518242
  7 215 1.617363
  8  84 1.718095
  8 209 1.818828
  9  78 1.919560
  9 200 2.017875
 10  67 2.116996
 10 190 2.216117
 11  58 2.316044
 11 180 2.414359
 12  48 2.514286
 12 171 2.613407
 13  39 2.713333
 13 161 2.811648
 14  29 2.911575
 14 151 3.009890
