  0  43 0.034652
  0 153 0.123297
  1  18 0.220806
  1 144 0.322344
  2  14 0.423883
  2 136 0.522198
  3   3 0.621319
  3 123 0.718022
  3 246 0.817143
  4 114 0.917070
  4 238 1.016996
  5 108 1.118535
  5 232 1.218462
  6 102 1.320000
  6 225 1.419121
  7  94 1.519853
  7 215 1.617363
  8  83 1.717289
  8 207 1.817216
  9  75 1.917143
  9 198 2.016264
 10  68 2.117802
 10 192 2.217729
 11  59 2.316850
 11 181 2.415165
 12  48 2.514286
 12 169 2.611795
 13  36 2.710916
 13 160 2.810842
 14  29 2.911575
 14 153 3.011502
