  0  42 0.033846
  0 151 0.121685
  1  18 0.220806
  1 143 0.321538
  2  14 0.423883
  2 137 0.523004
  3   2 0.620513
  3 123 0.718022
  3 246 0.817143
  4 113 0.916264
  4 238 1.016996
  5 107 1.117729
  5 231 1.217656
  6 102 1.320000
  6 225 1.419121
  7  93 1.519048
  7 215 1.617363
  8  83 1.717289
  8 206 1.816410
  9  74 1.916337
  9 198 2.016264
 10  68 2.117802
 10 192 2.217729
 11  59 2.316850
 11 180 2.414359
 12  47 2.513480
 12 169 2.611795
 13  36 2.710916
 13 158 2.809231
 14  27 2.909963
 14 151 3.009890
