  0  43 0.034652
  0 153 0.123297
  1  20 0.222418
  1 144 0.322344
  2  13 0.423077
  2 134 0.520586
  3   1 0.619707
  3 122 0.717216
  3 245 0.816337
  4 114 0.917070
  4 239 1.017802
  5 108 1.118535
  5 232 1.218462
  6 101 1.319194
  6 224 1.418315
  7  92 1.518242
  7 214 1.616557
  8  82 1.716484
  8 206 1.816410
  9  74 1.916337
  9 199 2.017070
 10  68 2.117802
 10 191 2.216923
 11  59 2.316850
 11 180 2.414359
 12  47 2.513480
 12 169 2.611795
 13  36 2.710916
 13 159 2.810037
 14  28 2.910769
 14 151 3.009890
