  0  41 0.033040
  0 151 0.121685
  1  17 0.220000
  1 141 0.319927
  2  12 0.422271
  2 136 0.522198
  3   3 0.621319
  3 123 0.718022
  3 245 0.816337
  4 112 0.915458
  4 237 1.016190
  5 105 1.116117
  5 230 1.216850
  6 100 1.318388
  6 224 1.418315
  7  94 1.519853
  7 215 1.617363
  8  83 1.717289
  8 205 1.815604
  9  73 1.915531
  9 196 2.014652
 10  65 2.115385
 10 191 2.216923
 11  60 2.317656
 11 181 2.415165
 12  48 2.514286
 12 169 2.611795
 13  35 2.710110
 13 157 2.808425
 14  26 2.909158
 14 150 3.009084
