  0  43 0.034652
  0 152 0.122491
  1  17 0.220000
  1 141 0.319927
  2  10 0.420659
  2 133 0.519780
  3   0 0.618901
  3 124 0.718828
  3 247 0.817949
  4 114 0.917070
  4 238 1.016996
  5 106 1.116923
  5 229 1.216044
  6  98 1.316777
  6 222 1.416703
  7  91 1.517436
  7 216 1.618168
  8  84 1.718095
  8 208 1.818022
  9  75 1.917143
  9 196 2.014652
 10  64 2.114579
 10 188 2.214505
 11  56 2.314432
 11 180 2.414359
 12  48 2.514286
 12 171 2.613407
 13  38 2.712527
 13 158 2.809231
 14  25 2.908352
 14 149 3.008278
