  0  33 0.026593
  0  54 0.043516
  0  78 0.062857
  0 102 0.082198
  0 123 0.099121
  0 145 0.116850
  0 167 0.134579
  0 188 0.151502
  0 211 0.170037
  0 233 0.187766
  0 254 0.204689
  1  23 0.224835
  1  45 0.242564
  1  67 0.260293
  1  90 0.278828
  1 112 0.296557
  1 133 0.313480
  1 156 0.332015
  1 176 0.348132
  1 198 0.365861
  1 221 0.384396
  1 243 0.402125
  2  10 0.420659
  2  33 0.439194
  2  54 0.456117
  2  76 0.473846
  2  99 0.492381
  2 120 0.509304
  2 142 0.527033
  2 165 0.545568
  2 188 0.564103
  2 210 0.581832
  2 232 0.599560
  2 254 0.617289
  3  20 0.635018
  3  42 0.652747
  3  65 0.671282
  3  87 0.689011
  3 109 0.706740
  3 132 0.725275
  3 155 0.743810
  3 177 0.761538
  3 199 0.779267
  3 221 0.796996
  3 242 0.813919
  4   9 0.832454
  4  31 0.850183
  4  54 0.868718
  4  76 0.886447
  4  99 0.904982
  4 121 0.922711
  4 144 0.941245
  4 165 0.958168
  4 187 0.975897
  4 209 0.993626
  4 231 1.011355
  4 253 1.029084
  5  20 1.047619
  5  43 1.066154
  5  65 1.083883
  5  88 1.102418
  5 109 1.119341
  5 131 1.137070
  5 154 1.155604
  5 176 1.173333
  5 198 1.191062
  5 220 1.208791
  5 242 1.226520
  6   9 1.245055
  6  32 1.263590
  6  53 1.280513
  6  75 1.298242
  6  97 1.315971
  6 118 1.332894
  6 140 1.350623
  6 163 1.369158
  6 186 1.387692
  6 208 1.405421
  6 229 1.422344
  6 251 1.440073
  7  17 1.457802
  7  39 1.475531
  7  61 1.493260
  7  83 1.510989
  7 105 1.528718
  7 128 1.547253
  7 151 1.565788
  7 172 1.582711
  7 194 1.600440
  7 216 1.618168
  7 230 1.629451
  7 228 1.627839
