  0  40 0.032234
  0  58 0.046740
  0  80 0.064469
  0 103 0.083004
  0 123 0.099121
  0 146 0.117656
  0 169 0.136190
  0 190 0.153114
  0 213 0.171648
  0 235 0.189377
  1   1 0.207106
  1  25 0.226447
  1  47 0.244176
  1  68 0.261099
  1  91 0.279634
  1 113 0.297363
  1 135 0.315092
  1 158 0.333626
  1 179 0.350549
  1 201 0.368278
  1 223 0.386007
  1 244 0.402930
  2  11 0.421465
  2  34 0.440000
  2  55 0.456923
  2  78 0.475458
  2 101 0.493993
  2 123 0.511722
  2 145 0.529451
  2 168 0.547985
  2 190 0.565714
  2 211 0.582637
  2 233 0.600366
  3   0 0.618901
  3  22 0.636630
  3  45 0.655165
  3  68 0.673700
  3  90 0.691429
  3 112 0.709158
  3 134 0.726886
  3 156 0.744615
  3 178 0.762344
  3 200 0.780073
  3 222 0.797802
  3 245 0.816337
  4  12 0.834872
  4  35 0.853407
  4  57 0.871136
  4  79 0.888864
  4 101 0.906593
  4 123 0.924322
  4 145 0.942051
  4 167 0.959780
  4 190 0.978315
  4 212 0.996044
  4 234 1.013773
  5   1 1.032308
  5  23 1.050037
  5  45 1.067766
  5  67 1.085495
  5  89 1.103223
  5 111 1.120952
  5 133 1.138681
  5 157 1.158022
  5 179 1.175751
  5 201 1.193480
  5 223 1.211209
  5 244 1.228132
  6  11 1.246667
  6  33 1.264396
  6  55 1.282125
  6  77 1.299853
  6 100 1.318388
  6 122 1.336117
  6 144 1.353846
  6 166 1.371575
  6 188 1.389304
  6 210 1.407033
  6 231 1.423956
  6 253 1.441685
  7  20 1.460220
  7  42 1.477949
  7  65 1.496484
  7  87 1.514212
  7 109 1.531941
  7 131 1.549670
  7 153 1.567399
  7 175 1.585128
  7 197 1.602857
  7 219 1.620586
  7 233 1.631868
  7 233 1.631868
