  0  41 0.033040
  0  58 0.046740
  0  80 0.064469
  0 103 0.083004
  0 123 0.099121
  0 145 0.116850
  0 169 0.136190
  0 190 0.153114
  0 214 0.172454
  0 236 0.190183
  1   2 0.207912
  1  25 0.226447
  1  47 0.244176
  1  68 0.261099
  1  91 0.279634
  1 112 0.296557
  1 134 0.314286
  1 158 0.333626
  1 180 0.351355
  1 201 0.368278
  1 224 0.386813
  1 245 0.403736
  2  12 0.422271
  2  34 0.440000
  2  55 0.456923
  2  78 0.475458
  2 100 0.493187
  2 123 0.511722
  2 146 0.530256
  2 168 0.547985
  2 190 0.565714
  2 212 0.583443
  2 234 0.601172
  3   0 0.618901
  3  22 0.636630
  3  44 0.654359
  3  67 0.672894
  3  90 0.691429
  3 112 0.709158
  3 134 0.726886
  3 157 0.745421
  3 179 0.763150
  3 201 0.780879
  3 223 0.798608
  3 245 0.816337
  4  12 0.834872
  4  35 0.853407
  4  57 0.871136
  4  79 0.888864
  4 102 0.907399
  4 124 0.925128
  4 145 0.942051
  4 167 0.959780
  4 189 0.977509
  4 212 0.996044
  4 234 1.013773
  5   1 1.032308
  5  24 1.050842
  5  45 1.067766
  5  68 1.086300
  5  90 1.104029
  5 112 1.121758
  5 134 1.139487
  5 156 1.157216
  5 179 1.175751
  5 201 1.193480
  5 224 1.212015
  5 245 1.228938
  6  12 1.247473
  6  34 1.265201
  6  56 1.282930
  6  77 1.299853
  6 100 1.318388
  6 121 1.335311
  6 144 1.353846
  6 167 1.372381
  6 189 1.390110
  6 211 1.407839
  6 232 1.424762
  6 254 1.442491
  7  20 1.460220
  7  43 1.478755
  7  64 1.495678
  7  87 1.514212
  7 109 1.531941
  7 132 1.550476
  7 154 1.568205
  7 176 1.585934
  7 198 1.603663
  7 220 1.621392
  7 233 1.631868
  7 231 1.630256
