  0  39 0.031429
  0  57 0.045934
  0  79 0.063663
  0 102 0.082198
  0 123 0.099121
  0 146 0.117656
  0 169 0.136190
  0 191 0.153919
  0 214 0.172454
  0 236 0.190183
  1   1 0.207106
  1  24 0.225641
  1  46 0.243370
  1  67 0.260293
  1  91 0.279634
  1 113 0.297363
  1 135 0.315092
  1 158 0.333626
  1 180 0.351355
  1 201 0.368278
  1 223 0.386007
  1 244 0.402930
  2  11 0.421465
  2  34 0.440000
  2  56 0.457729
  2  78 0.475458
  2 101 0.493993
  2 123 0.511722
  2 146 0.530256
  2 168 0.547985
  2 190 0.565714
  2 211 0.582637
  2 233 0.600366
  3   0 0.618901
  3  22 0.636630
  3  45 0.655165
  3  67 0.672894
  3  90 0.691429
  3 112 0.709158
  3 134 0.726886
  3 156 0.744615
  3 179 0.763150
  3 200 0.780073
  3 222 0.797802
  3 244 0.815531
  4  12 0.834872
  4  35 0.853407
  4  57 0.871136
  4  79 0.888864
  4 101 0.906593
  4 123 0.924322
  4 145 0.942051
  4 167 0.959780
  4 189 0.977509
  4 211 0.995238
  4 234 1.013773
  5   1 1.032308
  5  24 1.050842
  5  45 1.067766
  5  67 1.085495
  5  89 1.103223
  5 111 1.120952
  5 133 1.138681
  5 156 1.157216
  5 179 1.175751
  5 201 1.193480
  5 223 1.211209
  5 244 1.228132
  6  12 1.247473
  6  34 1.265201
  6  56 1.282930
  6  77 1.299853
  6  99 1.317582
  6 121 1.335311
  6 145 1.354652
  6 167 1.372381
  6 188 1.389304
  6 210 1.407033
  6 232 1.424762
  6 254 1.442491
  7  20 1.460220
  7  42 1.477949
  7  64 1.495678
  7  86 1.513407
  7 109 1.531941
  7 131 1.549670
  7 153 1.567399
  7 175 1.585128
  7 197 1.602857
  7 219 1.620586
  7 233 1.631868
  7 233 1.631868
