  0  39 0.031429
  0  57 0.045934
  0  80 0.064469
  0 103 0.083004
  0 124 0.099927
  0 146 0.117656
  0 169 0.136190
  0 190 0.153114
  0 212 0.170842
  0 234 0.188571
  1   0 0.206300
  1  24 0.225641
  1  47 0.244176
  1  68 0.261099
  1  92 0.280440
  1 113 0.297363
  1 135 0.315092
  1 157 0.332821
  1 178 0.349744
  1 199 0.366667
  1 222 0.385201
  1 243 0.402125
  2  11 0.421465
  2  34 0.440000
  2  56 0.457729
  2  78 0.475458
  2 100 0.493187
  2 122 0.510916
  2 144 0.528645
  2 166 0.546374
  2 188 0.564103
  2 211 0.582637
  2 233 0.600366
  3   0 0.618901
  3  22 0.636630
  3  45 0.655165
  3  66 0.672088
  3  89 0.690623
  3 110 0.707546
  3 132 0.725275
  3 155 0.743810
  3 178 0.762344
  3 200 0.780073
  3 223 0.798608
  3 245 0.816337
  4  11 0.834066
  4  34 0.852601
  4  55 0.869524
  4  77 0.887253
  4 100 0.905788
  4 122 0.923516
  4 145 0.942051
  4 167 0.959780
  4 190 0.978315
  4 211 0.995238
  4 233 1.012967
  4 255 1.030696
  5  21 1.048425
  5  43 1.066154
  5  66 1.084689
  5  89 1.103223
  5 111 1.120952
  5 134 1.139487
  5 156 1.157216
  5 178 1.174945
  5 200 1.192674
  5 221 1.209597
  5 243 1.227326
  6  10 1.245861
  6  33 1.264396
  6  55 1.282125
  6  77 1.299853
  6 100 1.318388
  6 121 1.335311
  6 144 1.353846
  6 165 1.370769
  6 187 1.388498
  6 209 1.406227
  6 230 1.423150
  6 252 1.440879
  7  19 1.459414
  7  42 1.477949
  7  64 1.495678
  7  86 1.513407
  7 108 1.531136
  7 129 1.548059
  7 152 1.566593
  7 173 1.583516
  7 196 1.602051
  7 217 1.618974
  7 232 1.631062
  7 233 1.631868
