  0  40 0.032234
  0  57 0.045934
  0  79 0.063663
  0 101 0.081392
  0 122 0.098315
  0 145 0.116850
  0 168 0.135385
  0 190 0.153114
  0 213 0.171648
  0 235 0.189377
  1   1 0.207106
  1  24 0.225641
  1  46 0.243370
  1  66 0.259487
  1  90 0.278828
  1 112 0.296557
  1 134 0.314286
  1 157 0.332821
  1 178 0.349744
  1 200 0.367473
  1 223 0.386007
  1 244 0.402930
  2  10 0.420659
  2  33 0.439194
  2  54 0.456117
  2  76 0.473846
  2 100 0.493187
  2 122 0.510916
  2 145 0.529451
  2 167 0.547179
  2 189 0.564908
  2 211 0.582637
  2 233 0.600366
  2 254 0.617289
  3  21 0.635824
  3  43 0.653553
  3  66 0.672088
  3  89 0.690623
  3 111 0.708352
  3 133 0.726081
  3 156 0.744615
  3 177 0.761538
  3 199 0.779267
  3 221 0.796996
  3 243 0.814725
  4  10 0.833260
  4  33 0.851795
  4  56 0.870330
  4  78 0.888059
  4 100 0.905788
  4 122 0.923516
  4 144 0.941245
  4 166 0.958974
  4 188 0.976703
  4 210 0.994432
  4 232 1.012161
  4 255 1.030696
  5  22 1.049231
  5  44 1.066960
  5  66 1.084689
  5  88 1.102418
  5 110 1.120147
  5 132 1.137875
  5 155 1.156410
  5 177 1.174139
  5 200 1.192674
  5 222 1.210403
  5 243 1.227326
  6  10 1.245861
  6  32 1.263590
  6  54 1.281319
  6  76 1.299048
  6  98 1.316777
  6 120 1.334505
  6 142 1.352234
  6 165 1.370769
  6 187 1.388498
  6 209 1.406227
  6 230 1.423150
  6 252 1.440879
  7  18 1.458608
  7  40 1.476337
  7  62 1.494066
  7  85 1.512601
  7 107 1.530330
  7 130 1.548864
  7 152 1.566593
  7 174 1.584322
  7 195 1.601245
  7 217 1.618974
  7 232 1.631062
  7 231 1.630256
