  0  38 0.030623
  0  56 0.045128
  0  79 0.063663
  0 102 0.082198
  0 124 0.099927
  0 146 0.117656
  0 169 0.136190
  0 189 0.152308
  0 212 0.170842
  0 234 0.188571
  1   0 0.206300
  1  24 0.225641
  1  46 0.243370
  1  68 0.261099
  1  91 0.279634
  1 113 0.297363
  1 134 0.314286
  1 157 0.332821
  1 178 0.349744
  1 199 0.366667
  1 222 0.385201
  1 243 0.402125
  2  11 0.421465
  2  34 0.440000
  2  55 0.456923
  2  77 0.474652
  2 100 0.493187
  2 122 0.510916
  2 144 0.528645
  2 166 0.546374
  2 188 0.564103
  2 210 0.581832
  2 233 0.600366
  3   0 0.618901
  3  22 0.636630
  3  44 0.654359
  3  66 0.672088
  3  88 0.689817
  3 110 0.707546
  3 132 0.725275
  3 155 0.743810
  3 178 0.762344
  3 200 0.780073
  3 222 0.797802
  3 244 0.815531
  4  11 0.834066
  4  33 0.851795
  4  55 0.869524
  4  77 0.887253
  4 100 0.905788
  4 122 0.923516
  4 145 0.942051
  4 167 0.959780
  4 189 0.977509
  4 211 0.995238
  4 232 1.012161
  4 254 1.029890
  5  21 1.048425
  5  43 1.066154
  5  66 1.084689
  5  89 1.103223
  5 111 1.120952
  5 133 1.138681
  5 156 1.157216
  5 177 1.174139
  5 199 1.191868
  5 221 1.209597
  5 242 1.226520
  6  10 1.245861
  6  32 1.263590
  6  55 1.282125
  6  77 1.299853
  6  99 1.317582
  6 120 1.334505
  6 142 1.352234
  6 164 1.369963
  6 186 1.387692
  6 208 1.405421
  6 230 1.423150
  6 252 1.440879
  7  19 1.459414
  7  41 1.477143
  7  63 1.494872
  7  85 1.512601
  7 107 1.530330
  7 129 1.548059
  7 151 1.565788
  7 173 1.583516
  7 195 1.601245
  7 218 1.619780
  7 232 1.631062
  7 232 1.631062
