  0  39 0.031429
  0  57 0.045934
  0  79 0.063663
  0 102 0.082198
  0 123 0.099121
  0 146 0.117656
  0 169 0.136190
  0 190 0.153114
  0 212 0.170842
  0 235 0.189377
  1   0 0.206300
  1  23 0.224835
  1  46 0.243370
  1  67 0.260293
  1  91 0.279634
  1 113 0.297363
  1 134 0.314286
  1 157 0.332821
  1 177 0.348938
  1 199 0.366667
  1 222 0.385201
  1 243 0.402125
  2  10 0.420659
  2  33 0.439194
  2  55 0.456923
  2  78 0.475458
  2 100 0.493187
  2 122 0.510916
  2 144 0.528645
  2 166 0.546374
  2 188 0.564103
  2 210 0.581832
  2 232 0.599560
  2 255 0.618095
  3  22 0.636630
  3  44 0.654359
  3  66 0.672088
  3  88 0.689817
  3 110 0.707546
  3 132 0.725275
  3 155 0.743810
  3 177 0.761538
  3 199 0.779267
  3 222 0.797802
  3 244 0.815531
  4  11 0.834066
  4  34 0.852601
  4  55 0.869524
  4  77 0.887253
  4  99 0.904982
  4 121 0.922711
  4 144 0.941245
  4 166 0.958974
  4 189 0.977509
  4 211 0.995238
  4 233 1.012967
  4 255 1.030696
  5  21 1.048425
  5  43 1.066154
  5  65 1.083883
  5  88 1.102418
  5 110 1.120147
  5 133 1.138681
  5 156 1.157216
  5 178 1.174945
  5 200 1.192674
  5 221 1.209597
  5 242 1.226520
  6   9 1.245055
  6  32 1.263590
  6  54 1.281319
  6  77 1.299853
  6  99 1.317582
  6 121 1.335311
  6 143 1.353040
  6 165 1.370769
  6 186 1.387692
  6 208 1.405421
  6 229 1.422344
  6 252 1.440879
  7  19 1.459414
  7  41 1.477143
  7  64 1.495678
  7  85 1.512601
  7 108 1.531136
  7 129 1.548059
  7 151 1.565788
  7 173 1.583516
  7 195 1.601245
  7 217 1.618974
  7 232 1.631062
  7 232 1.631062
