  0  40 0.032234
  0  57 0.045934
  0  80 0.064469
  0 102 0.082198
  0 122 0.098315
  0 145 0.116850
  0 168 0.135385
  0 189 0.152308
  0 212 0.170842
  0 235 0.189377
  1   1 0.207106
  1  24 0.225641
  1  46 0.243370
  1  67 0.260293
  1  90 0.278828
  1 112 0.296557
  1 133 0.313480
  1 157 0.332821
  1 178 0.349744
  1 200 0.367473
  1 222 0.385201
  1 244 0.402930
  2  10 0.420659
  2  33 0.439194
  2  54 0.456117
  2  77 0.474652
  2  99 0.492381
  2 122 0.510916
  2 144 0.528645
  2 167 0.547179
  2 189 0.564908
  2 211 0.582637
  2 232 0.599560
  2 254 0.617289
  3  21 0.635824
  3  43 0.653553
  3  66 0.672088
  3  88 0.689817
  3 111 0.708352
  3 133 0.726081
  3 155 0.743810
  3 178 0.762344
  3 200 0.780073
  3 221 0.796996
  3 243 0.814725
  4  11 0.834066
  4  33 0.851795
  4  56 0.870330
  4  78 0.888059
  4 100 0.905788
  4 122 0.923516
  4 144 0.941245
  4 166 0.958974
  4 188 0.976703
  4 210 0.994432
  4 232 1.012161
  4 255 1.030696
  5  22 1.049231
  5  44 1.066960
  5  66 1.084689
  5  88 1.102418
  5 110 1.120147
  5 132 1.137875
  5 154 1.155604
  5 177 1.174139
  5 199 1.191868
  5 222 1.210403
  5 243 1.227326
  6  11 1.246667
  6  32 1.263590
  6  54 1.281319
  6  76 1.299048
  6  98 1.316777
  6 120 1.334505
  6 142 1.352234
  6 165 1.370769
  6 187 1.388498
  6 209 1.406227
  6 230 1.423150
  6 252 1.440879
  7  19 1.459414
  7  40 1.476337
  7  62 1.494066
  7  84 1.511795
  7 107 1.530330
  7 129 1.548059
  7 152 1.566593
  7 174 1.584322
  7 196 1.602051
  7 217 1.618974
  7 232 1.631062
  7 231 1.630256
