  0  18 0.014505
  0 125 0.100733
  0 238 0.191795
  1  96 0.283663
  1 211 0.376337
  2  68 0.467399
  2 181 0.558462
  3  35 0.647106
  3 147 0.737363
  4   4 0.828425
  4 118 0.920293
  4 232 1.012161
  5  89 1.103223
  5 203 1.195092
  6  61 1.286960
  6 176 1.379634
  7  31 1.469084
  7 144 1.560147
  8   2 1.652015
  8 115 1.743077
  8 228 1.834139
  9  86 1.926007
  9 198 2.016264
 10  56 2.108132
 10 168 2.198388
 11  24 2.288645
 11 136 2.378901
 11 248 2.469158
 12 105 2.560220
 12 218 2.651282
 13  75 2.742344
