  0  20 0.016117
  0 125 0.100733
  0 237 0.190989
  1  94 0.282051
  1 209 0.374725
  2  67 0.466593
  2 180 0.557656
  3  36 0.647912
  3 148 0.738168
  4   5 0.829231
  4 118 0.920293
  4 232 1.012161
  5  89 1.103223
  5 202 1.194286
  6  61 1.286960
  6 176 1.379634
  7  33 1.470696
  7 145 1.560952
  8   3 1.652821
  8 115 1.743077
  8 227 1.833333
  9  84 1.924396
  9 197 2.015458
 10  56 2.108132
 10 169 2.199194
 11  26 2.290256
 11 137 2.379707
 11 249 2.469963
 12 105 2.560220
 12 217 2.650476
 13  74 2.741538
