  0  21 0.016923
  0 126 0.101538
  0 238 0.191795
  1  94 0.282051
  1 209 0.374725
  2  66 0.465788
  2 181 0.558462
  3  35 0.647106
  3 148 0.738168
  4   6 0.830037
  4 119 0.921099
  4 232 1.012161
  5  88 1.102418
  5 202 1.194286
  6  61 1.286960
  6 176 1.379634
  7  32 1.469890
  7 146 1.561758
  8   3 1.652821
  8 115 1.743077
  8 227 1.833333
  9  84 1.924396
  9 197 2.015458
 10  56 2.108132
 10 168 2.198388
 11  26 2.290256
 11 137 2.379707
 11 248 2.469158
 12 104 2.559414
 12 217 2.650476
 13  75 2.742344
