  0  19 0.015311
  0 125 0.100733
  0 237 0.190989
  1  95 0.282857
  1 210 0.375531
  2  67 0.466593
  2 181 0.558462
  3  36 0.647912
  3 148 0.738168
  4   5 0.829231
  4 118 0.920293
  4 232 1.012161
  5  88 1.102418
  5 202 1.194286
  6  61 1.286960
  6 177 1.380440
  7  33 1.470696
  7 145 1.560952
  8   3 1.652821
  8 114 1.742271
  8 227 1.833333
  9  84 1.924396
  9 198 2.016264
 10  57 2.108938
 10 169 2.199194
 11  26 2.290256
 11 137 2.379707
 11 249 2.469963
 12 105 2.560220
 12 217 2.650476
 13  73 2.740733
