  0  20 0.016117
  0 125 0.100733
  0 237 0.190989
  1  95 0.282857
  1 210 0.375531
  2  68 0.467399
  2 180 0.557656
  3  35 0.647106
  3 147 0.737363
  4   4 0.828425
  4 118 0.920293
  4 231 1.011355
  5  89 1.103223
  5 202 1.194286
  6  62 1.287766
  6 176 1.379634
  7  32 1.469890
  7 144 1.560147
  8   2 1.652015
  8 114 1.742271
  8 226 1.832527
  9  85 1.925201
  9 198 2.016264
 10  57 2.108938
 10 169 2.199194
 11  25 2.289451
 11 137 2.379707
 11 248 2.469158
 12 104 2.559414
 12 217 2.650476
 13  75 2.742344
