  0  20 0.016117
  0 125 0.100733
  0 238 0.191795
  1  95 0.282857
  1 209 0.374725
  2  67 0.466593
  2 180 0.557656
  3  36 0.647912
  3 149 0.738974
  4   5 0.829231
  4 119 0.921099
  4 232 1.012161
  5  88 1.102418
  5 202 1.194286
  6  61 1.286960
  6 176 1.379634
  7  33 1.470696
  7 146 1.561758
  8   3 1.652821
  8 115 1.743077
  8 227 1.833333
  9  84 1.924396
  9 197 2.015458
 10  56 2.108132
 10 168 2.198388
 11  25 2.289451
 11 138 2.380513
 11 249 2.469963
 12 105 2.560220
 12 217 2.650476
 13  75 2.742344
