  0  20 0.016117
  0 126 0.101538
  0 239 0.192601
  1  96 0.283663
  1 209 0.374725
  2  67 0.466593
  2 179 0.556850
  3  34 0.646300
  3 147 0.737363
  4   5 0.829231
  4 119 0.921099
  4 233 1.012967
  5  89 1.103223
  5 203 1.195092
  6  60 1.286154
  6 175 1.378828
  7  31 1.469084
  7 145 1.560952
  8   3 1.652821
  8 116 1.743883
  8 228 1.834139
  9  85 1.925201
  9 198 2.016264
 10  56 2.108132
 10 168 2.198388
 11  24 2.288645
 11 136 2.378901
 11 249 2.469963
 12 105 2.560220
 12 219 2.652088
 13  76 2.743150
