  0  20 0.016117
  0 125 0.100733
  0 237 0.190989
  1  95 0.282857
  1 209 0.374725
  2  66 0.465788
  2 179 0.556850
  3  35 0.647106
  3 149 0.738974
  4   6 0.830037
  4 119 0.921099
  4 232 1.012161
  5  88 1.102418
  5 202 1.194286
  6  60 1.286154
  6 175 1.378828
  7  32 1.469890
  7 146 1.561758
  8   4 1.653626
  8 115 1.743077
  8 227 1.833333
  9  85 1.925201
  9 198 2.016264
 10  56 2.108132
 10 168 2.198388
 11  25 2.289451
 11 137 2.379707
 11 249 2.469963
 12 105 2.560220
 12 218 2.651282
 13  75 2.742344
