  0  16 0.012894
  0 128 0.103150
  0 241 0.194212
  1  98 0.285275
  1 211 0.376337
  2  68 0.467399
  2 180 0.557656
  3  35 0.647106
  3 147 0.737363
  4   4 0.828425
  4 119 0.921099
  4 232 1.012161
  5  88 1.102418
  5 201 1.193480
  6  59 1.285348
  6 173 1.377216
  7  29 1.467473
  7 142 1.558535
  8   0 1.650403
  8 114 1.742271
  8 225 1.831722
  9  82 1.922784
  9 194 2.013040
 10  54 2.106520
 10 164 2.195165
 11  21 2.286227
 11 133 2.376484
 11 245 2.466740
 12 102 2.557802
 12 214 2.648059
 13  70 2.738315
