  0  17 0.013700
  0 127 0.102344
  0 238 0.191795
  1  96 0.283663
  1 210 0.375531
  2  69 0.468205
  2 181 0.558462
  3  35 0.647106
  3 147 0.737363
  4   4 0.828425
  4 117 0.919487
  4 230 1.010549
  5  87 1.101612
  5 202 1.194286
  6  60 1.286154
  6 174 1.378022
  7  30 1.468278
  7 142 1.558535
  8   0 1.650403
  8 112 1.740659
  8 224 1.830916
  9  81 1.921978
  9 195 2.013846
 10  54 2.106520
 10 166 2.196777
 11  22 2.287033
 11 133 2.376484
 11 245 2.466740
 12 100 2.556190
 12 213 2.647253
 13  70 2.738315
