  0  17 0.013700
  0 127 0.102344
  0 239 0.192601
  1  98 0.285275
  1 212 0.377143
  2  69 0.468205
  2 180 0.557656
  3  35 0.647106
  3 147 0.737363
  4   4 0.828425
  4 118 0.920293
  4 231 1.011355
  5  89 1.103223
  5 202 1.194286
  6  59 1.285348
  6 174 1.378022
  7  29 1.467473
  7 142 1.558535
  7 254 1.648791
  8 112 1.740659
  8 224 1.830916
  9  83 1.923590
  9 195 2.013846
 10  53 2.105714
 10 165 2.195971
 11  21 2.286227
 11 132 2.375678
 11 244 2.465934
 12 100 2.556190
 12 214 2.648059
 13  71 2.739121
