  0  19 0.015311
  0 128 0.103150
  0 240 0.193407
  1  96 0.283663
  1 210 0.375531
  2  67 0.466593
  2 177 0.555238
  3  36 0.647912
  3 149 0.738974
  4   5 0.829231
  4 118 0.920293
  4 231 1.011355
  5  87 1.101612
  5 200 1.192674
  6  58 1.284542
  6 173 1.377216
  7  30 1.468278
  7 143 1.559341
  8   0 1.650403
  8 112 1.740659
  8 224 1.830916
  9  81 1.921978
  9 193 2.012234
 10  53 2.105714
 10 165 2.195971
 11  23 2.287839
 11 134 2.377289
 11 245 2.466740
 12 101 2.556996
 12 213 2.647253
 13  70 2.738315
