  0  17 0.013700
  0 127 0.102344
  0 240 0.193407
  1  98 0.285275
  1 212 0.377143
  2  69 0.468205
  2 180 0.557656
  3  35 0.647106
  3 146 0.736557
  4   4 0.828425
  4 118 0.920293
  4 231 1.011355
  5  88 1.102418
  5 202 1.194286
  6  60 1.286154
  6 174 1.378022
  7  29 1.467473
  7 142 1.558535
  8   0 1.650403
  8 112 1.740659
  8 225 1.831722
  9  83 1.923590
  9 195 2.013846
 10  53 2.105714
 10 165 2.195971
 11  21 2.286227
 11 133 2.376484
 11 244 2.465934
 12 101 2.556996
 12 214 2.648059
 13  71 2.739121
