  0  17 0.013700
  0 129 0.103956
  0 241 0.194212
  1  97 0.284469
  1 211 0.376337
  2  67 0.466593
  2 180 0.557656
  3  34 0.646300
  3 147 0.737363
  4   4 0.828425
  4 119 0.921099
  4 232 1.012161
  5  89 1.103223
  5 201 1.193480
  6  58 1.284542
  6 173 1.377216
  7  29 1.467473
  7 142 1.558535
  8   1 1.651209
  8 113 1.741465
  8 225 1.831722
  9  82 1.922784
  9 194 2.013040
 10  53 2.105714
 10 165 2.195971
 11  21 2.286227
 11 133 2.376484
 11 246 2.467546
 12 102 2.557802
 12 214 2.648059
 13  70 2.738315
