  0  17 0.013700
  0 127 0.102344
  0 240 0.193407
  1  98 0.285275
  1 212 0.377143
  2  69 0.468205
  2 181 0.558462
  3  34 0.646300
  3 147 0.737363
  4   3 0.827619
  4 117 0.919487
  4 231 1.011355
  5  88 1.102418
  5 202 1.194286
  6  60 1.286154
  6 173 1.377216
  7  29 1.467473
  7 142 1.558535
  8   0 1.650403
  8 112 1.740659
  8 224 1.830916
  9  83 1.923590
  9 196 2.014652
 10  54 2.106520
 10 165 2.195971
 11  21 2.286227
 11 133 2.376484
 11 244 2.465934
 12 100 2.556190
 12 214 2.648059
 13  71 2.739121
