  0  17 0.013700
  0 127 0.102344
  0 239 0.192601
  1  97 0.284469
  1 211 0.376337
  2  69 0.468205
  2 182 0.559267
  3  36 0.647912
  3 148 0.738168
  4   4 0.828425
  4 117 0.919487
  4 230 1.010549
  5  87 1.101612
  5 201 1.193480
  6  60 1.286154
  6 175 1.378828
  7  30 1.468278
  7 142 1.558535
  8   0 1.650403
  8 111 1.739853
  8 223 1.830110
  9  81 1.921978
  9 195 2.013846
 10  54 2.106520
 10 166 2.196777
 11  22 2.287033
 11 133 2.376484
 11 244 2.465934
 12 100 2.556190
 12 213 2.647253
 13  70 2.738315
