  0  17 0.013700
  0 128 0.103150
  0 241 0.194212
  1  98 0.285275
  1 211 0.376337
  2  68 0.467399
  2 180 0.557656
  3  34 0.646300
  3 146 0.736557
  4   4 0.828425
  4 118 0.920293
  4 232 1.012161
  5  89 1.103223
  5 201 1.193480
  6  59 1.285348
  6 173 1.377216
  7  28 1.466667
  7 141 1.557729
  8   0 1.650403
  8 113 1.741465
  8 225 1.831722
  9  83 1.923590
  9 195 2.013846
 10  53 2.105714
 10 165 2.195971
 11  20 2.285421
 11 132 2.375678
 11 244 2.465934
 12 101 2.556996
 12 214 2.648059
 13  71 2.739121
