  0  22 0.017729
  0  20 0.016117
  0  20 0.016117
  0  20 0.016117
  0  20 0.016117
  0  20 0.016117
  0  20 0.016117
  0  20 0.016117
  0  20 0.016117
  0  21 0.016923
  0  21 0.016923
  0  21 0.016923
  0  21 0.016923
  0  20 0.016117
  0  20 0.016117
  0  20 0.016117
  0  20 0.016117
  0  20 0.016117
  0  20 0.016117
  0  21 0.016923
  0  21 0.016923
  0  21 0.016923
  0  21 0.016923
  0  20 0.016117
  0  20 0.016117
  0  20 0.016117
  0  20 0.016117
  0  20 0.016117
  0  21 0.016923
  0  21 0.016923
  0  22 0.017729
  0  21 0.016923
  0  21 0.016923
  0  21 0.016923
  0  21 0.016923
  0  21 0.016923
  0  21 0.016923
  0  21 0.016923
  0  21 0.016923
  0  22 0.017729
  0  22 0.017729
  0  21 0.016923
  0  21 0.016923
  0  21 0.016923
  0  21 0.016923
  0  22 0.017729
  0  22 0.017729
  0  22 0.017729
  0  23 0.018535
  0  23 0.018535
  0  22 0.017729
  0  22 0.017729
  0  22 0.017729
  0  22 0.017729
  0  22 0.017729
  0  22 0.017729
  0  22 0.017729
  0  23 0.018535
  0  23 0.018535
  0  23 0.018535
  0  22 0.017729
  0  22 0.017729
  0  22 0.017729
  0  22 0.017729
  0  23 0.018535
  0  23 0.018535
  0  23 0.018535
  0  23 0.018535
  0  23 0.018535
  0  23 0.018535
  0  22 0.017729
  0  23 0.018535
  0  23 0.018535
  0  23 0.018535
  0  23 0.018535
  0  24 0.019341
  0  23 0.018535
  0  24 0.019341
  0  23 0.018535
  0  23 0.018535
  0  23 0.018535
  0  23 0.018535
  0  24 0.019341
  0  23 0.018535
  0  23 0.018535
  0  24 0.019341
  0  25 0.020147
  0  24 0.019341
  0  24 0.019341
  0  23 0.018535
  0  23 0.018535
  0  24 0.019341
