  0  35 0.028205
  0 151 0.121685
  1  17 0.220000
  1 141 0.319927
  2  12 0.422271
  2 136 0.522198
  3   3 0.621319
  3 124 0.718828
  3 246 0.817143
  4 113 0.916264
  4 238 1.016996
  5 106 1.116923
  5 229 1.216044
  6  99 1.317582
  6 224 1.418315
  7  94 1.519853
  7 217 1.618974
  8  86 1.719707
  8 209 1.818828
  9  76 1.917949
  9 199 2.017070
 10  67 2.116996
 10 192 2.217729
 11  61 2.318462
 11 184 2.417582
 12  52 2.517509
 12 175 2.616630
 13  42 2.715751
 13 164 2.814066
 14  31 2.913187
 14 154 3.012308
