  0  67 0.053993
  0  87 0.070110
  0 132 0.106374
  0 178 0.143443
  0 219 0.176484
  1   7 0.211941
  1  53 0.249011
  1  95 0.282857
  1 142 0.320733
  1 189 0.358608
  1 233 0.394066
  2  28 0.435165
  2  71 0.469817
  2 114 0.504469
  2 159 0.540733
  2 203 0.576190
  2 247 0.611648
  3  39 0.650330
  3  83 0.685788
  3 128 0.722051
  3 173 0.758315
  3 215 0.792161
  4   4 0.828425
  4  48 0.863883
  4  92 0.899341
  4 136 0.934799
  4 183 0.972674
  4 230 1.010549
  5  19 1.046813
  5  64 1.083077
  5 107 1.117729
  5 151 1.153187
  5 195 1.188645
  5 240 1.224908
  6  31 1.262784
  6  78 1.300659
  6 124 1.337729
  6 169 1.373993
  6 212 1.408645
  7   0 1.444103
  7  45 1.480366
  7  92 1.518242
  7 137 1.554505
  7 183 1.591575
  7 228 1.627839
  8  16 1.663297
  8  60 1.698755
  8 104 1.734212
  8 149 1.770476
  8 193 1.805934
  8 239 1.843004
  9  30 1.880879
  9  76 1.917949
  9 120 1.953407
  9 163 1.988059
  9 207 2.023516
  9 251 2.058974
 10  41 2.096044
 10  86 2.132308
 10 133 2.170183
 10 180 2.208059
 10 223 2.242711
 11  12 2.278974
 11  56 2.314432
 11 100 2.349890
 11 144 2.385348
 11 189 2.421612
 11 233 2.457070
 12  25 2.495751
 12  70 2.532015
 12 112 2.565861
 12 155 2.600513
 12 198 2.635165
 12 243 2.671429
 13  32 2.707692
 13  78 2.744762
 13 124 2.781832
 13 169 2.818095
 13 211 2.851941
 14   0 2.888205
 14  44 2.923663
 14  88 2.959121
 14 134 2.996190
 14 181 3.034066
 14 228 3.071941
 15  19 3.109817
 15  63 3.145275
 15 107 3.180733
 15 152 3.216996
 15 161 3.224249
 15 171 3.232308
 15 176 3.236337
