  0  72 0.058022
  0  87 0.070110
  0 129 0.103956
  0 174 0.140220
  0 214 0.172454
  1   5 0.210330
  1  51 0.247399
  1  96 0.283663
  1 143 0.321538
  1 188 0.357802
  1 230 0.391648
  2  22 0.430330
  2  66 0.465788
  2 110 0.501245
  2 158 0.539927
  2 203 0.576190
  2 248 0.612454
  3  38 0.649524
  3  79 0.682564
  3 122 0.717216
  3 169 0.755092
  3 211 0.788938
  4   2 0.826813
  4  49 0.864689
  4  93 0.900147
  4 139 0.937216
  4 183 0.972674
  4 226 1.007326
  5  15 1.043590
  5  61 1.080659
  5 106 1.116923
  5 151 1.153187
  5 197 1.190256
  5 242 1.226520
  6  31 1.262784
  6  75 1.298242
  6 119 1.333700
  6 164 1.369963
  6 209 1.406227
  7   0 1.444103
  7  47 1.481978
  7  93 1.519048
  7 136 1.553700
  7 179 1.588352
  7 223 1.623810
  8  13 1.660879
  8  57 1.696337
  8 104 1.734212
  8 150 1.771282
  8 196 1.808352
  8 240 1.843810
  9  27 1.878462
  9  72 1.914725
  9 116 1.950183
  9 161 1.986447
  9 207 2.023516
  9 253 2.060586
 10  44 2.098462
 10  87 2.133114
 10 131 2.168571
 10 176 2.204835
 10 219 2.239487
 11   9 2.276557
 11  56 2.314432
 11 102 2.351502
 11 148 2.388571
 11 190 2.422418
 11 232 2.456264
 12  22 2.493333
 12  66 2.528791
 12 110 2.564249
 12 156 2.601319
 12 201 2.637582
 12 246 2.673846
 13  34 2.709304
 13  78 2.744762
 13 121 2.779414
 13 165 2.814872
 13 209 2.850330
 14   0 2.888205
 14  46 2.925275
 14  92 2.962344
 14 136 2.997802
 14 180 3.033260
 14 225 3.069524
 15  14 3.105788
 15  60 3.142857
 15 106 3.179927
 15 154 3.218608
 15 164 3.226667
 15 175 3.235531
 15 177 3.237143
