  0  71 0.057216
  0  85 0.068498
  0 129 0.103956
  0 176 0.141832
  0 217 0.174872
  1   7 0.211941
  1  51 0.247399
  1  93 0.281245
  1 140 0.319121
  1 184 0.354579
  1 227 0.389231
  2  23 0.431136
  2  69 0.468205
  2 112 0.502857
  2 157 0.539121
  2 200 0.573773
  2 244 0.609231
  3  34 0.646300
  3  77 0.680952
  3 122 0.717216
  3 170 0.755897
  3 213 0.790549
  4   3 0.827619
  4  47 0.863077
  4  90 0.897729
  4 135 0.933993
  4 180 0.970256
  4 226 1.007326
  5  17 1.045201
  5  64 1.083077
  5 108 1.118535
  5 150 1.152381
  5 194 1.187839
  5 238 1.223297
  6  29 1.261172
  6  75 1.298242
  6 120 1.334505
  6 168 1.373187
  6 212 1.408645
  7   0 1.444103
  7  45 1.480366
  7  89 1.515824
  7 134 1.552088
  7 178 1.587546
  7 224 1.624615
  8  15 1.662491
  8  61 1.699560
  8 104 1.734212
  8 148 1.769670
  8 192 1.805128
  8 237 1.841392
  9  26 1.877656
  9  72 1.914725
  9 118 1.951795
  9 164 1.988864
  9 208 2.024322
  9 251 2.058974
 10  40 2.095238
 10  85 2.131502
 10 129 2.166960
 10 175 2.204029
 10 220 2.240293
 11  12 2.278974
 11  58 2.316044
 11 101 2.350696
 11 145 2.386154
 11 188 2.420806
 11 231 2.455458
 12  21 2.492527
 12  68 2.530403
 12 113 2.566667
 12 158 2.602930
 12 200 2.636777
 12 243 2.671429
 13  32 2.707692
 13  76 2.743150
 13 121 2.779414
 13 167 2.816484
 13 212 2.852747
 14   1 2.889011
 14  46 2.925275
 14  89 2.959927
 14 133 2.995385
 14 179 3.032454
 14 224 3.068718
 15  15 3.106593
 15  63 3.145275
 15 109 3.182344
 15 153 3.217802
 15 160 3.223443
 15 176 3.236337
 15 179 3.238755
