  0  60 0.048352
  0  85 0.068498
  0 129 0.103956
  0 175 0.141026
  0 218 0.175678
  1   9 0.213553
  1  56 0.251429
  1  98 0.285275
  1 143 0.321538
  1 187 0.356996
  1 230 0.391648
  2  22 0.430330
  2  69 0.468205
  2 114 0.504469
  2 160 0.541538
  2 202 0.575385
  2 245 0.610037
  3  35 0.647106
  3  77 0.680952
  3 121 0.716410
  3 169 0.755092
  3 213 0.790549
  4   3 0.827619
  4  48 0.863883
  4  91 0.898535
  4 135 0.933993
  4 180 0.970256
  4 225 1.006520
  5  14 1.042784
  5  63 1.082271
  5 108 1.118535
  5 153 1.154799
  5 196 1.189451
  5 240 1.224908
  6  30 1.261978
  6  75 1.298242
  6 122 1.336117
  6 167 1.372381
  6 213 1.409451
  7   3 1.446520
  7  46 1.481172
  7  91 1.517436
  7 135 1.552894
  7 179 1.588352
  7 223 1.623810
  8  14 1.661685
  8  60 1.698755
  8 105 1.735018
  8 150 1.771282
  8 193 1.805934
  8 237 1.841392
  9  27 1.878462
  9  71 1.913919
  9 117 1.950989
  9 164 1.988864
  9 209 2.025128
  9 253 2.060586
 10  42 2.096850
 10  85 2.131502
 10 130 2.167766
 10 176 2.204835
 10 220 2.240293
 11  11 2.278168
 11  59 2.316850
 11 102 2.351502
 11 145 2.386154
 11 188 2.420806
 11 230 2.454652
 12  21 2.492527
 12  66 2.528791
 12 112 2.565861
 12 157 2.602125
 12 202 2.638388
 12 245 2.673040
 13  32 2.707692
 13  77 2.743956
 13 121 2.779414
 13 166 2.815678
 13 211 2.851941
 14   3 2.890623
 14  47 2.926081
 14  91 2.961538
 14 135 2.996996
 14 180 3.033260
 14 224 3.068718
 15  15 3.106593
 15  62 3.144469
 15 108 3.181538
 15 154 3.218608
 15 162 3.225055
 15  89 3.166227
 15 148 3.213773
