  0  56 0.045128
  0  84 0.067692
  0 129 0.103956
  0 176 0.141832
  0 218 0.175678
  1   7 0.211941
  1  52 0.248205
  1  95 0.282857
  1 141 0.319927
  1 186 0.356190
  1 230 0.391648
  2  25 0.432747
  2  70 0.469011
  2 114 0.504469
  2 160 0.541538
  2 202 0.575385
  2 246 0.610842
  3  36 0.647912
  3  79 0.682564
  3 125 0.719634
  3 173 0.758315
  3 215 0.792161
  4   3 0.827619
  4  48 0.863883
  4  91 0.898535
  4 135 0.933993
  4 181 0.971062
  4 226 1.007326
  5  18 1.046007
  5  64 1.083077
  5 107 1.117729
  5 150 1.152381
  5 194 1.187839
  5 239 1.224103
  6  29 1.261172
  6  76 1.299048
  6 122 1.336117
  6 169 1.373993
  6 213 1.409451
  7   1 1.444908
  7  46 1.481172
  7  91 1.517436
  7 135 1.552894
  7 180 1.589158
  7 225 1.625421
  8  16 1.663297
  8  62 1.700366
  8 105 1.735018
  8 148 1.769670
  8 193 1.805934
  8 237 1.841392
  9  27 1.878462
  9  73 1.915531
  9 119 1.952601
  9 165 1.989670
  9 207 2.023516
  9 251 2.058974
 10  41 2.096044
 10  85 2.131502
 10 130 2.167766
 10 177 2.205641
 10 222 2.241905
 11  13 2.279780
 11  57 2.315238
 11 100 2.349890
 11 145 2.386154
 11 188 2.420806
 11 231 2.455458
 12  22 2.493333
 12  68 2.530403
 12 113 2.566667
 12 157 2.602125
 12 200 2.636777
 12 243 2.671429
 13  32 2.707692
 13  76 2.743150
 13 121 2.779414
 13 167 2.816484
 13 212 2.852747
 14   1 2.889011
 14  45 2.924469
 14  89 2.959927
 14 134 2.996190
 14 179 3.032454
 14 225 3.069524
 15  17 3.108205
 15  64 3.146081
 15 110 3.183150
 15 154 3.218608
 15 165 3.227473
 15 156 3.220220
 15 162 3.225055
