  0  63 0.050769
  0  89 0.071722
  0 133 0.107179
  0 179 0.144249
  0 222 0.178901
  1  13 0.216777
  1  58 0.253040
  1  99 0.286081
  1 144 0.322344
  1 189 0.358608
  1 231 0.392454
  2  24 0.431941
  2  70 0.469011
  2 115 0.505275
  2 162 0.543150
  2 204 0.576996
  2 248 0.612454
  3  38 0.649524
  3  80 0.683370
  3 123 0.718022
  3 171 0.756703
  3 216 0.792967
  4   7 0.830842
  4  52 0.867106
  4  93 0.900147
  4 138 0.936410
  4 183 0.972674
  4 227 1.008132
  5  19 1.046813
  5  65 1.083883
  5 112 1.121758
  5 155 1.156410
  5 198 1.191062
  5 242 1.226520
  6  31 1.262784
  6  76 1.299048
  6 121 1.335311
  6 168 1.373187
  6 214 1.410256
  7   4 1.447326
  7  48 1.482784
  7  92 1.518242
  7 136 1.553700
  7 180 1.589158
  7 224 1.624615
  8  16 1.663297
  8  62 1.700366
  8 108 1.737436
  8 150 1.771282
  8 195 1.807546
  8 239 1.843004
  9  27 1.878462
  9  73 1.915531
  9 118 1.951795
  9 165 1.989670
  9 210 2.025934
 10   0 2.063004
 10  43 2.097656
 10  87 2.133114
 10 130 2.167766
 10 176 2.204835
 10 221 2.241099
 11  13 2.279780
 11  59 2.316850
 11 104 2.353114
 11 147 2.387766
 11 189 2.421612
 11 232 2.456264
 12  22 2.493333
 12  66 2.528791
 12 112 2.565861
 12 159 2.603736
 12 203 2.639194
 12 245 2.673040
 13  34 2.709304
 13  78 2.744762
 13 122 2.780220
 13 166 2.815678
 13 212 2.852747
 14   2 2.889817
 14  48 2.926886
 14  91 2.961538
 14 135 2.996996
 14 179 3.032454
 14 224 3.068718
 15  15 3.106593
 15  62 3.144469
 15 108 3.181538
 15 155 3.219414
 15 163 3.225861
 15 136 3.204103
 15 147 3.212967
