  0  65 0.052381
  0  92 0.074139
  0 136 0.109597
  0 179 0.144249
  0 220 0.177289
  1  10 0.214359
  1  56 0.251429
  1  99 0.286081
  1 148 0.325568
  1 194 0.362637
  1 238 0.398095
  2  29 0.435971
  2  73 0.471429
  2 116 0.506081
  2 162 0.543150
  2 206 0.578608
  2 251 0.614872
  3  44 0.654359
  3  87 0.689011
  3 130 0.723663
  3 174 0.759121
  3 216 0.792967
  4   4 0.828425
  4  50 0.865495
  4  93 0.900147
  4 141 0.938828
  4 188 0.976703
  4 231 1.011355
  5  19 1.046813
  5  64 1.083077
  5 109 1.119341
  5 153 1.154799
  5 198 1.191062
  5 244 1.228132
  6  36 1.266813
  6  81 1.303077
  6 125 1.338535
  6 169 1.373993
  6 215 1.411062
  7   2 1.445714
  7  48 1.482784
  7  95 1.520659
  7 141 1.557729
  7 186 1.593993
  7 229 1.628645
  8  17 1.664103
  8  62 1.700366
  8 105 1.735018
  8 150 1.771282
  8 196 1.808352
  8 243 1.846227
  9  32 1.882491
  9  75 1.917143
  9 119 1.952601
  9 164 1.988864
  9 208 2.024322
  9 252 2.059780
 10  43 2.097656
 10  89 2.134725
 10 136 2.172601
 10 182 2.209670
 10 223 2.242711
 11  12 2.278974
 11  56 2.314432
 11 100 2.349890
 11 146 2.386960
 11 192 2.424029
 11 236 2.459487
 12  26 2.496557
 12  71 2.532821
 12 112 2.565861
 12 155 2.600513
 12 200 2.636777
 12 245 2.673040
 13  35 2.710110
 13  81 2.747179
 13 126 2.783443
 13 169 2.818095
 13 211 2.851941
 14   0 2.888205
 14  45 2.924469
 14  90 2.960733
 14 136 2.997802
 14 183 3.035678
 14 229 3.072747
 15  19 3.109817
 15  63 3.145275
 15 107 3.180733
 15 152 3.216996
 15 163 3.225861
 15 106 3.179927
 15 111 3.183956
