  0  69 0.055604
  0  94 0.075751
  0 139 0.112015
  0 185 0.149084
  0 229 0.184542
  1  19 0.221612
  1  63 0.257070
  1 105 0.290916
  1 151 0.327985
  1 196 0.364249
  1 240 0.399707
  2  35 0.440806
  2  81 0.477875
  2 123 0.511722
  2 168 0.547985
  2 211 0.582637
  2 254 0.617289
  3  44 0.654359
  3  86 0.688205
  3 131 0.724469
  3 179 0.763150
  3 222 0.797802
  4  11 0.834066
  4  54 0.868718
  4  97 0.903370
  4 141 0.938828
  4 187 0.975897
  4 233 1.012967
  5  24 1.050842
  5  70 1.087912
  5 115 1.124176
  5 158 1.158828
  5 202 1.194286
  5 245 1.228938
  6  36 1.266813
  6  82 1.303883
  6 129 1.341758
  6 176 1.379634
  6 220 1.415092
  7   8 1.450549
  7  52 1.486007
  7  96 1.521465
  7 140 1.556923
  7 185 1.593187
  7 229 1.628645
  8  21 1.667326
  8  67 1.704396
  8 110 1.739048
  8 154 1.774505
  8 197 1.809158
  8 241 1.844615
  9  31 1.881685
  9  77 1.918755
  9 124 1.956630
  9 169 1.992894
  9 213 2.028352
 10   0 2.063004
 10  44 2.098462
 10  88 2.133919
 10 133 2.170183
 10 181 2.208864
 10 226 2.245128
 11  17 2.283004
 11  61 2.318462
 11 104 2.353114
 11 148 2.388571
 11 191 2.423223
 11 234 2.457875
 12  25 2.495751
 12  71 2.532821
 12 117 2.569890
 12 159 2.603736
 12 203 2.639194
 12 246 2.673846
 13  34 2.709304
 13  79 2.745568
 13 124 2.781832
 13 170 2.818901
 13 215 2.855165
 14   4 2.891429
 14  47 2.926081
 14  91 2.961538
 14 135 2.996996
 14 180 3.033260
 14 227 3.071136
 15  19 3.109817
 15  65 3.146886
 15 110 3.183150
 15 154 3.218608
 15 162 3.225055
 15 177 3.237143
 15  69 3.150110
