  0  68 0.054799
  0  96 0.077363
  0 139 0.112015
  0 183 0.147473
  0 225 0.181319
  1  16 0.219194
  1  64 0.257875
  1 106 0.291722
  1 151 0.327985
  1 194 0.362637
  1 236 0.396484
  2  29 0.435971
  2  74 0.472234
  2 118 0.507692
  2 166 0.546374
  2 212 0.583443
  2 255 0.618095
  3  44 0.654359
  3  86 0.688205
  3 129 0.722857
  3 176 0.760733
  3 219 0.795385
  4  11 0.834066
  4  58 0.871941
  4 101 0.906593
  4 145 0.942051
  4 189 0.977509
  4 233 1.012967
  5  23 1.050037
  5  67 1.085495
  5 114 1.123370
  5 160 1.160440
  5 204 1.195897
  5 247 1.230549
  6  36 1.266813
  6  81 1.303077
  6 125 1.338535
  6 170 1.374799
  6 216 1.411868
  7   7 1.449744
  7  53 1.486813
  7  98 1.523077
  7 140 1.556923
  7 185 1.593187
  7 228 1.627839
  8  18 1.664908
  8  64 1.701978
  8 110 1.739048
  8 155 1.775311
  8 200 1.811575
  8 243 1.846227
  9  32 1.882491
  9  76 1.917949
  9 121 1.954212
  9 166 1.990476
  9 212 2.027546
 10   3 2.065421
 10  47 2.100879
 10  90 2.135531
 10 134 2.170989
 10 179 2.207253
 10 223 2.242711
 11  14 2.280586
 11  62 2.319267
 11 107 2.355531
 11 150 2.390183
 11 192 2.424029
 11 234 2.457875
 12  24 2.494945
 12  68 2.530403
 12 113 2.566667
 12 160 2.604542
 12 204 2.640000
 12 248 2.675458
 13  35 2.710110
 13  78 2.744762
 13 123 2.781026
 13 167 2.816484
 13 211 2.851941
 14   3 2.890623
 14  49 2.927692
 14  92 2.962344
 14 136 2.997802
 14 181 3.034066
 14 226 3.070330
 15  16 3.107399
 15  62 3.144469
 15 110 3.183150
 15 156 3.220220
 15 166 3.228278
 15 166 3.228278
 15 170 3.231502
