  0  71 0.057216
  0  99 0.079780
  0 141 0.113626
  0 184 0.148278
  0 225 0.181319
  1  16 0.219194
  1  61 0.255458
  1 107 0.292527
  1 154 0.330403
  1 198 0.365861
  1 240 0.399707
  2  32 0.438388
  2  77 0.474652
  2 120 0.509304
  2 167 0.547179
  2 213 0.584249
  3   3 0.621319
  3  49 0.658388
  3  90 0.691429
  3 132 0.725275
  3 178 0.762344
  3 221 0.796996
  4  12 0.834872
  4  58 0.871941
  4 103 0.908205
  4 149 0.945275
  4 190 0.978315
  4 235 1.014579
  5  24 1.050842
  5  68 1.086300
  5 113 1.122564
  5 158 1.158828
  5 204 1.195897
  5 249 1.232161
  6  39 1.269231
  6  83 1.304689
  6 127 1.340147
  6 172 1.376410
  6 216 1.411868
  7   6 1.448938
  7  53 1.486813
  7 100 1.524689
  7 145 1.560952
  7 188 1.595604
  7 230 1.629451
  8  20 1.666520
  8  64 1.701978
  8 109 1.738242
  8 154 1.774505
  8 201 1.812381
  8 248 1.850256
  9  35 1.884908
  9  78 1.919560
  9 122 1.955018
  9 166 1.990476
  9 210 2.025934
 10   0 2.063004
 10  48 2.101685
 10  93 2.137949
 10 137 2.173407
 10 182 2.209670
 10 224 2.243516
 11  13 2.279780
 11  58 2.316044
 11 103 2.352308
 11 150 2.390183
 11 195 2.426447
 11 239 2.461905
 12  27 2.497363
 12  69 2.531209
 12 113 2.566667
 12 157 2.602125
 12 200 2.636777
 12 248 2.675458
 13  37 2.711722
 13  83 2.748791
 13 126 2.783443
 13 169 2.818095
 13 212 2.852747
 14   1 2.889011
 14  46 2.925275
 14  92 2.962344
 14 139 3.000220
 14 185 3.037289
 14 230 3.073553
 15  18 3.109011
 15  62 3.144469
 15 108 3.181538
 15 153 3.217802
 15 162 3.225055
 15 168 3.229890
 15 175 3.235531
