  0  82 0.066081
  0 103 0.083004
  0 147 0.118462
  0 194 0.156337
  0 235 0.189377
  1  22 0.224029
  1  67 0.260293
  1 108 0.293333
  1 154 0.330403
  1 200 0.367473
  1 244 0.402930
  2  38 0.443223
  2  83 0.479487
  2 125 0.513333
  2 171 0.550403
  2 212 0.583443
  3   1 0.619707
  3  48 0.657582
  3  92 0.693040
  3 139 0.730916
  3 184 0.767179
  3 227 0.801832
  4  15 0.837289
  4  60 0.873553
  4 103 0.908205
  4 149 0.945275
  4 194 0.981538
  4 241 1.019414
  5  31 1.056484
  5  75 1.091941
  5 117 1.125788
  5 160 1.160440
  5 205 1.196703
  5 249 1.232161
  6  40 1.270037
  6  86 1.307106
  6 133 1.344982
  6 178 1.381245
  6 220 1.415092
  7   8 1.450549
  7  54 1.487619
  7  99 1.523883
  7 143 1.559341
  7 189 1.596410
  7 235 1.633480
  8  25 1.670549
  8  69 1.706007
  8 112 1.740659
  8 155 1.775311
  8 200 1.811575
  8 245 1.847839
  9  36 1.885714
  9  82 1.922784
  9 128 1.959853
  9 171 1.994505
  9 214 2.029158
 10   2 2.064615
 10  46 2.100073
 10  91 2.136337
 10 138 2.174212
 10 184 2.211282
 10 229 2.247546
 11  17 2.283004
 11  61 2.318462
 11 105 2.353919
 11 150 2.390183
 11 193 2.424835
 11 237 2.460293
 12  29 2.498974
 12  74 2.535238
 12 117 2.569890
 12 160 2.604542
 12 203 2.639194
 12 246 2.673846
 13  35 2.710110
 13  81 2.747179
 13 127 2.784249
 13 172 2.820513
 13 215 2.855165
 14   3 2.890623
 14  47 2.926081
 14  91 2.961538
 14 135 2.996996
 14 182 3.034872
 14 229 3.072747
 15  22 3.112234
 15  66 3.147692
 15 110 3.183150
 15 153 3.217802
 15 165 3.227473
 15 172 3.233114
 15 182 3.241172
