  0   3 0.002418
  0  15 0.012088
  0  26 0.020952
  0  37 0.029817
  0  48 0.038681
  0  59 0.047546
  0  70 0.056410
  0  81 0.065275
  0  92 0.074139
  0 104 0.083810
  0 115 0.092674
  0 127 0.102344
  0 138 0.111209
  0 149 0.120073
  0 160 0.128938
  0 171 0.137802
  0 183 0.147473
  0 194 0.156337
  0 205 0.165201
  0 217 0.174872
  0 228 0.183736
  0 240 0.193407
  0 250 0.201465
  1   6 0.211136
  1  17 0.220000
  1  28 0.228864
  1  40 0.238535
  1  51 0.247399
  1  62 0.256264
  1  74 0.265934
  1  85 0.274799
