  0   2 0.001612
  0  14 0.011282
  0  25 0.020147
  0  37 0.029817
  0  48 0.038681
  0  60 0.048352
  0  71 0.057216
  0  82 0.066081
  0  92 0.074139
  0 104 0.083810
  0 115 0.092674
  0 127 0.102344
  0 138 0.111209
  0 149 0.120073
  0 161 0.129744
  0 172 0.138608
  0 183 0.147473
  0 194 0.156337
  0 205 0.165201
  0 216 0.174066
  0 227 0.182930
  0 239 0.192601
  0 251 0.202271
  1   6 0.211136
  1  17 0.220000
  1  28 0.228864
  1  40 0.238535
  1  51 0.247399
  1  62 0.256264
  1  73 0.265128
  1  84 0.273993
