  0   3 0.002418
  0  15 0.012088
  0  26 0.020952
  0  36 0.029011
  0  49 0.039487
  0  59 0.047546
  0  70 0.056410
  0  81 0.065275
  0  93 0.074945
  0 105 0.084615
  0 116 0.093480
  0 127 0.102344
  0 138 0.111209
  0 149 0.120073
  0 160 0.128938
  0 172 0.138608
  0 182 0.146667
  0 194 0.156337
  0 205 0.165201
  0 217 0.174872
  0 228 0.183736
  0 240 0.193407
  0 250 0.201465
  1   6 0.211136
  1  17 0.220000
  1  29 0.229670
  1  39 0.237729
  1  50 0.246593
  1  62 0.256264
  1  73 0.265128
  1  85 0.274799
