  0   3 0.002418
  0  14 0.011282
  0  25 0.020147
  0  36 0.029011
  0  48 0.038681
  0  59 0.047546
  0  71 0.057216
  0  81 0.065275
  0  93 0.074945
  0 104 0.083810
  0 115 0.092674
  0 127 0.102344
  0 137 0.110403
  0 149 0.120073
  0 160 0.128938
  0 172 0.138608
  0 184 0.148278
  0 195 0.157143
  0 206 0.166007
  0 217 0.174872
  0 228 0.183736
  0 239 0.192601
  0 251 0.202271
  1   6 0.211136
  1  17 0.220000
  1  29 0.229670
  1  40 0.238535
  1  51 0.247399
  1  62 0.256264
  1  73 0.265128
  1  85 0.274799
