  0   3 0.002418
  0  14 0.011282
  0  25 0.020147
  0  37 0.029817
  0  48 0.038681
  0  60 0.048352
  0  71 0.057216
  0  81 0.065275
  0  93 0.074945
  0 104 0.083810
  0 115 0.092674
  0 126 0.101538
  0 137 0.110403
  0 149 0.120073
  0 161 0.129744
  0 172 0.138608
  0 183 0.147473
  0 194 0.156337
  0 205 0.165201
  0 217 0.174872
  0 227 0.182930
  0 239 0.192601
  0 250 0.201465
  1   6 0.211136
  1  17 0.220000
  1  29 0.229670
  1  40 0.238535
  1  51 0.247399
  1  62 0.256264
  1  73 0.265128
  1  84 0.273993
