  0  20 0.016117
  0 115 0.092674
  0 208 0.167619
  1  48 0.244982
  1 142 0.320733
  1 236 0.396484
  2  77 0.474652
  2 170 0.549597
  3   9 0.626154
  3 105 0.703516
  3 200 0.780073
  4  40 0.857436
  4 133 0.932381
  4 229 1.009744
  5  68 1.086300
  5 164 1.163663
  6   3 1.240220
  6  99 1.317582
  6 195 1.394945
  7  34 1.471502
  7 128 1.547253
  7 222 1.623004
  8  62 1.700366
  8 158 1.777729
  8 251 1.852674
  9  89 1.928425
  9 184 2.004982
 10  23 2.081538
 10 117 2.157289
 10 213 2.234652
 11  52 2.311209
