  0  19 0.015311
  0 113 0.091062
  0 207 0.166813
  1  46 0.243370
  1 143 0.321538
  1 238 0.398095
  2  78 0.475458
  2 171 0.550403
  3  10 0.626960
  3 103 0.701905
  3 198 0.778462
  4  38 0.855824
  4 132 0.931575
  4 227 1.008132
  5  68 1.086300
  5 165 1.164469
  6   5 1.241832
  6 100 1.318388
  6 195 1.394945
  7  33 1.470696
  7 127 1.546447
  7 222 1.623004
  8  61 1.699560
  8 157 1.776923
  8 251 1.852674
  9  91 1.930037
  9 185 2.005788
 10  24 2.082344
 10 118 2.158095
 10 213 2.234652
 11  51 2.310403
