  0  23 0.018535
  0 116 0.093480
  0 211 0.170037
  1  50 0.246593
  1 145 0.323150
  1 240 0.399707
  2  79 0.476264
  2 171 0.550403
  3   9 0.626154
  3 104 0.702711
  3 199 0.779267
  4  40 0.857436
  4 134 0.933187
  4 230 1.010549
  5  70 1.087912
  5 167 1.166081
  6   5 1.241832
  6 100 1.318388
  6 195 1.394945
  7  33 1.470696
  7 127 1.546447
  7 222 1.623004
  8  61 1.699560
  8 157 1.776923
  8 252 1.853480
  9  91 1.930037
  9 186 2.006593
 10  25 2.083150
 10 117 2.157289
 10 212 2.233846
 11  52 2.311209
