  0  22 0.017729
  0 115 0.092674
  0 209 0.168425
  1  49 0.245788
  1 146 0.323956
  1 240 0.399707
  2  80 0.477070
  2 173 0.552015
  3  11 0.627766
  3 105 0.703516
  3 200 0.780073
  4  40 0.857436
  4 134 0.933187
  4 229 1.009744
  5  70 1.087912
  5 166 1.165275
  6   6 1.242637
  6 101 1.319194
  6 196 1.395751
  7  34 1.471502
  7 128 1.547253
  7 222 1.623004
  8  62 1.700366
  8 157 1.776923
  8 251 1.852674
  9  91 1.930037
  9 186 2.006593
 10  25 2.083150
 10 119 2.158901
 10 213 2.234652
 11  52 2.311209
