  0  21 0.016923
  0 114 0.091868
  0 208 0.167619
  1  48 0.244982
  1 143 0.321538
  1 238 0.398095
  2  77 0.474652
  2 171 0.550403
  3  10 0.626960
  3 105 0.703516
  3 200 0.780073
  4  40 0.857436
  4 133 0.932381
  4 228 1.008938
  5  68 1.086300
  5 165 1.164469
  6   4 1.241026
  6 100 1.318388
  6 195 1.394945
  7  35 1.472308
  7 128 1.547253
  7 223 1.623810
  8  62 1.700366
  8 158 1.777729
  8 251 1.852674
  9  90 1.929231
  9 184 2.004982
 10  23 2.081538
 10 117 2.157289
 10 213 2.234652
 11  52 2.311209
