  0  20 0.016117
  0 114 0.091868
  0 208 0.167619
  1  48 0.244982
  1 145 0.323150
  1 239 0.398901
  2  78 0.475458
  2 171 0.550403
  3   9 0.626154
  3 103 0.701905
  3 198 0.778462
  4  38 0.855824
  4 132 0.931575
  4 228 1.008938
  5  68 1.086300
  5 166 1.165275
  6   5 1.241832
  6 100 1.318388
  6 195 1.394945
  7  34 1.471502
  7 127 1.546447
  7 221 1.622198
  8  61 1.699560
  8 157 1.776923
  8 251 1.852674
  9  90 1.929231
  9 185 2.005788
 10  24 2.082344
 10 118 2.158095
 10 213 2.234652
 11  51 2.310403
