  0  21 0.016923
  0 114 0.091868
  0 209 0.168425
  1  48 0.244982
  1 143 0.321538
  1 237 0.397289
  2  77 0.474652
  2 170 0.549597
  3   9 0.626154
  3 103 0.701905
  3 199 0.779267
  4  40 0.857436
  4 134 0.933187
  4 230 1.010549
  5  69 1.087106
  5 165 1.164469
  6   4 1.241026
  6  99 1.317582
  6 193 1.393333
  7  33 1.470696
  7 127 1.546447
  7 222 1.623004
  8  62 1.700366
  8 158 1.777729
  8 252 1.853480
  9  92 1.930842
  9 185 2.005788
 10  24 2.082344
 10 117 2.157289
 10 212 2.233846
 11  50 2.309597
