  0  20 0.016117
  0 113 0.091062
  0 207 0.166813
  1  45 0.242564
  1 142 0.320733
  1 237 0.397289
  2  76 0.473846
  2 171 0.550403
  3   9 0.626154
  3 104 0.702711
  3 199 0.779267
  4  39 0.856630
  4 133 0.932381
  4 228 1.008938
  5  67 1.085495
  5 164 1.163663
  6   4 1.241026
  6  99 1.317582
  6 195 1.394945
  7  34 1.471502
  7 128 1.547253
  7 222 1.623004
  8  62 1.700366
  8 157 1.776923
  8 250 1.851868
  9  89 1.928425
  9 184 2.004982
 10  23 2.081538
 10 118 2.158095
 10 213 2.234652
 11  53 2.312015
