  0  20 0.016117
  0 113 0.091062
  0 207 0.166813
  1  46 0.243370
  1 142 0.320733
  1 237 0.397289
  2  77 0.474652
  2 171 0.550403
  3   9 0.626154
  3 104 0.702711
  3 199 0.779267
  4  38 0.855824
  4 133 0.932381
  4 228 1.008938
  5  67 1.085495
  5 164 1.163663
  6   3 1.240220
  6  99 1.317582
  6 195 1.394945
  7  35 1.472308
  7 128 1.547253
  7 222 1.623004
  8  63 1.701172
  8 157 1.776923
  8 251 1.852674
  9  89 1.928425
  9 184 2.004982
 10  23 2.081538
 10 117 2.157289
 10 213 2.234652
 11  52 2.311209
