  0  19 0.015311
  0 113 0.091062
  0 208 0.167619
  1  49 0.245788
  1 143 0.321538
  1 237 0.397289
  2  77 0.474652
  2 169 0.548791
  3   8 0.625348
  3 103 0.701905
  3 198 0.778462
  4  39 0.856630
  4 133 0.932381
  4 229 1.009744
  5  69 1.087106
  5 166 1.165275
  6   5 1.241832
  6 100 1.318388
  6 194 1.394139
  7  32 1.469890
  7 127 1.546447
  7 221 1.622198
  8  61 1.699560
  8 157 1.776923
  8 251 1.852674
  9  91 1.930037
  9 185 2.005788
 10  24 2.082344
 10 118 2.158095
 10 212 2.233846
 11  51 2.310403
