  0  88 0.070916
  0 124 0.099927
  0 164 0.132161
  0 206 0.166007
  0 245 0.197436
  1  32 0.232088
  1  74 0.265934
  1 112 0.296557
  1 151 0.327985
  1 191 0.360220
  1 228 0.390037
  2  15 0.424689
  2  55 0.456923
  2  94 0.488352
  2 136 0.522198
  2 177 0.555238
  2 219 0.589084
  3   6 0.623736
  3  43 0.653553
  3  82 0.684982
  3 123 0.718022
  3 160 0.747839
  3 200 0.780073
  3 241 0.813114
  4  25 0.845348
  4  67 0.879194
  4 110 0.913846
  4 150 0.946081
  4 189 0.977509
  4 229 1.009744
  5  12 1.041172
  5  51 1.072601
  5  91 1.104835
  5 131 1.137070
  5 173 1.170916
  5 215 1.204762
  6   2 1.239414
  6  44 1.273260
  6  84 1.305495
  6 123 1.336923
  6 163 1.369158
  6 202 1.400586
  6 242 1.432821
  7  26 1.465055
  7  66 1.497289
  7 108 1.531136
  7 149 1.564176
  7 190 1.597216
  7 229 1.628645
  8  13 1.660879
  8  52 1.692308
  8  92 1.724542
  8 131 1.755971
  8 172 1.789011
  8 213 1.822051
  9   0 1.856703
  9  40 1.888938
  9  83 1.923590
  9 122 1.955018
  9 160 1.985641
  9 198 2.016264
  9 237 2.047692
 10  23 2.081538
 10  64 2.114579
 10 105 2.147619
 10 146 2.180659
 10 188 2.214505
 10 227 2.245934
 11  12 2.278974
 11  51 2.310403
 11  89 2.341026
 11 128 2.372454
 11 168 2.404689
 11 207 2.436117
 11 248 2.469158
 12  33 2.502198
 12  75 2.536044
 12 116 2.569084
 12 154 2.599707
 12 192 2.630330
 12 232 2.662564
 13  16 2.694799
 13  56 2.727033
 13  97 2.760073
 13 138 2.793114
 13 180 2.826960
 13 223 2.861612
 14   8 2.894652
 14  49 2.927692
 14  64 2.939780
 14  68 2.943004
 14  71 2.945421
