  0  90 0.072527
  0 123 0.099121
  0 163 0.131355
  0 203 0.163590
  0 241 0.194212
  1  27 0.228059
  1  70 0.262711
  1 108 0.293333
  1 150 0.327179
  1 189 0.358608
  1 226 0.388425
  2  13 0.423077
  2  54 0.456117
  2  93 0.487546
  2 135 0.521392
  2 177 0.555238
  2 218 0.588278
  3   5 0.622930
  3  44 0.654359
  3  82 0.684982
  3 122 0.717216
  3 159 0.747033
  3 199 0.779267
  3 239 0.811502
  4  22 0.842930
  4  64 0.876777
  4 106 0.910623
  4 148 0.944469
  4 186 0.975092
  4 228 1.008938
  5  11 1.040366
  5  50 1.071795
  5  91 1.104835
  5 131 1.137070
  5 173 1.170916
  5 215 1.204762
  6   1 1.238608
  6  43 1.272454
  6  83 1.304689
  6 121 1.335311
  6 160 1.366740
  6 200 1.398974
  6 240 1.431209
  7  24 1.463443
  7  64 1.495678
  7 106 1.529524
  7 149 1.564176
  7 189 1.596410
  7 228 1.627839
  8  12 1.660073
  8  52 1.692308
  8  92 1.724542
  8 131 1.755971
  8 172 1.789011
  8 213 1.822051
  9   0 1.856703
  9  40 1.888938
  9  80 1.921172
  9 118 1.951795
  9 158 1.984029
  9 197 2.015458
  9 236 2.046886
 10  22 2.080733
 10  64 2.114579
 10 106 2.148425
 10 148 2.182271
 10 187 2.213700
 10 226 2.245128
 11  10 2.277363
 11  48 2.307985
 11  88 2.340220
 11 128 2.372454
 11 168 2.404689
 11 208 2.436923
 11 249 2.469963
 12  36 2.504615
 12  76 2.536850
 12 114 2.567473
 12 152 2.598095
 12 191 2.629524
 12 231 2.661758
 13  16 2.694799
 13  56 2.727033
 13  98 2.760879
 13 140 2.794725
 13 182 2.828571
 13 223 2.861612
 14   7 2.893846
 14  46 2.925275
 14  61 2.937363
 14  60 2.936557
 14  64 2.939780
