  0  87 0.070110
  0 121 0.097509
  0 164 0.132161
  0 205 0.165201
  0 244 0.196630
  1  28 0.228864
  1  69 0.261905
  1 106 0.291722
  1 147 0.324762
  1 189 0.358608
  1 227 0.389231
  2  15 0.424689
  2  57 0.458535
  2  97 0.490769
  2 139 0.524615
  2 176 0.554432
  2 214 0.585055
  2 254 0.617289
  3  36 0.647912
  3  77 0.680952
  3 119 0.714799
  3 158 0.746227
  3 201 0.780879
  3 244 0.815531
  4  27 0.846960
  4  67 0.879194
  4 106 0.910623
  4 145 0.942051
  4 186 0.975092
  4 225 1.006520
  5  10 1.039560
  5  50 1.071795
  5  92 1.105641
  5 133 1.138681
  5 174 1.171722
  5 214 1.203956
  5 254 1.236190
  6  38 1.268425
  6  78 1.300659
  6 119 1.333700
  6 160 1.366740
  6 201 1.399780
  6 243 1.433626
  7  29 1.467473
  7  69 1.499707
  7 108 1.531136
  7 147 1.562564
  7 186 1.593993
  7 224 1.624615
  8  10 1.658462
  8  50 1.690696
  8  91 1.723736
  8 133 1.757582
  8 175 1.791429
  8 216 1.824469
  8 254 1.855092
  9  37 1.886520
  9  78 1.919560
  9 117 1.950989
  9 157 1.983223
  9 198 2.016264
  9 239 2.049304
 10  26 2.083956
 10  68 2.117802
 10 108 2.150037
 10 147 2.181465
 10 185 2.212088
 10 223 2.242711
 11   7 2.274945
 11  47 2.307179
 11  88 2.340220
 11 128 2.372454
 11 171 2.407106
 11 212 2.440147
 11 250 2.470769
 12  34 2.503004
 12  72 2.533626
 12 111 2.565055
 12 150 2.596484
 12 190 2.628718
 12 231 2.661758
 13  17 2.695604
 13  59 2.729451
 13 101 2.763297
 13 142 2.796337
 13 182 2.828571
 13 221 2.860000
 14   6 2.893040
 14  46 2.925275
 14  62 2.938168
 14  46 2.925275
 14  72 2.946227
