  0  89 0.071722
  0 121 0.097509
  0 160 0.128938
  0 201 0.161978
  0 239 0.192601
  1  25 0.226447
  1  67 0.260293
  1 105 0.290916
  1 149 0.326374
  1 192 0.361026
  1 231 0.392454
  2  18 0.427106
  2  56 0.457729
  2  94 0.488352
  2 133 0.519780
  2 173 0.552015
  2 212 0.583443
  2 254 0.617289
  3  37 0.648718
  3  79 0.682564
  3 123 0.718022
  3 161 0.748645
  3 199 0.779267
  3 240 0.812308
  4  24 0.844542
  4  68 0.880000
  4 104 0.909011
  4 145 0.942051
  4 187 0.975897
  4 229 1.009744
  5  14 1.042784
  5  53 1.074212
  5  92 1.105641
  5 130 1.136264
  5 170 1.168498
  5 209 1.199927
  5 250 1.232967
  6  37 1.267619
  6  78 1.300659
  6 121 1.335311
  6 164 1.369963
  6 204 1.402198
  6 243 1.433626
  7  25 1.464249
  7  64 1.495678
  7 105 1.528718
  7 145 1.560952
  7 186 1.593993
  7 228 1.627839
  8  14 1.661685
  8  54 1.693919
  8  93 1.725348
  8 132 1.756777
  8 170 1.787399
  8 211 1.820440
  8 250 1.851868
  9  36 1.885714
  9  77 1.918755
  9 120 1.953407
  9 161 1.986447
  9 201 2.018681
  9 239 2.049304
 10  24 2.082344
 10  63 2.113773
 10 104 2.146813
 10 144 2.179048
 10 184 2.211282
 10 224 2.243516
 11  10 2.277363
 11  54 2.312821
 11  91 2.342637
 11 129 2.373260
 11 168 2.404689
 11 207 2.436117
 11 244 2.465934
 12  31 2.500586
 12  72 2.533626
 12 113 2.566667
 12 153 2.598901
 12 195 2.632747
 12 235 2.664982
 13  19 2.697216
 13  57 2.727839
 13  96 2.759267
 13 137 2.792308
 13 179 2.826154
 13 220 2.859194
 14   6 2.893040
 14  49 2.927692
 14  71 2.945421
 14  72 2.946227
 14  72 2.946227
