  0  87 0.070110
  0 120 0.096703
  0 164 0.132161
  0 207 0.166813
  0 245 0.197436
  1  28 0.228864
  1  68 0.261099
  1 105 0.290916
  1 147 0.324762
  1 187 0.356996
  1 225 0.387619
  2  14 0.423883
  2  56 0.457729
  2  95 0.489158
  2 138 0.523810
  2 175 0.553626
  2 214 0.585055
  2 255 0.618095
  3  37 0.648718
  3  77 0.680952
  3 119 0.714799
  3 159 0.747033
  3 201 0.780879
  3 244 0.815531
  4  28 0.847766
  4  68 0.880000
  4 106 0.910623
  4 145 0.942051
  4 184 0.973480
  4 225 1.006520
  5   9 1.038755
  5  49 1.070989
  5  90 1.104029
  5 133 1.138681
  5 175 1.172527
  5 215 1.204762
  5 254 1.236190
  6  39 1.269231
  6  79 1.301465
  6 119 1.333700
  6 160 1.366740
  6 200 1.398974
  6 242 1.432821
  7  29 1.467473
  7  69 1.499707
  7 109 1.531941
  7 147 1.562564
  7 185 1.593187
  7 225 1.625421
  8   9 1.657656
  8  50 1.690696
  8  91 1.723736
  8 131 1.755971
  8 175 1.791429
  8 215 1.823663
  9   0 1.856703
  9  39 1.888132
  9  78 1.919560
  9 117 1.950989
  9 157 1.983223
  9 198 2.016264
  9 237 2.047692
 10  25 2.083150
 10  67 2.116996
 10 108 2.150037
 10 148 2.182271
 10 186 2.212894
 10 224 2.243516
 11   7 2.274945
 11  48 2.307985
 11  88 2.340220
 11 128 2.372454
 11 168 2.404689
 11 210 2.438535
 11 250 2.470769
 12  35 2.503810
 12  74 2.535238
 12 112 2.565861
 12 150 2.596484
 12 192 2.630330
 12 231 2.661758
 13  16 2.694799
 13  57 2.727839
 13 100 2.762491
 13 141 2.795531
 13 183 2.829377
 13 222 2.860806
 14   6 2.893040
 14  46 2.925275
 14  65 2.940586
 14   6 2.893040
 14  26 2.909158
