  0  14 0.011282
  0  18 0.014505
  0  22 0.017729
  0  26 0.020952
  0  30 0.024176
  0  34 0.027399
  0  38 0.030623
  0  42 0.033846
  0  46 0.037070
  0  50 0.040293
  0  52 0.041905
  0  58 0.046740
  0  62 0.049963
  0  66 0.053187
  0  70 0.056410
  0  74 0.059634
  0  78 0.062857
  0  82 0.066081
  0  86 0.069304
  0  90 0.072527
  0  94 0.075751
  0  97 0.078168
  0 101 0.081392
  0 106 0.085421
  0 110 0.088645
  0 114 0.091868
  0 118 0.095092
  0 122 0.098315
  0 125 0.100733
  0 129 0.103956
  0 134 0.107985
  0 138 0.111209
  0 142 0.114432
  0 146 0.117656
  0 150 0.120879
  0 154 0.124103
  0 157 0.126520
  0 161 0.129744
  0 165 0.132967
  0 169 0.136190
  0 174 0.140220
  0 178 0.143443
  0 182 0.146667
  0 186 0.149890
  0 190 0.153114
  0 194 0.156337
  0 198 0.159560
  0 202 0.162784
  0 206 0.166007
  0 210 0.169231
  0 214 0.172454
  0 217 0.174872
  0 221 0.178095
  0 225 0.181319
  0 230 0.185348
  0 234 0.188571
  0 238 0.191795
  0 242 0.195018
  0 246 0.198242
  0 250 0.201465
  0 253 0.203883
  1   1 0.207106
  1   6 0.211136
  1  10 0.214359
  1  14 0.217582
  1  18 0.220806
  1  22 0.224029
  1  26 0.227253
  1  30 0.230476
  1  34 0.233700
  1  37 0.236117
  1  42 0.240147
  1  46 0.243370
  1  50 0.246593
  1  53 0.249011
  1  57 0.252234
  1  61 0.255458
  1  65 0.258681
  1  69 0.261905
  1  73 0.265128
  1  78 0.269158
  1  81 0.271575
  1  85 0.274799
  1  89 0.278022
  1  93 0.281245
  1  97 0.284469
  1 101 0.287692
  1 106 0.291722
  1 110 0.294945
  1 113 0.297363
  1 117 0.300586
  1 120 0.303004
