  0  14 0.011282
  0  18 0.014505
  0  21 0.016923
  0  26 0.020952
  0  29 0.023370
  0  34 0.027399
  0  38 0.030623
  0  42 0.033846
  0  46 0.037070
  0  50 0.040293
  0  53 0.042711
  0  58 0.046740
  0  62 0.049963
  0  65 0.052381
  0  69 0.055604
  0  74 0.059634
  0  78 0.062857
  0  82 0.066081
  0  85 0.068498
  0  89 0.071722
  0  93 0.074945
  0  97 0.078168
  0 101 0.081392
  0 105 0.084615
  0 110 0.088645
  0 114 0.091868
  0 117 0.094286
  0 121 0.097509
  0 125 0.100733
  0 129 0.103956
  0 133 0.107179
  0 137 0.110403
  0 141 0.113626
  0 145 0.116850
  0 149 0.120073
  0 153 0.123297
  0 157 0.126520
  0 161 0.129744
  0 165 0.132967
  0 169 0.136190
  0 174 0.140220
  0 178 0.143443
  0 182 0.146667
  0 185 0.149084
  0 190 0.153114
  0 193 0.155531
  0 197 0.158755
  0 201 0.161978
  0 206 0.166007
  0 210 0.169231
  0 214 0.172454
  0 217 0.174872
  0 221 0.178095
  0 225 0.181319
  0 229 0.184542
  0 233 0.187766
  0 237 0.190989
  0 242 0.195018
  0 245 0.197436
  0 249 0.200659
  0 253 0.203883
  1   1 0.207106
  1   6 0.211136
  1   9 0.213553
  1  14 0.217582
  1  18 0.220806
  1  22 0.224029
  1  26 0.227253
  1  30 0.230476
  1  33 0.232894
  1  37 0.236117
  1  41 0.239341
  1  46 0.243370
  1  50 0.246593
  1  54 0.249817
  1  57 0.252234
  1  61 0.255458
  1  65 0.258681
  1  69 0.261905
  1  73 0.265128
  1  77 0.268352
  1  81 0.271575
  1  85 0.274799
  1  89 0.278022
  1  93 0.281245
  1  97 0.284469
  1 101 0.287692
  1 105 0.290916
  1 110 0.294945
  1 113 0.297363
  1 117 0.300586
  1 121 0.303810
