  0  13 0.010476
  0  17 0.013700
  0  21 0.016923
  0  25 0.020147
  0  29 0.023370
  0  33 0.026593
  0  37 0.029817
  0  41 0.033040
  0  45 0.036264
  0  49 0.039487
  0  53 0.042711
  0  58 0.046740
  0  61 0.049158
  0  65 0.052381
  0  69 0.055604
  0  73 0.058828
  0  77 0.062051
  0  81 0.065275
  0  85 0.068498
  0  89 0.071722
  0  93 0.074945
  0  97 0.078168
  0 101 0.081392
  0 105 0.084615
  0 109 0.087839
  0 113 0.091062
  0 117 0.094286
  0 121 0.097509
  0 125 0.100733
  0 129 0.103956
  0 133 0.107179
  0 137 0.110403
  0 141 0.113626
  0 145 0.116850
  0 149 0.120073
  0 153 0.123297
  0 157 0.126520
  0 161 0.129744
  0 165 0.132967
  0 169 0.136190
  0 173 0.139414
  0 177 0.142637
  0 182 0.146667
  0 186 0.149890
  0 190 0.153114
  0 193 0.155531
  0 198 0.159560
  0 201 0.161978
  0 205 0.165201
  0 209 0.168425
  0 213 0.171648
  0 217 0.174872
  0 222 0.178901
  0 225 0.181319
  0 229 0.184542
  0 233 0.187766
  0 237 0.190989
  0 241 0.194212
  0 245 0.197436
  0 249 0.200659
  0 253 0.203883
  1   1 0.207106
  1   5 0.210330
  1  10 0.214359
  1  14 0.217582
  1  17 0.220000
  1  22 0.224029
  1  26 0.227253
  1  29 0.229670
  1  34 0.233700
  1  38 0.236923
  1  42 0.240147
  1  45 0.242564
  1  49 0.245788
  1  53 0.249011
  1  57 0.252234
  1  62 0.256264
  1  65 0.258681
  1  69 0.261905
  1  73 0.265128
  1  77 0.268352
  1  81 0.271575
  1  85 0.274799
  1  89 0.278022
  1  94 0.282051
  1  97 0.284469
  1 101 0.287692
  1 105 0.290916
  1 109 0.294139
  1 113 0.297363
  1 117 0.300586
  1 120 0.303004
