  0  18 0.014505
  0  28 0.022564
  0  43 0.034652
  0  58 0.046740
  0  70 0.056410
  0  85 0.068498
  0  99 0.079780
  0 112 0.090256
  0 127 0.102344
  0 141 0.113626
  0 154 0.124103
  0 170 0.136996
  0 184 0.148278
  0 198 0.159560
  0 213 0.171648
  0 225 0.181319
  0 239 0.192601
  0 254 0.204689
  1  11 0.215165
  1  25 0.226447
  1  38 0.236923
  1  53 0.249011
  1  67 0.260293
  1  82 0.272381
  1  96 0.283663
  1 109 0.294139
  1 123 0.305421
  1 138 0.317509
  1 151 0.327985
  1 165 0.339267
  1 179 0.350549
  1 194 0.362637
  1 208 0.373919
  1 222 0.385201
  1 235 0.395678
  1 249 0.406960
  2   8 0.419048
  2  22 0.430330
  2  37 0.442418
  2  50 0.452894
  2  65 0.464982
  2  80 0.477070
  2  94 0.488352
  2 107 0.498828
  2 121 0.510110
  2 134 0.520586
  2 149 0.532674
  2 163 0.543956
  2 177 0.555238
  2 192 0.567326
  2 206 0.578608
  2 220 0.589890
  2 233 0.600366
  2 247 0.611648
  3   5 0.622930
  3  19 0.634212
  3  34 0.646300
  3  47 0.656777
  3  62 0.668864
  3  76 0.680147
  3  91 0.692234
  3 104 0.702711
  3 117 0.713187
  3 132 0.725275
  3 145 0.735751
  3 159 0.747033
  3 174 0.759121
  3 188 0.770403
  3 202 0.781685
  3 217 0.793773
  3 230 0.804249
  3 243 0.814725
  4   1 0.826007
  4  15 0.837289
  4  29 0.848571
  4  43 0.859853
  4  58 0.871941
  4  72 0.883223
  4  86 0.894505
  4 100 0.905788
  4 113 0.916264
  4 127 0.927546
  4 141 0.938828
  4 155 0.950110
  4 169 0.961392
  4 184 0.973480
  4 198 0.984762
  4 212 0.996044
  4 226 1.007326
  4 239 1.017802
  4 253 1.029084
  4 252 1.028278
