  0  17 0.013700
  0  28 0.022564
  0  43 0.034652
  0  57 0.045934
  0  71 0.057216
  0  85 0.068498
  0 100 0.080586
  0 113 0.091062
  0 127 0.102344
  0 141 0.113626
  0 154 0.124103
  0 169 0.136190
  0 183 0.147473
  0 197 0.158755
  0 213 0.171648
  0 226 0.182125
  0 240 0.193407
  0 254 0.204689
  1  11 0.215165
  1  25 0.226447
  1  39 0.237729
  1  52 0.248205
  1  66 0.259487
  1  81 0.271575
  1  96 0.283663
  1 110 0.294945
  1 124 0.306227
  1 138 0.317509
  1 151 0.327985
  1 165 0.339267
  1 179 0.350549
  1 193 0.361832
  1 207 0.373114
  1 221 0.384396
  1 236 0.396484
  1 251 0.408571
  2   9 0.419853
  2  23 0.431136
  2  36 0.441612
  2  50 0.452894
  2  64 0.464176
  2  79 0.476264
  2  93 0.487546
  2 108 0.499634
  2 122 0.510916
  2 136 0.522198
  2 149 0.532674
  2 163 0.543956
  2 177 0.555238
  2 191 0.566520
  2 205 0.577802
  2 219 0.589084
  2 234 0.601172
  2 248 0.612454
  3   6 0.623736
  3  20 0.635018
  3  33 0.645495
  3  48 0.657582
  3  61 0.668059
  3  76 0.680147
  3  89 0.690623
  3 104 0.702711
  3 119 0.714799
  3 133 0.726081
  3 147 0.737363
  3 160 0.747839
  3 173 0.758315
  3 187 0.769597
  3 201 0.780879
  3 215 0.792161
  3 230 0.804249
  3 244 0.815531
  4   3 0.827619
  4  16 0.838095
  4  30 0.849377
  4  43 0.859853
  4  57 0.871136
  4  70 0.881612
  4  85 0.893700
  4  99 0.904982
  4 114 0.917070
  4 128 0.928352
  4 142 0.939634
  4 156 0.950916
  4 169 0.961392
  4 183 0.972674
  4 197 0.983956
  4 211 0.995238
  4 225 1.006520
  4 239 1.017802
  4 253 1.029084
  4 254 1.029890
