  0  17 0.013700
  0  29 0.023370
  0  43 0.034652
  0  57 0.045934
  0  70 0.056410
  0  85 0.068498
  0  99 0.079780
  0 114 0.091868
  0 128 0.103150
  0 142 0.114432
  0 155 0.124908
  0 170 0.136996
  0 184 0.148278
  0 197 0.158755
  0 212 0.170842
  0 225 0.181319
  0 239 0.192601
  0 254 0.204689
  1  12 0.215971
  1  26 0.227253
  1  40 0.238535
  1  53 0.249011
  1  67 0.260293
  1  81 0.271575
  1  95 0.282857
  1 109 0.294139
  1 123 0.305421
  1 138 0.317509
  1 152 0.328791
  1 166 0.340073
  1 180 0.351355
  1 193 0.361832
  1 207 0.373114
  1 221 0.384396
  1 235 0.395678
  1 249 0.406960
  2   9 0.419853
  2  23 0.431136
  2  38 0.443223
  2  51 0.453700
  2  65 0.464982
  2  79 0.476264
  2  93 0.487546
  2 107 0.498828
  2 121 0.510110
  2 135 0.521392
  2 150 0.533480
  2 164 0.544762
  2 178 0.556044
  2 191 0.566520
  2 205 0.577802
  2 219 0.589084
  2 233 0.600366
  2 247 0.611648
  3   5 0.622930
  3  20 0.635018
  3  35 0.647106
  3  48 0.657582
  3  62 0.668864
  3  75 0.679341
  3  89 0.690623
  3 103 0.701905
  3 117 0.713187
  3 132 0.725275
  3 147 0.737363
  3 161 0.748645
  3 174 0.759121
  3 187 0.769597
  3 201 0.780879
  3 215 0.792161
  3 229 0.803443
  3 243 0.814725
  4   2 0.826813
  4  16 0.838095
  4  30 0.849377
  4  46 0.862271
  4  58 0.871941
  4  71 0.882418
  4  85 0.893700
  4  99 0.904982
  4 113 0.916264
  4 127 0.927546
  4 141 0.938828
  4 156 0.950916
  4 170 0.962198
  4 184 0.973480
  4 198 0.984762
  4 211 0.995238
  4 225 1.006520
  4 239 1.017802
  4 253 1.029084
  4 252 1.028278
