  0  19 0.015311
  0  29 0.023370
  0  43 0.034652
  0  57 0.045934
  0  71 0.057216
  0  86 0.069304
  0 101 0.081392
  0 114 0.091868
  0 128 0.103150
  0 142 0.114432
  0 155 0.124908
  0 170 0.136996
  0 184 0.148278
  0 197 0.158755
  0 212 0.170842
  0 227 0.182930
  0 241 0.194212
  0 254 0.204689
  1  12 0.215971
  1  25 0.226447
  1  40 0.238535
  1  53 0.249011
  1  67 0.260293
  1  81 0.271575
  1  95 0.282857
  1 110 0.294945
  1 125 0.307033
  1 138 0.317509
  1 152 0.328791
  1 166 0.340073
  1 180 0.351355
  1 193 0.361832
  1 208 0.373919
  1 221 0.384396
  1 236 0.396484
  1 251 0.408571
  2   9 0.419853
  2  23 0.431136
  2  37 0.442418
  2  51 0.453700
  2  65 0.464982
  2  79 0.476264
  2  93 0.487546
  2 108 0.499634
  2 122 0.510916
  2 136 0.522198
  2 150 0.533480
  2 164 0.544762
  2 177 0.555238
  2 191 0.566520
  2 205 0.577802
  2 220 0.589890
  2 234 0.601172
  2 248 0.612454
  3   6 0.623736
  3  20 0.635018
  3  33 0.645495
  3  48 0.657582
  3  61 0.668059
  3  75 0.679341
  3  90 0.691429
  3 103 0.701905
  3 118 0.713993
  3 133 0.726081
  3 147 0.737363
  3 160 0.747839
  3 174 0.759121
  3 187 0.769597
  3 201 0.780879
  3 215 0.792161
  3 229 0.803443
  3 243 0.814725
  4   2 0.826813
  4  16 0.838095
  4  31 0.850183
  4  44 0.860659
  4  57 0.871136
  4  71 0.882418
  4  85 0.893700
  4  98 0.904176
  4 113 0.916264
  4 127 0.927546
  4 142 0.939634
  4 156 0.950916
  4 170 0.962198
  4 184 0.973480
  4 197 0.983956
  4 211 0.995238
  4 225 1.006520
  4 238 1.016996
  4 253 1.029084
  4 253 1.029084
