  0  15 0.012088
  0 105 0.084615
  0 198 0.159560
  1  36 0.235311
  1 131 0.311868
  1 224 0.386813
  2  63 0.463370
  2 155 0.537509
  2 248 0.612454
  3  85 0.687399
  3 179 0.763150
  4  17 0.838901
  4 110 0.913846
  4 205 0.990403
  5  43 1.066154
  5 138 1.142711
  5 232 1.218462
  6  71 1.295018
  6 164 1.369963
  7   1 1.444908
  7  93 1.519048
  7 187 1.594799
  8  25 1.670549
  8 120 1.747106
  8 213 1.822051
  9  50 1.896996
  9 144 1.972747
  9 236 2.046886
 10  72 2.121026
 10 165 2.195971
 11   3 2.271722
