  0  16 0.012894
  0 105 0.084615
  0 198 0.159560
  1  36 0.235311
  1 130 0.311062
  1 224 0.386813
  2  62 0.462564
  2 154 0.536703
  2 249 0.613260
  3  86 0.688205
  3 179 0.763150
  4  18 0.839707
  4 110 0.913846
  4 205 0.990403
  5  43 1.066154
  5 138 1.142711
  5 231 1.217656
  6  70 1.294212
  6 164 1.369963
  7   1 1.444908
  7  95 1.520659
  7 188 1.595604
  8  25 1.670549
  8 119 1.746300
  8 212 1.821245
  9  49 1.896190
  9 143 1.971941
  9 236 2.046886
 10  74 2.122637
 10 166 2.196777
 11   4 2.272527
