  0  17 0.013700
  0 106 0.085421
  0 198 0.159560
  1  36 0.235311
  1 130 0.311062
  1 224 0.386813
  2  62 0.462564
  2 155 0.537509
  2 248 0.612454
  3  86 0.688205
  3 180 0.763956
  4  18 0.839707
  4 111 0.914652
  4 204 0.989597
  5  43 1.066154
  5 138 1.142711
  5 230 1.216850
  6  70 1.294212
  6 165 1.370769
  7   2 1.445714
  7  94 1.519853
  7 187 1.594799
  8  25 1.670549
  8 120 1.747106
  8 212 1.821245
  9  50 1.896996
  9 142 1.971136
  9 236 2.046886
 10  73 2.121832
 10 167 2.197582
 11   4 2.272527
