  0  16 0.012894
  0 106 0.085421
  0 200 0.161172
  1  37 0.236117
  1 132 0.312674
  1 224 0.386813
  2  62 0.462564
  2 154 0.536703
  2 247 0.611648
  3  84 0.686593
  3 179 0.763150
  4  18 0.839707
  4 112 0.915458
  4 206 0.991209
  5  44 1.066960
  5 138 1.142711
  5 231 1.217656
  6  69 1.293407
  6 163 1.369158
  7   0 1.444103
  7  94 1.519853
  7 187 1.594799
  8  26 1.671355
  8 121 1.747912
  8 213 1.822051
  9  50 1.896996
  9 142 1.971136
  9 235 2.046081
 10  72 2.121026
 10 166 2.196777
 11   3 2.271722
