  0  16 0.012894
  0 106 0.085421
  0 199 0.160366
  1  37 0.236117
  1 132 0.312674
  1 225 0.387619
  2  63 0.463370
  2 154 0.536703
  2 247 0.611648
  3  85 0.687399
  3 179 0.763150
  4  18 0.839707
  4 111 0.914652
  4 205 0.990403
  5  44 1.066960
  5 138 1.142711
  5 231 1.217656
  6  69 1.293407
  6 163 1.369158
  7   0 1.444103
  7  93 1.519048
  7 187 1.594799
  8  26 1.671355
  8 120 1.747106
  8 213 1.822051
  9  50 1.896996
  9 143 1.971941
  9 235 2.046081
 10  72 2.121026
 10 166 2.196777
 11   3 2.271722
