  0  15 0.012088
  0 105 0.084615
  0 198 0.159560
  1  37 0.236117
  1 132 0.312674
  1 225 0.387619
  2  63 0.463370
  2 154 0.536703
  2 248 0.612454
  3  85 0.687399
  3 179 0.763150
  4  17 0.838901
  4 111 0.914652
  4 205 0.990403
  5  44 1.066960
  5 139 1.143516
  5 231 1.217656
  6  70 1.294212
  6 164 1.369963
  7   1 1.444908
  7  93 1.519048
  7 187 1.594799
  8  25 1.670549
  8 120 1.747106
  8 213 1.822051
  9  51 1.897802
  9 144 1.972747
  9 236 2.046886
 10  73 2.121832
 10 166 2.196777
 11   3 2.271722
