  0  17 0.013700
  0 106 0.085421
  0 199 0.160366
  1  37 0.236117
  1 131 0.311868
  1 224 0.386813
  2  62 0.462564
  2 154 0.536703
  2 247 0.611648
  3  85 0.687399
  3 180 0.763956
  4  19 0.840513
  4 112 0.915458
  4 205 0.990403
  5  43 1.066154
  5 138 1.142711
  5 230 1.216850
  6  69 1.293407
  6 163 1.369158
  7   1 1.444908
  7  94 1.519853
  7 188 1.595604
  8  26 1.671355
  8 120 1.747106
  8 212 1.821245
  9  50 1.896996
  9 142 1.971136
  9 235 2.046081
 10  72 2.121026
 10 166 2.196777
 11   4 2.272527
