  0  16 0.012894
  0 105 0.084615
  0 198 0.159560
  1  36 0.235311
  1 131 0.311868
  1 225 0.387619
  2  63 0.463370
  2 155 0.537509
  2 248 0.612454
  3  86 0.688205
  3 179 0.763150
  4  17 0.838901
  4 110 0.913846
  4 204 0.989597
  5  43 1.066154
  5 138 1.142711
  5 232 1.218462
  6  71 1.295018
  6 164 1.369963
  7   1 1.444908
  7  94 1.519853
  7 187 1.594799
  8  25 1.670549
  8 119 1.746300
  8 212 1.821245
  9  50 1.896996
  9 143 1.971941
  9 236 2.046886
 10  73 2.121832
 10 166 2.196777
 11   4 2.272527
