  0  30 0.024176
  0 145 0.116850
  1  11 0.215165
  1 135 0.315092
  2   3 0.415018
  2 126 0.514139
  2 250 0.614066
  3 117 0.713187
  3 240 0.812308
  4 107 0.911429
  4 230 1.010549
  5  97 1.109670
  5 219 1.207985
  6  89 1.309524
  6 213 1.409451
  7  83 1.510989
  7 206 1.610110
  8  74 1.710037
  8 197 1.809158
  9  64 1.908278
  9 186 2.006593
 10  54 2.106520
 10 178 2.206447
 11  46 2.306374
 11 169 2.405495
 12  37 2.505421
 12 160 2.604542
 13  26 2.702857
 13 146 2.799560
 14  13 2.898681
 14 136 2.997802
