  0  30 0.024176
  0 144 0.116044
  1  11 0.215165
  1 134 0.314286
  2   4 0.415824
  2 128 0.515751
  2 252 0.615678
  3 117 0.713187
  3 239 0.811502
  4 106 0.910623
  4 230 1.010549
  5  97 1.109670
  5 219 1.207985
  6  89 1.309524
  6 213 1.409451
  7  84 1.511795
  7 206 1.610110
  8  74 1.710037
  8 197 1.809158
  9  64 1.908278
  9 186 2.006593
 10  54 2.106520
 10 177 2.205641
 11  47 2.307179
 11 170 2.406300
 12  38 2.506227
 12 160 2.604542
 13  26 2.702857
 13 147 2.800366
 14  14 2.899487
 14 136 2.997802
