  0  30 0.024176
  0 145 0.116850
  1  11 0.215165
  1 134 0.314286
  2   3 0.415018
  2 127 0.514945
  2 251 0.614872
  3 117 0.713187
  3 239 0.811502
  4 106 0.910623
  4 230 1.010549
  5  97 1.109670
  5 220 1.208791
  6  89 1.309524
  6 213 1.409451
  7  83 1.510989
  7 206 1.610110
  8  75 1.710842
  8 197 1.809158
  9  64 1.908278
  9 186 2.006593
 10  54 2.106520
 10 178 2.206447
 11  46 2.306374
 11 169 2.405495
 12  36 2.504615
 12 160 2.604542
 13  26 2.702857
 13 147 2.800366
 14  14 2.899487
 14 137 2.998608
