  0  31 0.024982
  0 145 0.116850
  1  11 0.215165
  1 135 0.315092
  2   3 0.415018
  2 126 0.514139
  2 250 0.614066
  3 117 0.713187
  3 240 0.812308
  4 107 0.911429
  4 230 1.010549
  5  97 1.109670
  5 220 1.208791
  6  89 1.309524
  6 213 1.409451
  7  83 1.510989
  7 205 1.609304
  8  75 1.710842
  8 198 1.809963
  9  64 1.908278
  9 186 2.006593
 10  54 2.106520
 10 176 2.204835
 11  46 2.306374
 11 168 2.404689
 12  36 2.504615
 12 160 2.604542
 13  26 2.702857
 13 148 2.801172
 14  16 2.901099
 14 137 2.998608
