  0  31 0.024982
  0 145 0.116850
  1  11 0.215165
  1 134 0.314286
  2   4 0.415824
  2 127 0.514945
  2 251 0.614872
  3 117 0.713187
  3 240 0.812308
  4 107 0.911429
  4 231 1.011355
  5  98 1.110476
  5 220 1.208791
  6  89 1.309524
  6 213 1.409451
  7  83 1.510989
  7 206 1.610110
  8  75 1.710842
  8 198 1.809963
  9  64 1.908278
  9 187 2.007399
 10  54 2.106520
 10 178 2.206447
 11  46 2.306374
 11 168 2.404689
 12  36 2.504615
 12 160 2.604542
 13  27 2.703663
 13 149 2.801978
 14  16 2.901099
 14 138 2.999414
