  0  30 0.024176
  0 144 0.116044
  1  11 0.215165
  1 135 0.315092
  2   5 0.416630
  2 129 0.516557
  2 251 0.614872
  3 115 0.711575
  3 238 0.810696
  4 105 0.909817
  4 229 1.009744
  5  98 1.110476
  5 220 1.208791
  6  90 1.310330
  6 214 1.410256
  7  84 1.511795
  7 206 1.610110
  8  75 1.710842
  8 197 1.809158
  9  64 1.908278
  9 186 2.006593
 10  54 2.106520
 10 178 2.206447
 11  48 2.307985
 11 169 2.405495
 12  38 2.506227
 12 160 2.604542
 13  27 2.703663
 13 148 2.801172
 14  15 2.900293
 14 137 2.998608
