  0  32 0.025788
  0 147 0.118462
  1  12 0.215971
  1 135 0.315092
  2   4 0.415824
  2 126 0.514139
  2 249 0.613260
  3 115 0.711575
  3 239 0.811502
  4 107 0.911429
  4 232 1.012161
  5  99 1.111282
  5 221 1.209597
  6  90 1.310330
  6 213 1.409451
  7  82 1.510183
  7 204 1.608498
  8  73 1.709231
  8 197 1.809158
  9  65 1.909084
  9 188 2.008205
 10  56 2.108132
 10 179 2.207253
 11  46 2.306374
 11 168 2.404689
 12  35 2.503810
 12 158 2.602930
 13  24 2.701245
 13 147 2.800366
 14  16 2.901099
 14 140 3.001026
