  0  31 0.024982
  0 147 0.118462
  1  13 0.216777
  1 135 0.315092
  2   5 0.416630
  2 126 0.514139
  2 249 0.613260
  3 114 0.710769
  3 237 0.809890
  4 105 0.909817
  4 231 1.011355
  5 100 1.112088
  5 222 1.210403
  6  91 1.311136
  6 214 1.410256
  7  82 1.510183
  7 204 1.608498
  8  72 1.708425
  8 195 1.807546
  9  64 1.908278
  9 187 2.007399
 10  56 2.108132
 10 180 2.208059
 11  48 2.307985
 11 169 2.405495
 12  36 2.504615
 12 157 2.602125
 13  24 2.701245
 13 146 2.799560
 14  14 2.899487
 14 138 2.999414
