  0  58 0.046740
  0  97 0.078168
  0 140 0.112821
  0 184 0.148278
  0 225 0.181319
  1  16 0.219194
  1  63 0.257070
  1 107 0.292527
  1 156 0.332015
  1 201 0.368278
  1 243 0.402125
  2  33 0.439194
  2  77 0.474652
  2 120 0.509304
  2 166 0.546374
  2 209 0.581026
  2 255 0.618095
  3  46 0.655971
  3  90 0.691429
  3 134 0.726886
  3 177 0.761538
  3 219 0.795385
  4   8 0.831648
  4  54 0.868718
  4  98 0.904176
  4 143 0.940440
  4 190 0.978315
  4 235 1.014579
  5  24 1.050842
  5  67 1.085495
  5 110 1.120147
  5 155 1.156410
  5 199 1.191868
  5 243 1.227326
  6  34 1.265201
  6  81 1.303077
  6 128 1.340952
  6 173 1.377216
  6 216 1.411868
  7   4 1.447326
  7  48 1.482784
  7  93 1.519048
  7 137 1.554505
  7 182 1.590769
  7 227 1.627033
  8  19 1.665714
  8  64 1.701978
  8 107 1.736630
  8 150 1.771282
  8 194 1.806740
  8 239 1.843004
  9  27 1.878462
  9  72 1.914725
  9 119 1.952601
  9 165 1.989670
  9 210 2.025934
  9 252 2.059780
 10  41 2.096044
 10  84 2.130696
 10 129 2.166960
 10 174 2.203223
 10 218 2.238681
 11  10 2.277363
 11  57 2.315238
 11 101 2.350696
 11 144 2.385348
 11 186 2.419194
 11 228 2.453040
 12  18 2.490110
 12  62 2.525568
 12 107 2.561832
 12 152 2.598095
 12 199 2.635971
 12 242 2.670623
 13  30 2.706081
 13  73 2.740733
 13 116 2.775385
 13 160 2.810842
 13 203 2.845495
 13 249 2.882564
 14  40 2.920440
 14  86 2.957509
 14 132 2.994579
 14 176 3.030037
 14 218 3.063883
 15   7 3.100147
 15  51 3.135604
 15  96 3.171868
 15 141 3.208132
 15 144 3.210549
 15 168 3.229890
 15 142 3.208938
