  0  60 0.048352
  0  93 0.074945
  0 138 0.111209
  0 185 0.149084
  0 228 0.183736
  1  20 0.222418
  1  68 0.261099
  1 110 0.294945
  1 155 0.331209
  1 197 0.365055
  1 240 0.399707
  2  31 0.437582
  2  75 0.473040
  2 119 0.508498
  2 167 0.547179
  2 213 0.584249
  3   2 0.620513
  3  47 0.656777
  3  89 0.690623
  3 131 0.724469
  3 176 0.760733
  3 218 0.794579
  4   8 0.831648
  4  55 0.869524
  4  99 0.904982
  4 146 0.942857
  4 191 0.979121
  4 233 1.012967
  5  21 1.048425
  5  66 1.084689
  5 111 1.120952
  5 155 1.156410
  5 200 1.192674
  5 247 1.230549
  6  38 1.268425
  6  83 1.304689
  6 126 1.339341
  6 169 1.373993
  6 213 1.409451
  7   2 1.445714
  7  47 1.481978
  7  94 1.519853
  7 139 1.556117
  7 186 1.593993
  7 230 1.629451
  8  18 1.664908
  8  61 1.699560
  8 104 1.734212
  8 149 1.770476
  8 194 1.806740
  8 238 1.842198
  9  29 1.880073
  9  75 1.917143
  9 120 1.953407
  9 163 1.988059
  9 206 2.022711
  9 250 2.058168
 10  40 2.095238
 10  84 2.130696
 10 129 2.166960
 10 176 2.204835
 10 222 2.241905
 11  12 2.278974
 11  55 2.313626
 11  98 2.348278
 11 142 2.383736
 11 185 2.418388
 11 227 2.452234
 12  18 2.490110
 12  64 2.527179
 12 110 2.564249
 12 155 2.600513
 12 198 2.635165
 12 240 2.669011
 13  28 2.704469
 13  72 2.739927
 13 116 2.775385
 13 160 2.810842
 13 204 2.846300
 13 251 2.884176
 14  42 2.922051
 14  87 2.958315
 14 129 2.992161
 14 173 3.027619
 14 216 3.062271
 15   6 3.099341
 15  51 3.135604
 15  96 3.171868
 15 143 3.209744
 15 143 3.209744
 15 156 3.220220
 15 160 3.223443
