  0  64 0.051575
  0  98 0.078974
  0 143 0.115238
  0 186 0.149890
  0 226 0.182125
  1  16 0.219194
  1  62 0.256264
  1 105 0.290916
  1 154 0.330403
  1 200 0.367473
  1 244 0.402930
  2  37 0.442418
  2  79 0.476264
  2 120 0.509304
  2 165 0.545568
  2 209 0.581026
  2 252 0.615678
  3  44 0.654359
  3  88 0.689817
  3 134 0.726886
  3 181 0.764762
  3 222 0.797802
  4   9 0.832454
  4  54 0.868718
  4  97 0.903370
  4 142 0.939634
  4 187 0.975897
  4 232 1.012161
  5  23 1.050037
  5  70 1.087912
  5 113 1.122564
  5 155 1.156410
  5 200 1.192674
  5 244 1.228132
  6  34 1.265201
  6  79 1.301465
  6 125 1.338535
  6 172 1.376410
  6 217 1.412674
  7   6 1.448938
  7  49 1.483590
  7  93 1.519048
  7 137 1.554505
  7 181 1.589963
  7 225 1.625421
  8  16 1.663297
  8  62 1.700366
  8 108 1.737436
  8 152 1.772894
  8 196 1.808352
  8 240 1.843810
  9  27 1.878462
  9  72 1.914725
  9 116 1.950183
  9 161 1.986447
  9 208 2.024322
  9 254 2.061392
 10  44 2.098462
 10  86 2.132308
 10 129 2.166960
 10 174 2.203223
 10 218 2.238681
 11   7 2.274945
 11  52 2.311209
 11  99 2.349084
 11 145 2.386154
 11 189 2.421612
 11 231 2.455458
 12  20 2.491722
 12  62 2.525568
 12 107 2.561832
 12 151 2.597289
 12 195 2.632747
 12 240 2.669011
 13  30 2.706081
 13  76 2.743150
 13 120 2.778608
 13 162 2.812454
 13 204 2.846300
 13 248 2.881758
 14  38 2.918828
 14  83 2.955092
 14 128 2.991355
 14 174 3.028425
 14 221 3.066300
 15  10 3.102564
 15  54 3.138022
 15  98 3.173480
 15 142 3.208938
 15 135 3.203297
 15 135 3.203297
 15 156 3.220220
