  0  62 0.049963
  0  97 0.078168
  0 143 0.115238
  0 187 0.150696
  0 226 0.182125
  1  14 0.217582
  1  60 0.254652
  1 103 0.289304
  1 151 0.327985
  1 198 0.365861
  1 243 0.402125
  2  35 0.440806
  2  78 0.475458
  2 119 0.508498
  2 165 0.545568
  2 208 0.580220
  2 252 0.615678
  3  43 0.653553
  3  87 0.689011
  3 132 0.725275
  3 179 0.763150
  3 220 0.796190
  4   8 0.831648
  4  53 0.867912
  4  96 0.902564
  4 141 0.938828
  4 186 0.975092
  4 232 1.012161
  5  24 1.050842
  5  68 1.086300
  5 112 1.121758
  5 155 1.156410
  5 198 1.191062
  5 243 1.227326
  6  33 1.264396
  6  79 1.301465
  6 125 1.338535
  6 172 1.376410
  6 217 1.412674
  7   5 1.448132
  7  48 1.482784
  7  92 1.518242
  7 137 1.554505
  7 181 1.589963
  7 225 1.625421
  8  16 1.663297
  8  63 1.701172
  8 108 1.737436
  8 151 1.772088
  8 194 1.806740
  8 238 1.842198
  9  27 1.878462
  9  71 1.913919
  9 116 1.950183
  9 162 1.987253
  9 208 2.024322
  9 253 2.060586
 10  43 2.097656
 10  85 2.131502
 10 129 2.166960
 10 174 2.203223
 10 218 2.238681
 11   7 2.274945
 11  55 2.313626
 11 101 2.350696
 11 146 2.386960
 11 187 2.420000
 11 229 2.453846
 12  18 2.490110
 12  62 2.525568
 12 106 2.561026
 12 151 2.597289
 12 197 2.634359
 12 242 2.670623
 13  32 2.707692
 13  75 2.742344
 13 117 2.776190
 13 160 2.810842
 13 204 2.846300
 13 248 2.881758
 14  38 2.918828
 14  84 2.955897
 14 130 2.992967
 14 176 3.030037
 14 220 3.065495
 15   8 3.100952
 15  52 3.136410
 15  96 3.171868
 15 141 3.208132
 15 138 3.205714
 15 154 3.218608
 15 143 3.209744
