  0  58 0.046740
  0  93 0.074945
  0 138 0.111209
  0 185 0.149084
  0 229 0.184542
  1  19 0.221612
  1  64 0.257875
  1 105 0.290916
  1 149 0.326374
  1 194 0.362637
  1 237 0.397289
  2  30 0.436777
  2  76 0.473846
  2 121 0.510110
  2 169 0.548791
  2 212 0.583443
  2 254 0.617289
  3  43 0.653553
  3  84 0.686593
  3 128 0.722051
  3 174 0.759121
  3 217 0.793773
  4   8 0.831648
  4  56 0.870330
  4 100 0.905788
  4 144 0.941245
  4 188 0.976703
  4 231 1.011355
  5  19 1.046813
  5  64 1.083077
  5 108 1.118535
  5 153 1.154799
  5 199 1.191868
  5 247 1.230549
  6  37 1.267619
  6  80 1.302271
  6 124 1.337729
  6 168 1.373187
  6 213 1.409451
  7   0 1.444103
  7  47 1.481978
  7  92 1.518242
  7 139 1.556117
  7 185 1.593187
  7 228 1.627839
  8  16 1.663297
  8  59 1.697949
  8 103 1.733407
  8 148 1.769670
  8 193 1.805934
  8 239 1.843004
  9  30 1.880879
  9  75 1.917143
  9 119 1.952601
  9 162 1.987253
  9 205 2.021905
  9 250 2.058168
 10  39 2.094432
 10  83 2.129890
 10 129 2.166960
 10 177 2.205641
 10 222 2.241905
 11  11 2.278168
 11  54 2.312821
 11  97 2.347473
 11 142 2.383736
 11 185 2.418388
 11 228 2.453040
 12  18 2.490110
 12  64 2.527179
 12 110 2.564249
 12 155 2.600513
 12 197 2.634359
 12 240 2.669011
 13  28 2.704469
 13  72 2.739927
 13 116 2.775385
 13 160 2.810842
 13 204 2.846300
 13 250 2.883370
 14  42 2.922051
 14  87 2.958315
 14 130 2.992967
 14 174 3.028425
 14 217 3.063077
 15   6 3.099341
 15  52 3.136410
 15  96 3.171868
 15 142 3.208938
 15 130 3.199267
 15 144 3.210549
 15 158 3.221832
