  0  58 0.046740
  0  93 0.074945
  0 137 0.110403
  0 183 0.147473
  0 225 0.181319
  1  16 0.219194
  1  64 0.257875
  1 107 0.292527
  1 152 0.328791
  1 195 0.363443
  1 237 0.397289
  2  30 0.436777
  2  74 0.472234
  2 118 0.507692
  2 164 0.544762
  2 210 0.581832
  2 255 0.618095
  3  46 0.655971
  3  85 0.687399
  3 128 0.722051
  3 174 0.759121
  3 216 0.792967
  4   6 0.830037
  4  52 0.867106
  4  97 0.903370
  4 143 0.940440
  4 190 0.978315
  4 233 1.012967
  5  20 1.047619
  5  64 1.083077
  5 108 1.118535
  5 153 1.154799
  5 197 1.190256
  5 243 1.227326
  6  35 1.266007
  6  82 1.303883
  6 127 1.340147
  6 170 1.374799
  6 213 1.409451
  7   2 1.445714
  7  46 1.481172
  7  91 1.517436
  7 137 1.554505
  7 182 1.590769
  7 228 1.627839
  8  19 1.665714
  8  62 1.700366
  8 106 1.735824
  8 148 1.769670
  8 193 1.805934
  8 237 1.841392
  9  26 1.877656
  9  72 1.914725
  9 118 1.951795
  9 165 1.989670
  9 208 2.024322
  9 251 2.058974
 10  40 2.095238
 10  83 2.129890
 10 128 2.166154
 10 173 2.202418
 10 218 2.238681
 11   9 2.276557
 11  55 2.313626
 11 101 2.350696
 11 145 2.386154
 11 187 2.420000
 11 228 2.453040
 12  17 2.489304
 12  62 2.525568
 12 106 2.561026
 12 151 2.597289
 12 197 2.634359
 12 242 2.670623
 13  31 2.706886
 13  75 2.742344
 13 118 2.776996
 13 160 2.810842
 13 204 2.846300
 13 248 2.881758
 14  38 2.918828
 14  83 2.955092
 14 130 2.992967
 14 176 3.030037
 14 221 3.066300
 15   9 3.101758
 15  53 3.137216
 15  96 3.171868
 15 141 3.208132
 15 128 3.197656
 15 165 3.227473
 15 139 3.206520
