  0  59 0.047546
  0  95 0.076557
  0 141 0.113626
  0 186 0.149890
  0 225 0.181319
  1  15 0.218388
  1  61 0.255458
  1 103 0.289304
  1 150 0.327179
  1 197 0.365055
  1 242 0.401319
  2  34 0.440000
  2  76 0.473846
  2 118 0.507692
  2 164 0.544762
  2 207 0.579414
  2 251 0.614872
  3  42 0.652747
  3  86 0.688205
  3 132 0.725275
  3 179 0.763150
  3 219 0.795385
  4   7 0.830842
  4  51 0.866300
  4  95 0.901758
  4 140 0.938022
  4 185 0.974286
  4 232 1.012161
  5  23 1.050037
  5  69 1.087106
  5 112 1.121758
  5 154 1.155604
  5 198 1.191062
  5 242 1.226520
  6  32 1.263590
  6  78 1.300659
  6 124 1.337729
  6 171 1.375604
  6 217 1.412674
  7   4 1.447326
  7  48 1.482784
  7  92 1.518242
  7 136 1.553700
  7 180 1.589158
  7 224 1.624615
  8  15 1.662491
  8  62 1.700366
  8 107 1.736630
  8 151 1.772088
  8 194 1.806740
  8 238 1.842198
  9  27 1.878462
  9  71 1.913919
  9 116 1.950183
  9 162 1.987253
  9 208 2.024322
  9 253 2.060586
 10  42 2.096850
 10  85 2.131502
 10 129 2.166960
 10 173 2.202418
 10 218 2.238681
 11   7 2.274945
 11  54 2.312821
 11 100 2.349890
 11 145 2.386154
 11 189 2.421612
 11 229 2.453846
 12  18 2.490110
 12  63 2.526374
 12 106 2.561026
 12 150 2.596484
 12 196 2.633553
 12 241 2.669817
 13  32 2.707692
 13  76 2.743150
 13 118 2.776996
 13 161 2.811648
 13 204 2.846300
 13 248 2.881758
 14  38 2.918828
 14  84 2.955897
 14 129 2.992161
 14 176 3.030037
 14 220 3.065495
 15   9 3.101758
 15  52 3.136410
 15  97 3.172674
 15 141 3.208132
 15 125 3.195238
 15 122 3.192821
 15 153 3.217802
