  0  58 0.046740
  0  92 0.074139
  0 138 0.111209
  0 184 0.148278
  0 228 0.183736
  1  20 0.222418
  1  65 0.258681
  1 106 0.291722
  1 150 0.327179
  1 194 0.362637
  1 236 0.396484
  2  30 0.436777
  2  75 0.473040
  2 119 0.508498
  2 168 0.547985
  2 213 0.584249
  3   1 0.619707
  3  45 0.655165
  3  85 0.687399
  3 128 0.722051
  3 174 0.759121
  3 217 0.793773
  4   7 0.830842
  4  55 0.869524
  4 100 0.905788
  4 145 0.942051
  4 189 0.977509
  4 232 1.012161
  5  20 1.047619
  5  64 1.083077
  5 108 1.118535
  5 153 1.154799
  5 199 1.191868
  5 246 1.229744
  6  37 1.267619
  6  82 1.303883
  6 125 1.338535
  6 169 1.373993
  6 213 1.409451
  7   1 1.444908
  7  46 1.481172
  7  92 1.518242
  7 138 1.555311
  7 185 1.593187
  7 229 1.628645
  8  18 1.664908
  8  60 1.698755
  8 104 1.734212
  8 148 1.769670
  8 193 1.805934
  8 237 1.841392
  9  28 1.879267
  9  75 1.917143
  9 120 1.953407
  9 164 1.988864
  9 205 2.021905
  9 250 2.058168
 10  39 2.094432
 10  83 2.129890
 10 128 2.166154
 10 174 2.203223
 10 220 2.240293
 11  11 2.278168
 11  56 2.314432
 11  99 2.349084
 11 142 2.383736
 11 185 2.418388
 11 228 2.453040
 12  18 2.490110
 12  63 2.526374
 12 107 2.561832
 12 154 2.599707
 12 199 2.635971
 12 242 2.670623
 13  29 2.705275
 13  72 2.739927
 13 116 2.775385
 13 160 2.810842
 13 203 2.845495
 13 249 2.882564
 14  41 2.921245
 14  87 2.958315
 14 131 2.993773
 14 176 3.030037
 14 219 3.064689
 15   7 3.100147
 15  51 3.135604
 15  96 3.171868
 15 141 3.208132
 15 124 3.194432
 15 156 3.220220
 15 153 3.217802
