  0  60 0.048352
  0  94 0.075751
  0 137 0.110403
  0 183 0.147473
  0 225 0.181319
  1  15 0.218388
  1  62 0.256264
  1 107 0.292527
  1 154 0.330403
  1 198 0.365861
  1 238 0.398095
  2  30 0.436777
  2  74 0.472234
  2 118 0.507692
  2 164 0.544762
  2 209 0.581026
  2 254 0.617289
  3  46 0.655971
  3  88 0.689817
  3 130 0.723663
  3 175 0.759927
  3 217 0.793773
  4   6 0.830037
  4  52 0.867106
  4  96 0.902564
  4 142 0.939634
  4 189 0.977509
  4 234 1.013773
  5  23 1.050037
  5  66 1.084689
  5 110 1.120147
  5 154 1.155604
  5 198 1.191062
  5 242 1.226520
  6  34 1.265201
  6  81 1.303077
  6 126 1.339341
  6 170 1.374799
  6 214 1.410256
  7   2 1.445714
  7  47 1.481978
  7  92 1.518242
  7 136 1.553700
  7 182 1.590769
  7 228 1.627839
  8  18 1.664908
  8  62 1.700366
  8 105 1.735018
  8 148 1.769670
  8 193 1.805934
  8 237 1.841392
  9  27 1.878462
  9  72 1.914725
  9 119 1.952601
  9 164 1.988864
  9 208 2.024322
  9 251 2.058974
 10  40 2.095238
 10  84 2.130696
 10 128 2.166154
 10 174 2.203223
 10 218 2.238681
 11  10 2.277363
 11  57 2.315238
 11 100 2.349890
 11 143 2.384542
 11 186 2.419194
 11 228 2.453040
 12  17 2.489304
 12  62 2.525568
 12 107 2.561832
 12 153 2.598901
 12 198 2.635165
 12 243 2.671429
 13  30 2.706081
 13  73 2.740733
 13 117 2.776190
 13 160 2.810842
 13 204 2.846300
 13 248 2.881758
 14  39 2.919634
 14  86 2.957509
 14 131 2.993773
 14 176 3.030037
 14 219 3.064689
 15   7 3.100147
 15  52 3.136410
 15  96 3.171868
 15 141 3.208132
 15 125 3.195238
 15 141 3.208132
 15 159 3.222637
