  0  58 0.046740
  0  91 0.073333
  0 136 0.109597
  0 183 0.147473
  0 227 0.182930
  1  18 0.220806
  1  64 0.257875
  1 105 0.290916
  1 150 0.327179
  1 194 0.362637
  1 237 0.397289
  2  30 0.436777
  2  75 0.473040
  2 120 0.509304
  2 167 0.547179
  2 211 0.582637
  2 254 0.617289
  3  43 0.653553
  3  84 0.686593
  3 128 0.722051
  3 174 0.759121
  3 216 0.792967
  4   7 0.830842
  4  55 0.869524
  4  98 0.904176
  4 143 0.940440
  4 187 0.975897
  4 231 1.011355
  5  19 1.046813
  5  64 1.083077
  5 109 1.119341
  5 154 1.155604
  5 200 1.192674
  5 246 1.229744
  6  36 1.266813
  6  79 1.301465
  6 123 1.336923
  6 168 1.373187
  6 212 1.408645
  7   0 1.444103
  7  46 1.481172
  7  93 1.519048
  7 139 1.556117
  7 184 1.592381
  7 227 1.627033
  8  15 1.662491
  8  59 1.697949
  8 104 1.734212
  8 148 1.769670
  8 192 1.805128
  8 239 1.843004
  9  29 1.880073
  9  75 1.917143
  9 119 1.952601
  9 162 1.987253
  9 205 2.021905
  9 250 2.058168
 10  39 2.094432
 10  83 2.129890
 10 129 2.166960
 10 176 2.204835
 10 221 2.241099
 11  11 2.278168
 11  55 2.313626
 11  98 2.348278
 11 141 2.382930
 11 185 2.418388
 11 228 2.453040
 12  17 2.489304
 12  64 2.527179
 12 109 2.563443
 12 154 2.599707
 12 197 2.634359
 12 240 2.669011
 13  28 2.704469
 13  72 2.739927
 13 116 2.775385
 13 160 2.810842
 13 204 2.846300
 13 250 2.883370
 14  42 2.922051
 14  87 2.958315
 14 130 2.992967
 14 173 3.027619
 14 217 3.063077
 15   6 3.099341
 15  51 3.135604
 15  96 3.171868
 15 142 3.208938
 15 129 3.198462
 15 144 3.210549
 15 155 3.219414
