  0  19 0.015311
  0  19 0.015311
  0  20 0.016117
  0  21 0.016923
  0  21 0.016923
  0  21 0.016923
  0  23 0.018535
  0  23 0.018535
  0  22 0.017729
  0  23 0.018535
  0  24 0.019341
  0  24 0.019341
  0  24 0.019341
  0  25 0.020147
  0  26 0.020952
  0  27 0.021758
  0  27 0.021758
  0  27 0.021758
  0  27 0.021758
  0  28 0.022564
  0  28 0.022564
  0  28 0.022564
  0  28 0.022564
  0  29 0.023370
  0  30 0.024176
  0  30 0.024176
  0  31 0.024982
  0  32 0.025788
  0  32 0.025788
  0  32 0.025788
  0  32 0.025788
  0  33 0.026593
  0  33 0.026593
  0  33 0.026593
  0  33 0.026593
  0  35 0.028205
  0  35 0.028205
  0  37 0.029817
  0  37 0.029817
  0  36 0.029011
  0  36 0.029011
  0  37 0.029817
  0  37 0.029817
  0  37 0.029817
  0  39 0.031429
  0  40 0.032234
  0  40 0.032234
  0  41 0.033040
  0  40 0.032234
  0  41 0.033040
  0  41 0.033040
  0  41 0.033040
  0  42 0.033846
  0  42 0.033846
  0  43 0.034652
  0  44 0.035458
  0  44 0.035458
  0  45 0.036264
  0  45 0.036264
  0  45 0.036264
  0  45 0.036264
  0  45 0.036264
  0  46 0.037070
  0  47 0.037875
  0  48 0.038681
  0  49 0.039487
  0  49 0.039487
  0  49 0.039487
  0  49 0.039487
  0  50 0.040293
  0  50 0.040293
  0  51 0.041099
  0  51 0.041099
  0  51 0.041099
  0  52 0.041905
  0  53 0.042711
  0  53 0.042711
  0  54 0.043516
  0  54 0.043516
  0  54 0.043516
  0  54 0.043516
  0  54 0.043516
  0  55 0.044322
  0  55 0.044322
  0  56 0.045128
  0  57 0.045934
  0  58 0.046740
  0  58 0.046740
  0  58 0.046740
  0  58 0.046740
  0  59 0.047546
  0  59 0.047546
