  0  50 0.040293
  0  78 0.062857
  0 121 0.097509
  0 166 0.133773
  0 204 0.164396
  0 251 0.202271
  1  42 0.240147
  1  86 0.275604
  1 132 0.312674
  1 176 0.348132
  1 218 0.381978
  2  10 0.420659
  2  54 0.456117
  2  97 0.490769
  2 145 0.529451
  2 189 0.564908
  2 233 0.600366
  3  22 0.636630
  3  63 0.669670
  3 106 0.704322
  3 153 0.742198
  3 195 0.776044
  3 241 0.813114
  4  32 0.850989
  4  74 0.884835
  4 117 0.919487
  4 162 0.955751
  4 205 0.990403
  4 250 1.026667
  5  41 1.064542
  5  86 1.100806
  5 130 1.136264
  5 173 1.170916
  5 216 1.205568
  6   5 1.241832
  6  50 1.278095
  6  95 1.314359
  6 142 1.352234
  6 187 1.388498
  6 230 1.423150
  7  18 1.458608
  7  63 1.494872
  7 107 1.530330
  7 152 1.566593
  7 197 1.602857
  7 242 1.639121
  8  30 1.674579
  8  73 1.709231
  8 117 1.744689
  8 161 1.780147
  8 206 1.816410
  8 252 1.853480
  9  41 1.889744
  9  85 1.925201
  9 128 1.959853
  9 172 1.995311
  9 215 2.029963
 10   4 2.066227
 10  49 2.102491
 10  96 2.140366
 10 141 2.176630
 10 184 2.211282
 10 227 2.245934
 11  16 2.282198
 11  59 2.316850
 11 105 2.353919
 11 151 2.390989
 11 193 2.424835
 11 237 2.460293
 12  25 2.495751
 12  68 2.530403
 12 111 2.565055
 12 156 2.601319
 12 201 2.637582
 12 246 2.673846
 13  35 2.710110
 13  76 2.743150
 13 119 2.777802
 13 162 2.812454
 13 207 2.848718
 13 252 2.884982
 14  42 2.922051
 14  87 2.958315
 14 129 2.992161
 14 173 3.027619
 14 218 3.063883
 15   7 3.100147
 15  52 3.136410
 15  98 3.173480
 15 104 3.178315
 15 106 3.179927
 15 105 3.179121
