  0  48 0.038681
  0  74 0.059634
  0 119 0.095897
  0 164 0.132161
  0 208 0.167619
  0 254 0.204689
  1  43 0.240952
  1  85 0.274799
  1 130 0.311062
  1 175 0.347326
  1 217 0.381172
  2  11 0.421465
  2  58 0.459341
  2 101 0.493993
  2 146 0.530256
  2 188 0.564103
  2 232 0.599560
  3  21 0.635824
  3  64 0.670476
  3 109 0.706740
  3 156 0.744615
  3 196 0.776850
  3 240 0.812308
  4  29 0.848571
  4  72 0.883223
  4 117 0.919487
  4 163 0.956557
  4 209 0.993626
  4 254 1.029890
  5  42 1.065348
  5  86 1.100806
  5 129 1.135458
  5 172 1.170110
  5 217 1.206374
  6   9 1.245055
  6  54 1.281319
  6  98 1.316777
  6 141 1.351429
  6 185 1.386886
  6 229 1.422344
  7  19 1.459414
  7  65 1.496484
  7 111 1.533553
  7 155 1.569011
  7 197 1.602857
  7 240 1.637509
  8  29 1.673773
  8  73 1.709231
  8 117 1.744689
  8 164 1.782564
  8 210 1.819634
  8 253 1.854286
  9  39 1.888132
  9  84 1.924396
  9 128 1.959853
  9 172 1.995311
  9 218 2.032381
 10   8 2.069451
 10  52 2.104908
 10  95 2.139560
 10 140 2.175824
 10 183 2.210476
 10 228 2.246740
 11  19 2.284615
 11  64 2.320879
 11 108 2.356337
 11 150 2.390183
 11 192 2.424029
 11 236 2.459487
 12  25 2.495751
 12  70 2.532015
 12 115 2.568278
 12 158 2.602930
 12 201 2.637582
 12 244 2.672234
 13  32 2.707692
 13  76 2.743150
 13 121 2.779414
 13 166 2.815678
 13 211 2.851941
 13 254 2.886593
 14  42 2.922051
 14  86 2.957509
 14 129 2.992161
 14 176 3.030037
 14 222 3.067106
 15  11 3.103370
 15  54 3.138022
 15  96 3.171868
 15 104 3.178315
 15  95 3.171062
 15  96 3.171868
