  0  56 0.045128
  0  76 0.061245
  0 121 0.097509
  0 167 0.134579
  0 209 0.168425
  1   0 0.206300
  1  47 0.244176
  1  89 0.278022
  1 133 0.313480
  1 177 0.348938
  1 220 0.383590
  2  12 0.422271
  2  58 0.459341
  2 102 0.494799
  2 148 0.531868
  2 190 0.565714
  2 233 0.600366
  3  23 0.637436
  3  65 0.671282
  3 109 0.706740
  3 157 0.745421
  3 200 0.780073
  3 244 0.815531
  4  32 0.850989
  4  75 0.885641
  4 119 0.921099
  4 164 0.957363
  4 210 0.994432
  5   0 1.031502
  5  45 1.067766
  5  87 1.101612
  5 131 1.137070
  5 174 1.171722
  5 219 1.207985
  6   9 1.245055
  6  55 1.282125
  6 100 1.318388
  6 144 1.353846
  6 187 1.388498
  6 231 1.423956
  7  21 1.461026
  7  66 1.497289
  7 112 1.534359
  7 157 1.570623
  7 199 1.604469
  7 243 1.639927
  8  31 1.675385
  8  75 1.710842
  8 120 1.747106
  8 165 1.783370
  8 212 1.821245
  9   0 1.856703
  9  43 1.891355
  9  86 1.926007
  9 129 1.960659
  9 174 1.996923
  9 219 2.033187
 10  10 2.071062
 10  54 2.106520
 10  98 2.141978
 10 142 2.177436
 10 185 2.212088
 10 230 2.248352
 11  20 2.285421
 11  65 2.321685
 11 110 2.357949
 11 153 2.392601
 11 194 2.425641
 11 238 2.461099
 12  27 2.497363
 12  71 2.532821
 12 116 2.569084
 12 161 2.605348
 12 204 2.640000
 12 246 2.673846
 13  34 2.709304
 13  78 2.744762
 13 122 2.780220
 13 167 2.816484
 13 212 2.852747
 14   1 2.889011
 14  44 2.923663
 14  88 2.959121
 14 132 2.994579
 14 176 3.030037
 14 223 3.067912
 15  13 3.104982
 15  57 3.140440
 15 100 3.175092
 15 109 3.182344
 15  71 3.151722
 15 126 3.196044
