  0  52 0.041905
  0  78 0.062857
  0 124 0.099927
  0 170 0.136996
  0 210 0.169231
  0 253 0.203883
  1  43 0.240952
  1  86 0.275604
  1 133 0.313480
  1 179 0.350549
  1 222 0.385201
  2  14 0.423883
  2  57 0.458535
  2  99 0.492381
  2 146 0.530256
  2 190 0.565714
  2 235 0.601978
  3  27 0.640659
  3  67 0.672894
  3 109 0.706740
  3 155 0.743810
  3 198 0.778462
  3 240 0.812308
  4  32 0.850989
  4  77 0.887253
  4 122 0.923516
  4 165 0.958168
  4 209 0.993626
  4 253 1.029084
  5  42 1.065348
  5  88 1.102418
  5 133 1.138681
  5 177 1.174139
  5 221 1.209597
  6  10 1.245861
  6  54 1.281319
  6  97 1.315971
  6 143 1.353040
  6 189 1.390110
  6 234 1.426374
  7  23 1.462637
  7  67 1.498095
  7 110 1.532747
  7 154 1.568205
  7 198 1.603663
  7 243 1.639927
  8  34 1.677802
  8  79 1.714066
  8 120 1.747106
  8 165 1.783370
  8 209 1.818828
  8 253 1.854286
  9  42 1.890549
  9  88 1.927619
  9 133 1.963883
  9 176 1.998535
  9 219 2.033187
 10   8 2.069451
 10  52 2.104908
 10  96 2.140366
 10 143 2.178242
 10 188 2.214505
 10 232 2.249963
 11  20 2.285421
 11  64 2.320879
 11 107 2.355531
 11 151 2.390989
 11 195 2.426447
 11 242 2.464322
 12  29 2.498974
 12  72 2.533626
 12 115 2.568278
 12 159 2.603736
 12 202 2.638388
 12 247 2.674652
 13  37 2.711722
 13  81 2.747179
 13 124 2.781832
 13 166 2.815678
 13 210 2.851136
 14   0 2.888205
 14  44 2.923663
 14  91 2.961538
 14 135 2.996996
 14 179 3.032454
 14 222 3.067106
 15  11 3.103370
 15  55 3.138828
 15 100 3.175092
 15 110 3.183150
 15 115 3.187179
 15 113 3.185568
