  0  53 0.042711
  0  77 0.062051
  0 122 0.098315
  0 170 0.136996
  0 212 0.170842
  1   2 0.207912
  1  45 0.242564
  1  86 0.275604
  1 134 0.314286
  1 177 0.348938
  1 221 0.384396
  2  15 0.424689
  2  60 0.460952
  2 101 0.493993
  2 146 0.530256
  2 189 0.564908
  2 233 0.600366
  3  24 0.638242
  3  67 0.672894
  3 110 0.707546
  3 157 0.745421
  3 197 0.777656
  3 242 0.813919
  4  32 0.850989
  4  74 0.884835
  4 122 0.923516
  4 167 0.959780
  4 211 0.995238
  4 254 1.029890
  5  43 1.066154
  5  87 1.101612
  5 131 1.137070
  5 176 1.173333
  5 222 1.210403
  6  11 1.246667
  6  55 1.282125
  6  98 1.316777
  6 142 1.352234
  6 187 1.388498
  6 232 1.424762
  7  23 1.462637
  7  69 1.499707
  7 112 1.534359
  7 155 1.569011
  7 198 1.603663
  7 242 1.639121
  8  32 1.676190
  8  77 1.712454
  8 123 1.749524
  8 166 1.784176
  8 211 1.820440
  8 253 1.854286
  9  41 1.889744
  9  86 1.926007
  9 131 1.962271
  9 177 1.999341
  9 221 2.034799
 10  10 2.071062
 10  52 2.104908
 10  96 2.140366
 10 142 2.177436
 10 186 2.212894
 10 233 2.250769
 11  23 2.287839
 11  65 2.321685
 11 109 2.357143
 11 152 2.391795
 11 194 2.425641
 11 238 2.461099
 12  29 2.498974
 12  75 2.536044
 12 117 2.569890
 12 159 2.603736
 12 202 2.638388
 12 246 2.673846
 13  34 2.709304
 13  80 2.746374
 13 126 2.783443
 13 169 2.818095
 13 212 2.852747
 14   0 2.888205
 14  44 2.923663
 14  88 2.959121
 14 134 2.996190
 14 180 3.033260
 14 226 3.070330
 15  13 3.104982
 15  56 3.139634
 15 100 3.175092
 15 108 3.181538
 15  48 3.133187
 15 130 3.199267
