  0  65 0.052381
  0  80 0.064469
  0 124 0.099927
  0 168 0.135385
  0 209 0.168425
  1   0 0.206300
  1  45 0.242564
  1  88 0.277216
  1 136 0.315897
  1 182 0.352967
  1 222 0.385201
  2  14 0.423883
  2  58 0.459341
  2 100 0.493187
  2 147 0.531062
  2 191 0.566520
  2 236 0.602784
  3  26 0.639853
  3  66 0.672088
  3 109 0.706740
  3 154 0.743004
  3 197 0.777656
  3 243 0.814725
  4  35 0.853407
  4  78 0.888059
  4 121 0.922711
  4 166 0.958974
  4 209 0.993626
  4 254 1.029890
  5  43 1.066154
  5  89 1.103223
  5 135 1.140293
  5 178 1.174945
  5 220 1.208791
  6   9 1.245055
  6  53 1.280513
  6  98 1.316777
  6 144 1.353846
  6 190 1.390916
  6 235 1.427179
  7  23 1.462637
  7  66 1.497289
  7 111 1.533553
  7 154 1.568205
  7 200 1.605275
  7 244 1.640733
  8  35 1.678608
  8  77 1.712454
  8 121 1.747912
  8 165 1.783370
  8 209 1.818828
  8 254 1.855092
  9  42 1.890549
  9  89 1.928425
  9 133 1.963883
  9 176 1.998535
  9 219 2.033187
 10   8 2.069451
 10  52 2.104908
 10  97 2.141172
 10 144 2.179048
 10 187 2.213700
 10 232 2.249963
 11  20 2.285421
 11  64 2.320879
 11 108 2.356337
 11 151 2.390989
 11 196 2.427253
 11 241 2.463516
 12  30 2.499780
 12  72 2.533626
 12 115 2.568278
 12 159 2.603736
 12 202 2.638388
 12 248 2.675458
 13  37 2.711722
 13  82 2.747985
 13 124 2.781832
 13 167 2.816484
 13 211 2.851941
 14   0 2.888205
 14  44 2.923663
 14  90 2.960733
 14 135 2.996996
 14 180 3.033260
 14 223 3.067912
 15  11 3.103370
 15  55 3.138828
 15 100 3.175092
 15 109 3.182344
 15 107 3.180733
 15 131 3.200073
