  0  52 0.041905
  0  78 0.062857
  0 123 0.099121
  0 168 0.135385
  0 212 0.170842
  1   2 0.207912
  1  48 0.244982
  1  89 0.278022
  1 135 0.315092
  1 179 0.350549
  1 221 0.384396
  2  15 0.424689
  2  60 0.460952
  2 103 0.495604
  2 149 0.532674
  2 191 0.566520
  2 233 0.600366
  3  23 0.637436
  3  65 0.671282
  3 111 0.708352
  3 158 0.746227
  3 199 0.779267
  3 243 0.814725
  4  33 0.851795
  4  75 0.885641
  4 120 0.921905
  4 165 0.958168
  4 212 0.996044
  5   1 1.032308
  5  46 1.068571
  5  89 1.103223
  5 132 1.137875
  5 175 1.172527
  5 220 1.208791
  6  11 1.246667
  6  57 1.283736
  6 100 1.318388
  6 145 1.354652
  6 187 1.388498
  6 231 1.423956
  7  21 1.461026
  7  67 1.498095
  7 113 1.535165
  7 158 1.571429
  7 200 1.605275
  7 244 1.640733
  8  32 1.676190
  8  76 1.711648
  8 121 1.747912
  8 167 1.784982
  8 213 1.822051
  9   0 1.856703
  9  44 1.892161
  9  87 1.926813
  9 131 1.962271
  9 174 1.996923
  9 220 2.033993
 10  11 2.071868
 10  56 2.108132
 10  99 2.142784
 10 143 2.178242
 10 186 2.212894
 10 230 2.248352
 11  20 2.285421
 11  66 2.322491
 11 111 2.358755
 11 154 2.393407
 11 195 2.426447
 11 239 2.461905
 12  28 2.498168
 12  71 2.532821
 12 116 2.569084
 12 161 2.605348
 12 206 2.641612
 12 248 2.675458
 13  35 2.710110
 13  79 2.745568
 13 123 2.781026
 13 168 2.817289
 13 214 2.854359
 14   3 2.890623
 14  47 2.926081
 14  90 2.960733
 14 134 2.996190
 14 178 3.031648
 14 223 3.067912
 15  13 3.104982
 15  59 3.142051
 15 102 3.176703
 15 107 3.180733
 15  80 3.158974
 15  35 3.122711
