  0  21 0.016923
  0  20 0.016117
  0  21 0.016923
  0  22 0.017729
  0  24 0.019341
  0  25 0.020147
  0  27 0.021758
  0  28 0.022564
  0  30 0.024176
  0  31 0.024982
  0  32 0.025788
  0  33 0.026593
  0  34 0.027399
  0  36 0.029011
  0  37 0.029817
  0  38 0.030623
  0  40 0.032234
  0  42 0.033846
  0  43 0.034652
  0  44 0.035458
  0  45 0.036264
  0  46 0.037070
  0  47 0.037875
  0  48 0.038681
  0  50 0.040293
  0  51 0.041099
  0  53 0.042711
  0  55 0.044322
  0  56 0.045128
  0  57 0.045934
  0  58 0.046740
  0  59 0.047546
  0  60 0.048352
  0  62 0.049963
  0  63 0.050769
  0  64 0.051575
  0  66 0.053187
  0  67 0.053993
  0  69 0.055604
  0  70 0.056410
  0  71 0.057216
  0  72 0.058022
  0  73 0.058828
  0  75 0.060440
  0  76 0.061245
  0  78 0.062857
  0  80 0.064469
  0  81 0.065275
  0  82 0.066081
  0  83 0.066886
  0  84 0.067692
  0  85 0.068498
  0  86 0.069304
  0  88 0.070916
  0  89 0.071722
  0  91 0.073333
  0  93 0.074945
  0  94 0.075751
  0  95 0.076557
  0  96 0.077363
  0  97 0.078168
  0  98 0.078974
  0  99 0.079780
  0 101 0.081392
  0 103 0.083004
  0 104 0.083810
  0 105 0.084615
  0 107 0.086227
  0 108 0.087033
  0 109 0.087839
  0 110 0.088645
  0 112 0.090256
  0 113 0.091062
  0 114 0.091868
  0 116 0.093480
  0 117 0.094286
  0 119 0.095897
  0 121 0.097509
  0 121 0.097509
  0 122 0.098315
  0 123 0.099121
  0 125 0.100733
  0 126 0.101538
  0 127 0.102344
  0 128 0.103150
  0 130 0.104762
  0 132 0.106374
  0 133 0.107179
  0 134 0.107985
  0 135 0.108791
  0 136 0.109597
  0 137 0.110403
