  0  21 0.016923
  0  21 0.016923
  0  22 0.017729
  0  23 0.018535
  0  24 0.019341
  0  25 0.020147
  0  26 0.020952
  0  28 0.022564
  0  29 0.023370
  0  31 0.024982
  0  33 0.026593
  0  34 0.027399
  0  35 0.028205
  0  36 0.029011
  0  37 0.029817
  0  38 0.030623
  0  39 0.031429
  0  41 0.033040
  0  42 0.033846
  0  44 0.035458
  0  45 0.036264
  0  46 0.037070
  0  48 0.038681
  0  50 0.040293
  0  50 0.040293
  0  51 0.041099
  0  53 0.042711
  0  54 0.043516
  0  55 0.044322
  0  57 0.045934
  0  58 0.046740
  0  60 0.048352
  0  61 0.049158
  0  62 0.049963
  0  64 0.051575
  0  65 0.052381
  0  65 0.052381
  0  67 0.053993
  0  69 0.055604
  0  70 0.056410
  0  72 0.058022
  0  74 0.059634
  0  75 0.060440
  0  75 0.060440
  0  76 0.061245
  0  78 0.062857
  0  79 0.063663
  0  80 0.064469
  0  81 0.065275
  0  84 0.067692
  0  85 0.068498
  0  86 0.069304
  0  87 0.070110
  0  89 0.071722
  0  89 0.071722
  0  91 0.073333
  0  92 0.074139
  0  93 0.074945
  0  94 0.075751
  0  97 0.078168
  0  99 0.079780
  0 100 0.080586
  0 100 0.080586
  0 102 0.082198
  0 102 0.082198
  0 103 0.083004
  0 105 0.084615
  0 106 0.085421
  0 108 0.087033
  0 110 0.088645
  0 111 0.089451
  0 112 0.090256
  0 114 0.091868
  0 114 0.091868
  0 116 0.093480
  0 117 0.094286
  0 118 0.095092
  0 120 0.096703
  0 120 0.096703
  0 123 0.099121
  0 124 0.099927
  0 125 0.100733
  0 127 0.102344
  0 128 0.103150
  0 129 0.103956
  0 130 0.104762
  0 131 0.105568
  0 133 0.107179
  0 134 0.107985
  0 136 0.109597
  0 137 0.110403
  0 139 0.112015
