  0  21 0.016923
  0  21 0.016923
  0  23 0.018535
  0  24 0.019341
  0  24 0.019341
  0  25 0.020147
  0  27 0.021758
  0  27 0.021758
  0  28 0.022564
  0  30 0.024176
  0  32 0.025788
  0  34 0.027399
  0  35 0.028205
  0  36 0.029011
  0  38 0.030623
  0  39 0.031429
  0  39 0.031429
  0  41 0.033040
  0  42 0.033846
  0  44 0.035458
  0  45 0.036264
  0  46 0.037070
  0  48 0.038681
  0  50 0.040293
  0  51 0.041099
  0  52 0.041905
  0  53 0.042711
  0  54 0.043516
  0  55 0.044322
  0  57 0.045934
  0  58 0.046740
  0  59 0.047546
  0  61 0.049158
  0  63 0.050769
  0  64 0.051575
  0  65 0.052381
  0  66 0.053187
  0  67 0.053993
  0  68 0.054799
  0  70 0.056410
  0  71 0.057216
  0  73 0.058828
  0  74 0.059634
  0  75 0.060440
  0  77 0.062051
  0  78 0.062857
  0  79 0.063663
  0  80 0.064469
  0  82 0.066081
  0  83 0.066886
  0  84 0.067692
  0  86 0.069304
  0  88 0.070916
  0  89 0.071722
  0  90 0.072527
  0  91 0.073333
  0  92 0.074139
  0  93 0.074945
  0  95 0.076557
  0  96 0.077363
  0  97 0.078168
  0  99 0.079780
  0 101 0.081392
  0 103 0.083004
  0 103 0.083004
  0 104 0.083810
  0 105 0.084615
  0 106 0.085421
  0 108 0.087033
  0 109 0.087839
  0 110 0.088645
  0 112 0.090256
  0 114 0.091868
  0 115 0.092674
  0 117 0.094286
  0 117 0.094286
  0 118 0.095092
  0 119 0.095897
  0 121 0.097509
  0 122 0.098315
  0 124 0.099927
  0 125 0.100733
  0 127 0.102344
  0 128 0.103150
  0 129 0.103956
  0 130 0.104762
  0 131 0.105568
  0 132 0.106374
  0 134 0.107985
  0 135 0.108791
  0 137 0.110403
  0 138 0.111209
