  0  21 0.016923
  0  21 0.016923
  0  21 0.016923
  0  22 0.017729
  0  24 0.019341
  0  25 0.020147
  0  27 0.021758
  0  29 0.023370
  0  30 0.024176
  0  32 0.025788
  0  33 0.026593
  0  33 0.026593
  0  35 0.028205
  0  35 0.028205
  0  36 0.029011
  0  38 0.030623
  0  40 0.032234
  0  41 0.033040
  0  43 0.034652
  0  44 0.035458
  0  45 0.036264
  0  46 0.037070
  0  48 0.038681
  0  49 0.039487
  0  50 0.040293
  0  51 0.041099
  0  53 0.042711
  0  54 0.043516
  0  56 0.045128
  0  58 0.046740
  0  59 0.047546
  0  60 0.048352
  0  60 0.048352
  0  62 0.049963
  0  63 0.050769
  0  64 0.051575
  0  66 0.053187
  0  67 0.053993
  0  69 0.055604
  0  71 0.057216
  0  72 0.058022
  0  73 0.058828
  0  73 0.058828
  0  75 0.060440
  0  77 0.062051
  0  77 0.062051
  0  79 0.063663
  0  81 0.065275
  0  82 0.066081
  0  84 0.067692
  0  85 0.068498
  0  86 0.069304
  0  86 0.069304
  0  88 0.070916
  0  90 0.072527
  0  90 0.072527
  0  92 0.074139
  0  94 0.075751
  0  95 0.076557
  0  96 0.077363
  0  99 0.079780
  0  99 0.079780
  0 100 0.080586
  0 102 0.082198
  0 102 0.082198
  0 103 0.083004
  0 105 0.084615
  0 107 0.086227
  0 108 0.087033
  0 110 0.088645
  0 112 0.090256
  0 112 0.090256
  0 114 0.091868
  0 114 0.091868
  0 115 0.092674
  0 117 0.094286
  0 118 0.095092
  0 120 0.096703
  0 121 0.097509
  0 123 0.099121
  0 125 0.100733
  0 125 0.100733
  0 126 0.101538
  0 127 0.102344
  0 129 0.103956
  0 130 0.104762
  0 131 0.105568
  0 132 0.106374
  0 135 0.108791
  0 136 0.109597
  0 138 0.111209
  0 138 0.111209
