  0  21 0.016923
  0  21 0.016923
  0  22 0.017729
  0  23 0.018535
  0  25 0.020147
  0  25 0.020147
  0  26 0.020952
  0  28 0.022564
  0  29 0.023370
  0  30 0.024176
  0  32 0.025788
  0  34 0.027399
  0  35 0.028205
  0  37 0.029817
  0  37 0.029817
  0  38 0.030623
  0  39 0.031429
  0  41 0.033040
  0  42 0.033846
  0  43 0.034652
  0  45 0.036264
  0  47 0.037875
  0  48 0.038681
  0  50 0.040293
  0  51 0.041099
  0  52 0.041905
  0  53 0.042711
  0  54 0.043516
  0  55 0.044322
  0  56 0.045128
  0  58 0.046740
  0  59 0.047546
  0  61 0.049158
  0  63 0.050769
  0  64 0.051575
  0  65 0.052381
  0  66 0.053187
  0  67 0.053993
  0  68 0.054799
  0  69 0.055604
  0  71 0.057216
  0  72 0.058022
  0  74 0.059634
  0  76 0.061245
  0  77 0.062051
  0  78 0.062857
  0  79 0.063663
  0  81 0.065275
  0  82 0.066081
  0  83 0.066886
  0  84 0.067692
  0  85 0.068498
  0  87 0.070110
  0  89 0.071722
  0  90 0.072527
  0  91 0.073333
  0  92 0.074139
  0  93 0.074945
  0  95 0.076557
  0  96 0.077363
  0  97 0.078168
  0  99 0.079780
  0 100 0.080586
  0 102 0.082198
  0 103 0.083004
  0 104 0.083810
  0 106 0.085421
  0 106 0.085421
  0 107 0.086227
  0 109 0.087839
  0 110 0.088645
  0 112 0.090256
  0 113 0.091062
  0 115 0.092674
  0 116 0.093480
  0 118 0.095092
  0 118 0.095092
  0 119 0.095897
  0 121 0.097509
  0 122 0.098315
  0 124 0.099927
  0 125 0.100733
  0 126 0.101538
  0 128 0.103150
  0 130 0.104762
  0 130 0.104762
  0 132 0.106374
  0 132 0.106374
  0 134 0.107985
  0 135 0.108791
  0 136 0.109597
  0 138 0.111209
