  0   2 0.001612
  0  96 0.077363
  0 189 0.152308
  1  27 0.228059
  1 121 0.303810
  1 214 0.378755
  2  51 0.453700
  2 143 0.527839
  2 236 0.602784
  3  74 0.678535
  3 168 0.754286
  4   7 0.830842
  4 100 0.905788
  4 194 0.981538
  5  32 1.057289
  5 127 1.133846
  5 219 1.207985
  6  57 1.283736
  6 152 1.360293
  6 244 1.434432
  7  82 1.510183
  7 176 1.585934
  8  14 1.661685
  8 108 1.737436
  8 201 1.812381
  9  38 1.887326
  9 131 1.962271
  9 223 2.036410
 10  60 2.111355
 10 153 2.186300
 10 247 2.262051
