  0   3 0.002418
  0  97 0.078168
  0 189 0.152308
  1  26 0.227253
  1 120 0.303004
  1 213 0.377949
  2  52 0.454505
  2 144 0.528645
  2 237 0.603590
  3  74 0.678535
  3 169 0.755092
  4   6 0.830037
  4 100 0.905788
  4 193 0.980733
  5  32 1.057289
  5 127 1.133846
  5 219 1.207985
  6  58 1.284542
  6 152 1.360293
  6 245 1.435238
  7  82 1.510183
  7 176 1.585934
  8  14 1.661685
  8 108 1.737436
  8 200 1.811575
  9  38 1.887326
  9 130 1.961465
  9 222 2.035604
 10  60 2.111355
 10 153 2.186300
 10 247 2.262051
