  0   2 0.001612
  0  97 0.078168
  0 188 0.151502
  1  27 0.228059
  1 121 0.303810
  1 214 0.378755
  2  53 0.455311
  2 144 0.528645
  2 237 0.603590
  3  74 0.678535
  3 168 0.754286
  4   7 0.830842
  4  99 0.904982
  4 193 0.980733
  5  32 1.057289
  5 127 1.133846
  5 220 1.208791
  6  59 1.285348
  6 152 1.360293
  6 245 1.435238
  7  82 1.510183
  7 176 1.585934
  8  14 1.661685
  8 107 1.736630
  8 200 1.811575
  9  38 1.887326
  9 130 1.961465
  9 223 2.036410
 10  61 2.112161
 10 154 2.187106
 10 247 2.262051
