  0   3 0.002418
  0  97 0.078168
  0 189 0.152308
  1  27 0.228059
  1 120 0.303004
  1 213 0.377949
  2  52 0.454505
  2 143 0.527839
  2 237 0.603590
  3  74 0.678535
  3 169 0.755092
  4   7 0.830842
  4  99 0.904982
  4 194 0.981538
  5  32 1.057289
  5 127 1.133846
  5 219 1.207985
  6  58 1.284542
  6 151 1.359487
  6 245 1.435238
  7  82 1.510183
  7 176 1.585934
  8  14 1.661685
  8 108 1.737436
  8 200 1.811575
  9  38 1.887326
  9 130 1.961465
  9 223 2.036410
 10  60 2.111355
 10 154 2.187106
 10 247 2.262051
