  0   4 0.003223
  0  97 0.078168
  0 189 0.152308
  1  27 0.228059
  1 121 0.303810
  1 214 0.378755
  2  52 0.454505
  2 143 0.527839
  2 237 0.603590
  3  74 0.678535
  3 168 0.754286
  4   8 0.831648
  4 101 0.906593
  4 194 0.981538
  5  31 1.056484
  5 127 1.133846
  5 220 1.208791
  6  58 1.284542
  6 152 1.360293
  6 244 1.434432
  7  82 1.510183
  7 176 1.585934
  8  14 1.661685
  8 109 1.738242
  8 201 1.812381
  9  38 1.887326
  9 130 1.961465
  9 223 2.036410
 10  60 2.111355
 10 153 2.186300
 10 247 2.262051
