  0   2 0.001612
  0  94 0.075751
  0 189 0.152308
  1  26 0.227253
  1 120 0.303004
  1 214 0.378755
  2  52 0.454505
  2 144 0.528645
  2 237 0.603590
  3  74 0.678535
  3 169 0.755092
  4   7 0.830842
  4  99 0.904982
  4 193 0.980733
  5  31 1.056484
  5 126 1.133040
  5 219 1.207985
  6  58 1.284542
  6 152 1.360293
  6 246 1.436044
  7  83 1.510989
  7 176 1.585934
  8  13 1.660879
  8 108 1.737436
  8 200 1.811575
  9  37 1.886520
  9 131 1.962271
  9 223 2.036410
 10  60 2.111355
 10 154 2.187106
 10 248 2.262857
