  0   2 0.001612
  0  96 0.077363
  0 188 0.151502
  1  26 0.227253
  1 121 0.303810
  1 214 0.378755
  2  52 0.454505
  2 144 0.528645
  2 237 0.603590
  3  75 0.679341
  3 168 0.754286
  4   6 0.830037
  4  99 0.904982
  4 193 0.980733
  5  31 1.056484
  5 126 1.133040
  5 220 1.208791
  6  59 1.285348
  6 152 1.360293
  6 246 1.436044
  7  83 1.510989
  7 176 1.585934
  8  14 1.661685
  8 108 1.737436
  8 200 1.811575
  9  37 1.886520
  9 130 1.961465
  9 223 2.036410
 10  60 2.111355
 10 154 2.187106
 10 248 2.262857
