  0   7 0.005641
  0  45 0.036264
  0  84 0.067692
  0 122 0.098315
  0 161 0.129744
  0 199 0.160366
  0 238 0.191795
  1  20 0.222418
  1  59 0.253846
  1  97 0.284469
  1 137 0.316703
  1 175 0.347326
  1 214 0.378755
  1 253 0.410183
  2  36 0.441612
  2  75 0.473040
  2 114 0.504469
  2 152 0.535092
  2 191 0.566520
  2 230 0.597949
  3  12 0.628571
  3  51 0.660000
  3  90 0.691429
  3 129 0.722857
  3 167 0.753480
  3 205 0.784103
  3 244 0.815531
  4  26 0.846154
  4  65 0.877582
  4 104 0.909011
  4 142 0.939634
