  0   7 0.005641
  0  45 0.036264
  0  83 0.066886
  0 121 0.097509
  0 161 0.129744
  0 199 0.160366
  0 238 0.191795
  1  21 0.223223
  1  59 0.253846
  1  98 0.285275
  1 137 0.316703
  1 175 0.347326
  1 214 0.378755
  1 252 0.409377
  2  36 0.441612
  2  75 0.473040
  2 113 0.503663
  2 153 0.535897
  2 192 0.567326
  2 230 0.597949
  3  12 0.628571
  3  51 0.660000
  3  90 0.691429
  3 129 0.722857
  3 167 0.753480
  3 205 0.784103
  3 244 0.815531
  4  27 0.846960
  4  65 0.877582
  4 105 0.909817
  4 143 0.940440
