  0   7 0.005641
  0  45 0.036264
  0  83 0.066886
  0 122 0.098315
  0 161 0.129744
  0 200 0.161172
  0 238 0.191795
  1  20 0.222418
  1  58 0.253040
  1  97 0.284469
  1 136 0.315897
  1 174 0.346520
  1 213 0.377949
  1 252 0.409377
  2  35 0.440806
  2  75 0.473040
  2 114 0.504469
  2 153 0.535897
  2 192 0.567326
  2 230 0.597949
  3  12 0.628571
  3  51 0.660000
  3  90 0.691429
  3 128 0.722051
  3 167 0.753480
  3 205 0.784103
  3 244 0.815531
  4  27 0.846960
  4  66 0.878388
  4 104 0.909011
  4 142 0.939634
