  0   7 0.005641
  0  45 0.036264
  0  83 0.066886
  0 122 0.098315
  0 161 0.129744
  0 199 0.160366
  0 237 0.190989
  1  20 0.222418
  1  59 0.253846
  1  98 0.285275
  1 137 0.316703
  1 176 0.348132
  1 214 0.378755
  1 252 0.409377
  2  36 0.441612
  2  75 0.473040
  2 113 0.503663
  2 152 0.535092
  2 191 0.566520
  2 230 0.597949
  3  13 0.629377
  3  52 0.660806
  3  90 0.691429
  3 129 0.722857
  3 167 0.753480
  3 205 0.784103
  3 244 0.815531
  4  27 0.846960
  4  65 0.877582
  4 104 0.909011
  4 143 0.940440
