  0   7 0.005641
  0  45 0.036264
  0  83 0.066886
  0 122 0.098315
  0 161 0.129744
  0 199 0.160366
  0 237 0.190989
  1  20 0.222418
  1  59 0.253846
  1  98 0.285275
  1 136 0.315897
  1 175 0.347326
  1 213 0.377949
  1 252 0.409377
  2  35 0.440806
  2  75 0.473040
  2 113 0.503663
  2 152 0.535092
  2 191 0.566520
  2 230 0.597949
  3  13 0.629377
  3  51 0.660000
  3  90 0.691429
  3 129 0.722857
  3 166 0.752674
  3 205 0.784103
  3 243 0.814725
  4  26 0.846154
  4  65 0.877582
  4 104 0.909011
  4 143 0.940440
