  0  65 0.052381
  0 102 0.082198
  0 145 0.116850
  0 187 0.150696
  0 223 0.179707
  1   9 0.213553
  1  49 0.245788
  1  87 0.276410
  1 129 0.310256
  1 171 0.344103
  1 211 0.376337
  2   1 0.413407
  2  40 0.444835
  2  77 0.474652
  2 117 0.506886
  2 156 0.538315
  2 196 0.570549
  2 239 0.605201
  3  22 0.636630
  3  64 0.670476
  3 107 0.705128
  3 145 0.735751
  3 183 0.766374
  3 223 0.798608
  4   6 0.830037
  4  46 0.862271
  4  87 0.895311
  4 129 0.929158
  4 172 0.963810
  4 214 0.997656
  4 253 1.029084
  5  36 1.060513
  5  75 1.091941
  5 114 1.123370
  5 155 1.156410
  5 196 1.189451
  5 238 1.223297
  6  26 1.258755
  6  66 1.290989
  6 107 1.324029
  6 146 1.355458
  6 186 1.387692
  6 226 1.419927
  7  10 1.452161
  7  51 1.485201
  7  93 1.519048
  7 135 1.552894
  7 175 1.585128
  7 213 1.615751
  7 251 1.646374
  8  36 1.679414
  8  77 1.712454
  8 118 1.745495
  8 159 1.778535
  8 201 1.812381
  8 242 1.845421
  9  26 1.877656
  9  64 1.908278
  9 103 1.939707
  9 144 1.972747
  9 184 2.004982
  9 224 2.037216
 10  11 2.071868
 10  54 2.106520
 10  95 2.139560
 10 133 2.170183
 10 172 2.201612
 10 210 2.232234
 10 250 2.264469
 11  35 2.297509
 11  76 2.330549
 11 118 2.364396
 11 160 2.398242
 11 198 2.428864
 11 237 2.460293
 12  20 2.491722
 12  59 2.523150
 12  98 2.554579
 12 138 2.586813
 12 180 2.620659
 12 222 2.654505
 13   8 2.688352
 13  48 2.720586
 13  88 2.752821
 13 126 2.783443
 13 167 2.816484
 13 208 2.849524
 13 247 2.880952
 14  34 2.915604
 14  58 2.934945
 14  43 2.922857
 14  34 2.915604
