  0  69 0.055604
  0 101 0.081392
  0 144 0.116044
  0 187 0.150696
  0 226 0.182125
  1  11 0.215165
  1  50 0.246593
  1  88 0.277216
  1 129 0.310256
  1 170 0.343297
  1 209 0.374725
  1 252 0.409377
  2  40 0.444835
  2  79 0.476264
  2 121 0.510110
  2 159 0.540733
  2 197 0.571355
  2 239 0.605201
  3  21 0.635824
  3  61 0.668059
  3 103 0.701905
  3 143 0.734139
  3 185 0.767985
  3 225 0.800220
  4   7 0.830842
  4  47 0.863077
  4  88 0.896117
  4 128 0.928352
  4 169 0.961392
  4 211 0.995238
  4 253 1.029084
  5  39 1.062930
  5  78 1.094359
  5 116 1.124982
  5 156 1.157216
  5 196 1.189451
  5 236 1.221685
  6  22 1.255531
  6  64 1.289377
  6 107 1.324029
  6 149 1.357875
  6 189 1.390110
  6 228 1.421538
  7  11 1.452967
  7  50 1.484396
  7  90 1.516630
  7 131 1.549670
  7 172 1.582711
  7 214 1.616557
  8   0 1.650403
  8  40 1.682637
  8  79 1.714066
  8 117 1.744689
  8 157 1.776923
  8 197 1.809158
  8 238 1.842198
  9  23 1.875238
  9  66 1.909890
  9 107 1.942930
  9 146 1.974359
  9 186 2.006593
  9 224 2.037216
 10   9 2.070256
 10  50 2.103297
 10  91 2.136337
 10 133 2.170183
 10 174 2.203223
 10 214 2.235458
 10 253 2.266886
 11  37 2.299121
 11  75 2.329744
 11 115 2.361978
 11 155 2.394212
 11 194 2.425641
 11 236 2.459487
 12  22 2.493333
 12  63 2.526374
 12 102 2.557802
 12 140 2.588425
 12 180 2.620659
 12 219 2.652088
 13   4 2.685128
 13  44 2.717363
 13  86 2.751209
 13 128 2.785055
 13 171 2.819707
 13 211 2.851941
 13 250 2.883370
 14  34 2.915604
 14  55 2.932527
 14  40 2.920440
 14  59 2.935751
