  0  72 0.058022
  0 105 0.084615
  0 144 0.116044
  0 185 0.149084
  0 222 0.178901
  1   8 0.212747
  1  50 0.246593
  1  91 0.279634
  1 133 0.313480
  1 172 0.344908
  1 210 0.375531
  1 253 0.410183
  2  37 0.442418
  2  76 0.473846
  2 118 0.507692
  2 159 0.540733
  2 200 0.573773
  2 242 0.607619
  3  24 0.638242
  3  62 0.668864
  3 102 0.701099
  3 141 0.732527
  3 182 0.765568
  3 223 0.798608
  4   7 0.830842
  4  50 0.865495
  4  92 0.899341
  4 132 0.931575
  4 171 0.963004
  4 211 0.995238
  4 250 1.026667
  5  33 1.058095
  5  74 1.091136
  5 115 1.124176
  5 158 1.158828
  5 199 1.191868
  5 241 1.225714
  6  26 1.258755
  6  64 1.289377
  6 104 1.321612
  6 145 1.354652
  6 186 1.387692
  6 226 1.419927
  7  12 1.453773
  7  54 1.487619
  7  95 1.520659
  7 134 1.552088
  7 173 1.583516
  7 212 1.614945
  7 252 1.647179
  8  36 1.679414
  8  77 1.712454
  8 118 1.745495
  8 160 1.779341
  8 201 1.812381
  8 241 1.844615
  9  24 1.876044
  9  63 1.907473
  9 103 1.939707
  9 143 1.971941
  9 184 2.004982
  9 225 2.038022
 10  12 2.072674
 10  54 2.106520
 10  93 2.137949
 10 132 2.169377
 10 171 2.200806
 10 211 2.233040
 10 251 2.265275
 11  35 2.297509
 11  76 2.330549
 11 118 2.364396
 11 158 2.396630
 11 198 2.428864
 11 237 2.460293
 12  20 2.491722
 12  59 2.523150
 12  99 2.555385
 12 138 2.586813
 12 179 2.619853
 12 222 2.654505
 13   8 2.688352
 13  48 2.720586
 13  88 2.752821
 13 127 2.784249
 13 167 2.816484
 13 207 2.848718
 13 248 2.881758
 14  33 2.914799
 14  48 2.926886
 14  57 2.934139
 14  50 2.928498
