  0  71 0.057216
  0 104 0.083810
  0 148 0.119267
  0 189 0.152308
  0 225 0.181319
  1   8 0.212747
  1  48 0.244982
  1  86 0.275604
  1 128 0.309451
  1 171 0.344103
  1 211 0.376337
  2   1 0.413407
  2  41 0.445641
  2  79 0.476264
  2 119 0.508498
  2 157 0.539121
  2 196 0.570549
  2 238 0.604396
  3  20 0.635018
  3  61 0.668059
  3 106 0.704322
  3 145 0.735751
  3 185 0.767985
  3 225 0.800220
  4   7 0.830842
  4  47 0.863077
  4  87 0.895311
  4 128 0.928352
  4 169 0.961392
  4 213 0.996850
  4 254 1.029890
  5  38 1.062125
  5  76 1.092747
  5 115 1.124176
  5 156 1.157216
  5 196 1.189451
  5 236 1.221685
  6  23 1.256337
  6  65 1.290183
  6 108 1.324835
  6 148 1.357070
  6 187 1.388498
  6 226 1.419927
  7  11 1.452967
  7  50 1.484396
  7  91 1.517436
  7 132 1.550476
  7 174 1.584322
  7 215 1.617363
  8   0 1.650403
  8  38 1.681026
  8  77 1.712454
  8 117 1.744689
  8 157 1.776923
  8 197 1.809158
  8 239 1.843004
  9  26 1.877656
  9  67 1.910696
  9 107 1.942930
  9 146 1.974359
  9 185 2.005788
  9 224 2.037216
 10   9 2.070256
 10  51 2.104103
 10  92 2.137143
 10 134 2.170989
 10 175 2.204029
 10 213 2.234652
 10 253 2.266886
 11  36 2.298315
 11  75 2.329744
 11 115 2.361978
 11 154 2.393407
 11 195 2.426447
 11 237 2.460293
 12  24 2.494945
 12  62 2.525568
 12 100 2.556190
 12 139 2.587619
 12 179 2.619853
 12 219 2.652088
 13   4 2.685128
 13  45 2.718168
 13  88 2.752821
 13 130 2.786667
 13 171 2.819707
 13 210 2.851136
 13 249 2.882564
 14  33 2.914799
 14  51 2.929304
 14  52 2.930110
 14  40 2.920440
