  0  70 0.056410
  0 102 0.082198
  0 143 0.115238
  0 185 0.149084
  0 224 0.180513
  1  11 0.215165
  1  52 0.248205
  1  90 0.278828
  1 130 0.311062
  1 170 0.343297
  1 209 0.374725
  1 252 0.409377
  2  38 0.443223
  2  79 0.476264
  2 121 0.510110
  2 160 0.541538
  2 197 0.571355
  2 239 0.605201
  3  21 0.635824
  3  61 0.668059
  3 102 0.701099
  3 142 0.733333
  3 185 0.767985
  3 227 0.801832
  4  10 0.833260
  4  48 0.863883
  4  88 0.896117
  4 128 0.928352
  4 169 0.961392
  4 210 0.994432
  4 251 1.027473
  5  37 1.061319
  5  79 1.095165
  5 118 1.126593
  5 158 1.158828
  5 197 1.190256
  5 237 1.222491
  6  22 1.255531
  6  62 1.287766
  6 104 1.321612
  6 148 1.357070
  6 190 1.390916
  6 229 1.422344
  7  13 1.454579
  7  51 1.485201
  7  91 1.517436
  7 131 1.549670
  7 171 1.581905
  7 212 1.614945
  7 254 1.648791
  8  40 1.682637
  8  80 1.714872
  8 119 1.746300
  8 157 1.776923
  8 197 1.809158
  8 237 1.841392
  9  23 1.875238
  9  64 1.908278
  9 106 1.942125
  9 147 1.975165
  9 188 2.008205
  9 225 2.038022
 10  10 2.071062
 10  51 2.104103
 10  91 2.136337
 10 131 2.168571
 10 172 2.201612
 10 213 2.234652
 10 254 2.267692
 11  39 2.300733
 11  76 2.330549
 11 115 2.361978
 11 155 2.394212
 11 194 2.425641
 11 234 2.457875
 12  21 2.492527
 12  62 2.525568
 12 103 2.558608
 12 142 2.590037
 12 181 2.621465
 12 220 2.652894
 13   4 2.685128
 13  44 2.717363
 13  85 2.750403
 13 127 2.784249
 13 170 2.818901
 13 211 2.851941
 13 251 2.884176
 14  35 2.916410
 14  46 2.925275
 14  31 2.913187
 14  61 2.937363
