  0  69 0.055604
  0 102 0.082198
  0 143 0.115238
  0 185 0.149084
  0 223 0.179707
  1  10 0.214359
  1  54 0.249817
  1  92 0.280440
  1 131 0.311868
  1 171 0.344103
  1 208 0.373919
  1 251 0.408571
  2  36 0.441612
  2  76 0.473846
  2 119 0.508498
  2 160 0.541538
  2 201 0.574579
  2 242 0.607619
  3  22 0.636630
  3  61 0.668059
  3 102 0.701099
  3 140 0.731722
  3 180 0.763956
  3 223 0.798608
  4   9 0.832454
  4  51 0.866300
  4  91 0.898535
  4 131 0.930769
  4 170 0.962198
  4 210 0.994432
  4 250 1.026667
  5  34 1.058901
  5  74 1.091136
  5 117 1.125788
  5 158 1.158828
  5 200 1.192674
  5 240 1.224908
  6  24 1.257143
  6  63 1.288571
  6 104 1.321612
  6 145 1.354652
  6 185 1.386886
  6 227 1.420733
  7  13 1.454579
  7  54 1.487619
  7  94 1.519853
  7 133 1.551282
  7 172 1.582711
  7 211 1.614139
  7 251 1.646374
  8  37 1.680220
  8  78 1.713260
  8 120 1.747106
  8 161 1.780147
  8 201 1.812381
  8 240 1.843810
  9  22 1.874432
  9  63 1.907473
  9 102 1.938901
  9 143 1.971941
  9 185 2.005788
  9 227 2.039634
 10  14 2.074286
 10  55 2.107326
 10  93 2.137949
 10 132 2.169377
 10 171 2.200806
 10 209 2.231429
 10 251 2.265275
 11  36 2.298315
 11  77 2.331355
 11 118 2.364396
 11 159 2.397436
 11 198 2.428864
 11 236 2.459487
 12  19 2.490916
 12  59 2.523150
 12  99 2.555385
 12 139 2.587619
 12 180 2.620659
 12 222 2.654505
 13   8 2.688352
 13  48 2.720586
 13  87 2.752015
 13 126 2.783443
 13 167 2.816484
 13 207 2.848718
 13 247 2.880952
 14  33 2.914799
 14  47 2.926081
 14  50 2.928498
 14  31 2.913187
