  0  72 0.058022
  0 105 0.084615
  0 144 0.116044
  0 184 0.148278
  0 221 0.178095
  1   7 0.211941
  1  49 0.245788
  1  91 0.279634
  1 134 0.314286
  1 174 0.346520
  1 211 0.376337
  1 253 0.410183
  2  37 0.442418
  2  76 0.473846
  2 117 0.506886
  2 158 0.539927
  2 198 0.572161
  2 242 0.607619
  3  25 0.639048
  3  64 0.670476
  3 104 0.702711
  3 141 0.732527
  3 182 0.765568
  3 223 0.798608
  4   6 0.830037
  4  47 0.863077
  4  91 0.898535
  4 131 0.930769
  4 172 0.963810
  4 212 0.996044
  4 251 1.027473
  5  34 1.058901
  5  74 1.091136
  5 115 1.124176
  5 156 1.157216
  5 198 1.191062
  5 240 1.224908
  6  27 1.259560
  6  65 1.290183
  6 105 1.322418
  6 145 1.354652
  6 186 1.387692
  6 226 1.419927
  7  11 1.452967
  7  51 1.485201
  7  93 1.519048
  7 135 1.552894
  7 175 1.585128
  7 213 1.615751
  7 252 1.647179
  8  36 1.679414
  8  77 1.712454
  8 117 1.744689
  8 158 1.777729
  8 200 1.811575
  8 241 1.844615
  9  27 1.878462
  9  65 1.909084
  9 104 1.940513
  9 143 1.971941
  9 184 2.004982
  9 223 2.036410
 10   9 2.070256
 10  52 2.104908
 10  94 2.138755
 10 136 2.172601
 10 174 2.203223
 10 212 2.233846
 10 251 2.265275
 11  35 2.297509
 11  75 2.329744
 11 115 2.361978
 11 155 2.394212
 11 197 2.428059
 11 239 2.461905
 12  22 2.493333
 12  61 2.524762
 12 100 2.556190
 12 139 2.587619
 12 179 2.619853
 12 219 2.652088
 13   4 2.685128
 13  46 2.718974
 13  89 2.753626
 13 130 2.786667
 13 170 2.818901
 13 209 2.850330
 13 249 2.882564
 14  34 2.915604
 14  45 2.924469
 14  53 2.930916
 14  48 2.926886
