  0  70 0.056410
  0 102 0.082198
  0 142 0.114432
  0 183 0.147473
  0 222 0.178901
  1   9 0.213553
  1  53 0.249011
  1  92 0.280440
  1 133 0.313480
  1 171 0.344103
  1 209 0.374725
  1 252 0.409377
  2  36 0.441612
  2  75 0.473040
  2 118 0.507692
  2 160 0.541538
  2 201 0.574579
  2 243 0.608425
  3  23 0.637436
  3  61 0.668059
  3 103 0.701905
  3 141 0.732527
  3 181 0.764762
  3 223 0.798608
  4   7 0.830842
  4  50 0.865495
  4  92 0.899341
  4 131 0.930769
  4 170 0.962198
  4 210 0.994432
  4 250 1.026667
  5  34 1.058901
  5  75 1.091941
  5 117 1.125788
  5 159 1.159634
  5 200 1.192674
  5 240 1.224908
  6  24 1.257143
  6  63 1.288571
  6 104 1.321612
  6 145 1.354652
  6 186 1.387692
  6 228 1.421538
  7  13 1.454579
  7  54 1.487619
  7  94 1.519853
  7 132 1.550476
  7 171 1.581905
  7 211 1.614139
  7 251 1.646374
  8  37 1.680220
  8  78 1.713260
  8 120 1.747106
  8 162 1.780952
  8 200 1.811575
  8 239 1.843004
  9  23 1.875238
  9  63 1.907473
  9 102 1.938901
  9 144 1.972747
  9 185 2.005788
  9 227 2.039634
 10  13 2.073480
 10  54 2.106520
 10  93 2.137949
 10 132 2.169377
 10 171 2.200806
 10 209 2.231429
 10 250 2.264469
 11  36 2.298315
 11  78 2.332161
 11 119 2.365201
 11 158 2.396630
 11 197 2.428059
 11 236 2.459487
 12  19 2.490916
 12  58 2.522344
 12  99 2.555385
 12 138 2.586813
 12 181 2.621465
 12 223 2.655311
 13   8 2.688352
 13  47 2.719780
 13  87 2.752015
 13 126 2.783443
 13 167 2.816484
 13 207 2.848718
 13 248 2.881758
 14  34 2.915604
 14  49 2.927692
 14  64 2.939780
 14  58 2.934945
