  0  70 0.056410
  0 102 0.082198
  0 142 0.114432
  0 184 0.148278
  0 222 0.178901
  1  10 0.214359
  1  53 0.249011
  1  92 0.280440
  1 133 0.313480
  1 172 0.344908
  1 209 0.374725
  1 251 0.408571
  2  36 0.441612
  2  75 0.473040
  2 118 0.507692
  2 160 0.541538
  2 201 0.574579
  2 243 0.608425
  3  24 0.638242
  3  62 0.668864
  3 102 0.701099
  3 140 0.731722
  3 181 0.764762
  3 222 0.797802
  4   7 0.830842
  4  50 0.865495
  4  92 0.899341
  4 131 0.930769
  4 171 0.963004
  4 211 0.995238
  4 250 1.026667
  5  34 1.058901
  5  74 1.091136
  5 115 1.124176
  5 158 1.158828
  5 200 1.192674
  5 241 1.225714
  6  25 1.257949
  6  64 1.289377
  6 104 1.321612
  6 145 1.354652
  6 186 1.387692
  6 226 1.419927
  7  11 1.452967
  7  53 1.486813
  7  94 1.519853
  7 134 1.552088
  7 173 1.583516
  7 212 1.614945
  7 251 1.646374
  8  36 1.679414
  8  77 1.712454
  8 119 1.746300
  8 160 1.779341
  8 201 1.812381
  8 241 1.844615
  9  24 1.876044
  9  64 1.908278
  9 103 1.939707
  9 143 1.971941
  9 184 2.004982
  9 224 2.037216
 10  11 2.071868
 10  55 2.107326
 10  95 2.139560
 10 134 2.170989
 10 172 2.201612
 10 210 2.232234
 10 250 2.264469
 11  35 2.297509
 11  75 2.329744
 11 117 2.363590
 11 158 2.396630
 11 198 2.428864
 11 237 2.460293
 12  21 2.492527
 12  60 2.523956
 12  99 2.555385
 12 138 2.586813
 12 179 2.619853
 12 221 2.653700
 13   6 2.686740
 13  48 2.720586
 13  90 2.754432
 13 129 2.785861
 13 168 2.817289
 13 208 2.849524
 13 248 2.881758
 14  33 2.914799
 14  55 2.932527
 14  36 2.917216
 14  61 2.937363
