  0  73 0.058828
  0 106 0.085421
  0 147 0.118462
  0 186 0.149890
  0 223 0.179707
  1   8 0.212747
  1  49 0.245788
  1  88 0.277216
  1 131 0.311868
  1 172 0.344908
  1 212 0.377143
  2   0 0.412601
  2  39 0.444029
  2  77 0.474652
  2 118 0.507692
  2 157 0.539121
  2 197 0.571355
  2 239 0.605201
  3  22 0.636630
  3  63 0.669670
  3 106 0.704322
  3 144 0.734945
  3 183 0.766374
  3 223 0.798608
  4   7 0.830842
  4  47 0.863077
  4  88 0.896117
  4 129 0.929158
  4 171 0.963004
  4 213 0.996850
  4 254 1.029890
  5  38 1.062125
  5  76 1.092747
  5 115 1.124176
  5 155 1.156410
  5 196 1.189451
  5 237 1.222491
  6  24 1.257143
  6  66 1.290989
  6 108 1.324835
  6 149 1.357875
  6 189 1.390110
  6 226 1.419927
  7  10 1.452161
  7  49 1.483590
  7  91 1.517436
  7 132 1.550476
  7 173 1.583516
  7 215 1.617363
  8   0 1.650403
  8  39 1.681832
  8  78 1.713260
  8 118 1.745495
  8 157 1.776923
  8 197 1.809158
  8 237 1.841392
  9  23 1.875238
  9  66 1.909890
  9 107 1.942930
  9 147 1.975165
  9 187 2.007399
  9 224 2.037216
 10  10 2.071062
 10  51 2.104103
 10  90 2.135531
 10 132 2.169377
 10 173 2.202418
 10 214 2.235458
 10 255 2.268498
 11  38 2.299927
 11  77 2.331355
 11 116 2.362784
 11 155 2.394212
 11 194 2.425641
 11 234 2.457875
 12  20 2.491722
 12  61 2.524762
 12 102 2.557802
 12 143 2.590842
 12 182 2.622271
 12 221 2.653700
 13   5 2.685934
 13  44 2.717363
 13  85 2.750403
 13 126 2.783443
 13 167 2.816484
 13 209 2.850330
 13 251 2.884176
 14  37 2.918022
 14  46 2.925275
 14  34 2.915604
 14  60 2.936557
