  0   2 0.001612
  0   4 0.003223
  0   5 0.004029
  0   6 0.004835
  0   7 0.005641
  0   8 0.006447
  0  10 0.008059
  0  12 0.009670
  0  12 0.009670
  0  14 0.011282
  0  15 0.012088
  0  16 0.012894
  0  17 0.013700
  0  18 0.014505
  0  19 0.015311
  0  21 0.016923
  0  22 0.017729
  0  24 0.019341
  0  24 0.019341
  0  26 0.020952
  0  27 0.021758
  0  28 0.022564
  0  29 0.023370
  0  30 0.024176
  0  32 0.025788
  0  33 0.026593
  0  34 0.027399
  0  36 0.029011
  0  37 0.029817
  0  38 0.030623
  0  40 0.032234
