  0  27 0.021758
  0  40 0.032234
  0  53 0.042711
  0  68 0.054799
  0  81 0.065275
  0  96 0.077363
  0 110 0.088645
  0 124 0.099927
  0 139 0.112015
  0 153 0.123297
  0 165 0.132967
  0 180 0.145055
  0 194 0.156337
  0 208 0.167619
  0 222 0.178901
  0 235 0.189377
  0 250 0.201465
  1   9 0.213553
  1  22 0.224029
  1  35 0.234505
  1  50 0.246593
  1  63 0.257070
  1  76 0.267546
  1  91 0.279634
  1 105 0.290916
  1 119 0.302198
  1 133 0.313480
  1 148 0.325568
  1 161 0.336044
  1 175 0.347326
  1 189 0.358608
  1 202 0.369084
  1 216 0.380366
  1 230 0.391648
  1 245 0.403736
  2   4 0.415824
  2  18 0.427106
  2  32 0.438388
  2  46 0.449670
  2  60 0.460952
  2  73 0.471429
  2  88 0.483516
  2 102 0.494799
  2 116 0.506081
  2 129 0.516557
  2 145 0.529451
  2 158 0.539927
  2 172 0.551209
  2 185 0.561685
  2 200 0.573773
  2 213 0.584249
  2 227 0.595531
  2 241 0.606813
  3   0 0.618901
  3  14 0.630183
  3  27 0.640659
  3  41 0.651941
  3  56 0.664029
  3  69 0.674505
  3  83 0.685788
  3  97 0.697070
  3 111 0.708352
  3 125 0.719634
  3 140 0.731722
  3 154 0.743004
  3 168 0.754286
  3 181 0.764762
  3 194 0.775238
  3 209 0.787326
  3 222 0.797802
  3 236 0.809084
  3 250 0.820366
  4   9 0.832454
  4  23 0.843736
  4  37 0.855018
  4  50 0.865495
  4  64 0.876777
  4  78 0.888059
  4  91 0.898535
  4 105 0.909817
  4 120 0.921905
  4 134 0.933187
  4 148 0.944469
  4 161 0.954945
  4 176 0.967033
  4 190 0.978315
  4 204 0.989597
  4 217 1.000073
  4 231 1.011355
  4 245 1.022637
  5   3 1.033919
  5   6 1.036337
