  0  32 0.025788
  0  40 0.032234
  0  54 0.043516
  0  69 0.055604
  0  82 0.066081
  0  96 0.077363
  0 110 0.088645
  0 124 0.099927
  0 138 0.111209
  0 152 0.122491
  0 165 0.132967
  0 180 0.145055
  0 194 0.156337
  0 208 0.167619
  0 222 0.178901
  0 236 0.190183
  0 250 0.201465
  1   9 0.213553
  1  22 0.224029
  1  35 0.234505
  1  49 0.245788
  1  63 0.257070
  1  77 0.268352
  1  91 0.279634
  1 105 0.290916
  1 119 0.302198
  1 133 0.313480
  1 147 0.324762
  1 161 0.336044
  1 175 0.347326
  1 189 0.358608
  1 203 0.369890
  1 217 0.381172
  1 231 0.392454
  1 245 0.403736
  2   4 0.415824
  2  18 0.427106
  2  32 0.438388
  2  46 0.449670
  2  60 0.460952
  2  74 0.472234
  2  88 0.483516
  2 102 0.494799
  2 116 0.506081
  2 130 0.517363
  2 144 0.528645
  2 158 0.539927
  2 172 0.551209
  2 186 0.562491
  2 199 0.572967
  2 213 0.584249
  2 227 0.595531
  2 241 0.606813
  3   0 0.618901
  3  14 0.630183
  3  28 0.641465
  3  41 0.651941
  3  55 0.663223
  3  69 0.674505
  3  83 0.685788
  3  97 0.697070
  3 111 0.708352
  3 125 0.719634
  3 140 0.731722
  3 154 0.743004
  3 168 0.754286
  3 181 0.764762
  3 194 0.775238
  3 208 0.786520
  3 222 0.797802
  3 236 0.809084
  3 250 0.820366
  4   8 0.831648
  4  23 0.843736
  4  37 0.855018
  4  51 0.866300
  4  65 0.877582
  4  78 0.888059
  4  92 0.899341
  4 105 0.909817
  4 119 0.921099
  4 133 0.932381
  4 148 0.944469
  4 162 0.955751
  4 176 0.967033
  4 190 0.978315
  4 203 0.988791
  4 217 1.000073
  4 231 1.011355
  4 245 1.022637
  5   3 1.033919
  5   5 1.035531
