  0  31 0.024982
  0  41 0.033040
  0  55 0.044322
  0  69 0.055604
  0  82 0.066081
  0  96 0.077363
  0 110 0.088645
  0 123 0.099121
  0 138 0.111209
  0 152 0.122491
  0 165 0.132967
  0 181 0.145861
  0 195 0.157143
  0 208 0.167619
  0 222 0.178901
  0 236 0.190183
  0 249 0.200659
  1   8 0.212747
  1  22 0.224029
  1  35 0.234505
  1  50 0.246593
  1  64 0.257875
  1  78 0.269158
  1  91 0.279634
  1 104 0.290110
  1 119 0.302198
  1 133 0.313480
  1 147 0.324762
  1 161 0.336044
  1 176 0.348132
  1 190 0.359414
  1 203 0.369890
  1 217 0.381172
  1 230 0.391648
  1 245 0.403736
  2   3 0.415018
  2  17 0.426300
  2  31 0.437582
  2  46 0.449670
  2  60 0.460952
  2  74 0.472234
  2  89 0.484322
  2 102 0.494799
  2 116 0.506081
  2 129 0.516557
  2 144 0.528645
  2 157 0.539121
  2 171 0.550403
  2 186 0.562491
  2 200 0.573773
  2 214 0.585055
  2 228 0.596337
  2 242 0.607619
  3   0 0.618901
  3  13 0.629377
  3  27 0.640659
  3  41 0.651941
  3  56 0.664029
  3  69 0.674505
  3  83 0.685788
  3  98 0.697875
  3 112 0.709158
  3 125 0.719634
  3 139 0.730916
  3 153 0.742198
  3 167 0.753480
  3 181 0.764762
  3 195 0.776044
  3 209 0.787326
  3 223 0.798608
  3 236 0.809084
  3 250 0.820366
  4   9 0.832454
  4  22 0.842930
  4  36 0.854212
  4  50 0.865495
  4  64 0.876777
  4  78 0.888059
  4  92 0.899341
  4 106 0.910623
  4 120 0.921905
  4 134 0.933187
  4 147 0.943663
  4 161 0.954945
  4 176 0.967033
  4 189 0.977509
  4 204 0.989597
  4 218 1.000879
  4 232 1.012161
  4 245 1.022637
  5   3 1.033919
  5   6 1.036337
