  0  31 0.024982
  0  41 0.033040
  0  55 0.044322
  0  69 0.055604
  0  82 0.066081
  0  96 0.077363
  0 110 0.088645
  0 123 0.099121
  0 138 0.111209
  0 152 0.122491
  0 166 0.133773
  0 181 0.145861
  0 195 0.157143
  0 208 0.167619
  0 222 0.178901
  0 236 0.190183
  0 249 0.200659
  1   8 0.212747
  1  21 0.223223
  1  35 0.234505
  1  50 0.246593
  1  63 0.257070
  1  78 0.269158
  1  92 0.280440
  1 105 0.290916
  1 119 0.302198
  1 133 0.313480
  1 147 0.324762
  1 160 0.335238
  1 175 0.347326
  1 189 0.358608
  1 203 0.369890
  1 217 0.381172
  1 231 0.392454
  1 245 0.403736
  2   4 0.415824
  2  17 0.426300
  2  31 0.437582
  2  45 0.448864
  2  60 0.460952
  2  74 0.472234
  2  88 0.483516
  2 102 0.494799
  2 116 0.506081
  2 130 0.517363
  2 144 0.528645
  2 157 0.539121
  2 171 0.550403
  2 186 0.562491
  2 200 0.573773
  2 215 0.585861
  2 228 0.596337
  2 242 0.607619
  3   0 0.618901
  3  13 0.629377
  3  27 0.640659
  3  41 0.651941
  3  55 0.663223
  3  69 0.674505
  3  84 0.686593
  3  98 0.697875
  3 112 0.709158
  3 126 0.720440
  3 139 0.730916
  3 153 0.742198
  3 167 0.753480
  3 181 0.764762
  3 194 0.775238
  3 208 0.786520
  3 223 0.798608
  3 237 0.809890
  3 251 0.821172
  4   9 0.832454
  4  23 0.843736
  4  37 0.855018
  4  50 0.865495
  4  63 0.875971
  4  77 0.887253
  4  92 0.899341
  4 106 0.910623
  4 121 0.922711
  4 134 0.933187
  4 148 0.944469
  4 162 0.955751
  4 176 0.967033
  4 189 0.977509
  4 203 0.988791
  4 217 1.000073
  4 232 1.012161
  4 246 1.023443
  5   3 1.033919
  5   6 1.036337
