  0  31 0.024982
  0  40 0.032234
  0  54 0.043516
  0  68 0.054799
  0  81 0.065275
  0  96 0.077363
  0 110 0.088645
  0 124 0.099927
  0 138 0.111209
  0 152 0.122491
  0 166 0.133773
  0 181 0.145861
  0 194 0.156337
  0 208 0.167619
  0 222 0.178901
  0 235 0.189377
  0 250 0.201465
  1   9 0.213553
  1  22 0.224029
  1  36 0.235311
  1  49 0.245788
  1  63 0.257070
  1  77 0.268352
  1  91 0.279634
  1 104 0.290110
  1 118 0.301392
  1 133 0.313480
  1 147 0.324762
  1 162 0.336850
  1 176 0.348132
  1 190 0.359414
  1 203 0.369890
  1 217 0.381172
  1 230 0.391648
  1 245 0.403736
  2   3 0.415018
  2  18 0.427106
  2  32 0.438388
  2  45 0.448864
  2  60 0.460952
  2  74 0.472234
  2  88 0.483516
  2 102 0.494799
  2 116 0.506081
  2 129 0.516557
  2 143 0.527839
  2 158 0.539927
  2 172 0.551209
  2 186 0.562491
  2 200 0.573773
  2 214 0.585055
  2 228 0.596337
  2 241 0.606813
  3   0 0.618901
  3  13 0.629377
  3  28 0.641465
  3  42 0.652747
  3  56 0.664029
  3  69 0.674505
  3  83 0.685788
  3  98 0.697875
  3 111 0.708352
  3 125 0.719634
  3 140 0.731722
  3 153 0.742198
  3 168 0.754286
  3 182 0.765568
  3 195 0.776044
  3 209 0.787326
  3 223 0.798608
  3 236 0.809084
  3 250 0.820366
  4   9 0.832454
  4  23 0.843736
  4  37 0.855018
  4  51 0.866300
  4  64 0.876777
  4  78 0.888059
  4  92 0.899341
  4 106 0.910623
  4 120 0.921905
  4 133 0.932381
  4 148 0.944469
  4 162 0.955751
  4 176 0.967033
  4 190 0.978315
  4 204 0.989597
  4 217 1.000073
  4 232 1.012161
  4 245 1.022637
  5   3 1.033919
  5   5 1.035531
