  0  31 0.024982
  0  41 0.033040
  0  55 0.044322
  0  69 0.055604
  0  82 0.066081
  0  96 0.077363
  0 111 0.089451
  0 124 0.099927
  0 138 0.111209
  0 153 0.123297
  0 166 0.133773
  0 181 0.145861
  0 195 0.157143
  0 208 0.167619
  0 223 0.179707
  0 236 0.190183
  0 250 0.201465
  1   9 0.213553
  1  22 0.224029
  1  35 0.234505
  1  50 0.246593
  1  63 0.257070
  1  77 0.268352
  1  91 0.279634
  1 105 0.290916
  1 119 0.302198
  1 133 0.313480
  1 147 0.324762
  1 161 0.336044
  1 175 0.347326
  1 189 0.358608
  1 203 0.369890
  1 217 0.381172
  1 231 0.392454
  1 245 0.403736
  2   4 0.415824
  2  18 0.427106
  2  32 0.438388
  2  45 0.448864
  2  60 0.460952
  2  74 0.472234
  2  88 0.483516
  2 103 0.495604
  2 116 0.506081
  2 130 0.517363
  2 144 0.528645
  2 158 0.539927
  2 171 0.550403
  2 185 0.561685
  2 200 0.573773
  2 214 0.585055
  2 228 0.596337
  2 242 0.607619
  3   0 0.618901
  3  14 0.630183
  3  28 0.641465
  3  41 0.651941
  3  55 0.663223
  3  70 0.675311
  3  83 0.685788
  3  97 0.697070
  3 112 0.709158
  3 126 0.720440
  3 140 0.731722
  3 153 0.742198
  3 167 0.753480
  3 181 0.764762
  3 194 0.775238
  3 208 0.786520
  3 223 0.798608
  3 237 0.809890
  3 251 0.821172
  4   9 0.832454
  4  23 0.843736
  4  37 0.855018
  4  50 0.865495
  4  64 0.876777
  4  78 0.888059
  4  91 0.898535
  4 106 0.910623
  4 120 0.921905
  4 134 0.933187
  4 148 0.944469
  4 162 0.955751
  4 176 0.967033
  4 190 0.978315
  4 203 0.988791
  4 217 1.000073
  4 231 1.011355
  4 245 1.022637
  5   3 1.033919
  5   6 1.036337
