  0  31 0.024982
  0  40 0.032234
  0  54 0.043516
  0  69 0.055604
  0  82 0.066081
  0  96 0.077363
  0 111 0.089451
  0 124 0.099927
  0 138 0.111209
  0 152 0.122491
  0 166 0.133773
  0 181 0.145861
  0 194 0.156337
  0 208 0.167619
  0 223 0.179707
  0 236 0.190183
  0 250 0.201465
  1   9 0.213553
  1  22 0.224029
  1  35 0.234505
  1  50 0.246593
  1  63 0.257070
  1  77 0.268352
  1  91 0.279634
  1 105 0.290916
  1 119 0.302198
  1 134 0.314286
  1 147 0.324762
  1 161 0.336044
  1 176 0.348132
  1 189 0.358608
  1 203 0.369890
  1 217 0.381172
  1 231 0.392454
  1 245 0.403736
  2   4 0.415824
  2  18 0.427106
  2  32 0.438388
  2  46 0.449670
  2  60 0.460952
  2  74 0.472234
  2  87 0.482711
  2 102 0.494799
  2 116 0.506081
  2 130 0.517363
  2 144 0.528645
  2 158 0.539927
  2 172 0.551209
  2 186 0.562491
  2 200 0.573773
  2 214 0.585055
  2 227 0.595531
  2 242 0.607619
  3   0 0.618901
  3  13 0.629377
  3  27 0.640659
  3  42 0.652747
  3  56 0.664029
  3  69 0.674505
  3  83 0.685788
  3  98 0.697875
  3 111 0.708352
  3 125 0.719634
  3 139 0.730916
  3 154 0.743004
  3 167 0.753480
  3 182 0.765568
  3 194 0.775238
  3 209 0.787326
  3 223 0.798608
  3 236 0.809084
  3 250 0.820366
  4   8 0.831648
  4  23 0.843736
  4  37 0.855018
  4  51 0.866300
  4  65 0.877582
  4  78 0.888059
  4  92 0.899341
  4 106 0.910623
  4 120 0.921905
  4 134 0.933187
  4 148 0.944469
  4 162 0.955751
  4 176 0.967033
  4 190 0.978315
  4 204 0.989597
  4 217 1.000073
  4 232 1.012161
  4 245 1.022637
  5   3 1.033919
  5   5 1.035531
