  0  31 0.024982
  0  41 0.033040
  0  55 0.044322
  0  69 0.055604
  0  82 0.066081
  0  96 0.077363
  0 110 0.088645
  0 123 0.099121
  0 138 0.111209
  0 152 0.122491
  0 166 0.133773
  0 181 0.145861
  0 195 0.157143
  0 208 0.167619
  0 222 0.178901
  0 236 0.190183
  0 249 0.200659
  1   8 0.212747
  1  22 0.224029
  1  36 0.235311
  1  50 0.246593
  1  64 0.257875
  1  78 0.269158
  1  92 0.280440
  1 105 0.290916
  1 119 0.302198
  1 133 0.313480
  1 147 0.324762
  1 160 0.335238
  1 176 0.348132
  1 190 0.359414
  1 203 0.369890
  1 217 0.381172
  1 231 0.392454
  1 245 0.403736
  2   3 0.415018
  2  17 0.426300
  2  32 0.438388
  2  45 0.448864
  2  60 0.460952
  2  75 0.473040
  2  89 0.484322
  2 103 0.495604
  2 116 0.506081
  2 129 0.516557
  2 144 0.528645
  2 157 0.539121
  2 172 0.551209
  2 186 0.562491
  2 200 0.573773
  2 214 0.585055
  2 228 0.596337
  2 241 0.606813
  3   0 0.618901
  3  13 0.629377
  3  28 0.641465
  3  41 0.651941
  3  56 0.664029
  3  69 0.674505
  3  84 0.686593
  3  98 0.697875
  3 112 0.709158
  3 125 0.719634
  3 140 0.731722
  3 153 0.742198
  3 167 0.753480
  3 181 0.764762
  3 194 0.775238
  3 208 0.786520
  3 223 0.798608
  3 237 0.809890
  3 251 0.821172
  4   9 0.832454
  4  23 0.843736
  4  36 0.854212
  4  51 0.866300
  4  64 0.876777
  4  78 0.888059
  4  92 0.899341
  4 106 0.910623
  4 120 0.921905
  4 134 0.933187
  4 148 0.944469
  4 161 0.954945
  4 176 0.967033
  4 189 0.977509
  4 204 0.989597
  4 217 1.000073
  4 232 1.012161
  4 245 1.022637
  5   4 1.034725
  5   6 1.036337
