  0  44 0.035458
  0 154 0.124103
  1  21 0.223223
  1 144 0.322344
  2  13 0.423077
  2 136 0.522198
  3   2 0.620513
  3 126 0.720440
  3 249 0.819560
  4 118 0.920293
  4 243 1.021026
  5 110 1.120147
  5 233 1.219267
  6 102 1.320000
  6 225 1.419121
  7  94 1.519853
  7 217 1.618974
  8  85 1.718901
  8 209 1.818828
  9  78 1.919560
  9 202 2.019487
 10  71 2.120220
 10 194 2.219341
 11  61 2.318462
 11 184 2.417582
 12  50 2.515897
 12 172 2.614212
 13  39 2.713333
 13 162 2.812454
 14  30 2.912381
 14 154 3.012308
