  0  43 0.034652
  0 154 0.124103
  1  20 0.222418
  1 144 0.322344
  2  12 0.422271
  2 134 0.520586
  3   1 0.619707
  3 123 0.718022
  3 245 0.816337
  4 115 0.917875
  4 239 1.017802
  5 108 1.118535
  5 233 1.219267
  6 102 1.320000
  6 225 1.419121
  7  94 1.519853
  7 216 1.618168
  8  84 1.718095
  8 207 1.817216
  9  75 1.917143
  9 198 2.016264
 10  67 2.116996
 10 192 2.217729
 11  62 2.319267
 11 184 2.417582
 12  52 2.517509
 12 173 2.615018
 13  39 2.713333
 13 161 2.811648
 14  29 2.911575
 14 152 3.010696
