  0  43 0.034652
  0 153 0.123297
  1  21 0.223223
  1 144 0.322344
  2  13 0.423077
  2 135 0.521392
  3   3 0.621319
  3 123 0.718022
  3 247 0.817949
  4 115 0.917875
  4 241 1.019414
  5 109 1.119341
  5 233 1.219267
  6 103 1.320806
  6 226 1.419927
  7  95 1.520659
  7 217 1.618974
  8  85 1.718901
  8 208 1.818022
  9  76 1.917949
  9 198 2.016264
 10  67 2.116996
 10 192 2.217729
 11  61 2.318462
 11 183 2.416777
 12  51 2.516703
 12 173 2.615018
 13  39 2.713333
 13 162 2.812454
 14  29 2.911575
 14 152 3.010696
