  0  39 0.031429
  0 150 0.120879
  1  17 0.220000
  1 141 0.319927
  2  10 0.420659
  2 133 0.519780
  3   0 0.618901
  3 120 0.715604
  3 244 0.815531
  4 112 0.915458
  4 237 1.016190
  5 106 1.116923
  5 230 1.216850
  6 101 1.319194
  6 225 1.419121
  7  93 1.519048
  7 215 1.617363
  8  83 1.717289
  8 206 1.816410
  9  74 1.916337
  9 197 2.015458
 10  65 2.115385
 10 191 2.216923
 11  61 2.318462
 11 184 2.417582
 12  51 2.516703
 12 173 2.615018
 13  39 2.713333
 13 160 2.810842
 14  29 2.911575
 14 152 3.010696
