  0  40 0.032234
  0 150 0.120879
  1  17 0.220000
  1 141 0.319927
  2  11 0.421465
  2 136 0.522198
  3   4 0.622125
  3 125 0.719634
  3 247 0.817949
  4 114 0.917070
  4 238 1.016996
  5 106 1.116923
  5 229 1.216044
  6  99 1.317582
  6 224 1.418315
  7  94 1.519853
  7 217 1.618974
  8  86 1.719707
  8 210 1.819634
  9  76 1.917949
  9 199 2.017070
 10  67 2.116996
 10 190 2.216117
 11  59 2.316850
 11 182 2.415971
 12  49 2.515092
 12 174 2.615824
 13  40 2.714139
 13 163 2.813260
 14  32 2.913993
 14 154 3.012308
