  0  45 0.036264
  0 154 0.124103
  1  21 0.223223
  1 146 0.323956
  2  16 0.425495
  2 137 0.523004
  3   3 0.621319
  3 124 0.718828
  3 247 0.817949
  4 115 0.917875
  4 240 1.018608
  5 108 1.118535
  5 232 1.218462
  6 102 1.320000
  6 228 1.421538
  7  97 1.522271
  7 219 1.620586
  8  86 1.719707
  8 210 1.819634
  9  77 1.918755
  9 199 2.017070
 10  67 2.116996
 10 192 2.217729
 11  60 2.317656
 11 184 2.417582
 12  53 2.518315
 12 175 2.616630
 13  41 2.714945
 13 163 2.813260
 14  30 2.912381
 14 153 3.011502
