  0  47 0.037875
  0 156 0.125714
  1  21 0.223223
  1 144 0.322344
  2  13 0.423077
  2 135 0.521392
  3   2 0.620513
  3 124 0.718828
  3 247 0.817949
  4 116 0.918681
  4 242 1.020220
  5 111 1.120952
  5 234 1.220073
  6 102 1.320000
  6 227 1.420733
  7  95 1.520659
  7 217 1.618974
  8  85 1.718901
  8 209 1.818828
  9  76 1.917949
  9 200 2.017875
 10  70 2.119414
 10 194 2.219341
 11  63 2.320073
 11 184 2.417582
 12  50 2.515897
 12 173 2.615018
 13  39 2.713333
 13 161 2.811648
 14  29 2.911575
 14 153 3.011502
