  0  43 0.034652
  0 154 0.124103
  1  21 0.223223
  1 146 0.323956
  2  15 0.424689
  2 137 0.523004
  3   3 0.621319
  3 125 0.719634
  3 248 0.818755
  4 115 0.917875
  4 240 1.018608
  5 108 1.118535
  5 233 1.219267
  6 104 1.321612
  6 228 1.421538
  7  96 1.521465
  7 217 1.618974
  8  85 1.718901
  8 210 1.819634
  9  76 1.917949
  9 199 2.017070
 10  67 2.116996
 10 192 2.217729
 11  62 2.319267
 11 185 2.418388
 12  53 2.518315
 12 175 2.616630
 13  41 2.714945
 13 163 2.813260
 14  30 2.912381
 14 152 3.010696
