  0  43 0.034652
  0 153 0.123297
  1  19 0.221612
  1 144 0.322344
  2  15 0.424689
  2 137 0.523004
  3   4 0.622125
  3 124 0.718828
  3 247 0.817949
  4 115 0.917875
  4 240 1.018608
  5 108 1.118535
  5 232 1.218462
  6 102 1.320000
  6 227 1.420733
  7  97 1.522271
  7 219 1.620586
  8  87 1.720513
  8 211 1.820440
  9  76 1.917949
  9 199 2.017070
 10  67 2.116996
 10 191 2.216923
 11  60 2.317656
 11 183 2.416777
 12  52 2.517509
 12 176 2.617436
 13  44 2.717363
 13 163 2.813260
 14  30 2.912381
 14 153 3.011502
