  0  44 0.035458
  0 155 0.124908
  1  20 0.222418
  1 146 0.323956
  2  16 0.425495
  2 137 0.523004
  3   3 0.621319
  3 124 0.718828
  3 246 0.817143
  4 115 0.917875
  4 239 1.017802
  5 108 1.118535
  5 232 1.218462
  6 102 1.320000
  6 227 1.420733
  7  97 1.522271
  7 220 1.621392
  8  86 1.719707
  8 209 1.818828
  9  77 1.918755
  9 199 2.017070
 10  67 2.116996
 10 192 2.217729
 11  61 2.318462
 11 184 2.417582
 12  53 2.518315
 12 175 2.616630
 13  41 2.714945
 13 163 2.813260
 14  29 2.911575
 14 152 3.010696
