  0  28 0.022564
  0 147 0.118462
  1  13 0.216777
  1 135 0.315092
  2   3 0.415018
  2 125 0.513333
  2 246 0.610842
  3 112 0.709158
  3 232 0.805861
  4 100 0.905788
  4 224 1.005714
  5  92 1.105641
  5 215 1.204762
  6  82 1.303883
  6 204 1.402198
  7  73 1.502930
  7 192 1.598828
  8  61 1.699560
  8 184 1.798681
  9  51 1.897802
  9 173 1.996117
 10  42 2.096850
 10 165 2.195971
 11  34 2.296703
 11 155 2.394212
 12  20 2.491722
 12 141 2.589231
 13   6 2.686740
 13 128 2.785055
 13 251 2.884176
 14 117 2.982491
