  0  28 0.022564
  0 146 0.117656
  1   9 0.213553
  1 133 0.313480
  2   2 0.414212
  2 125 0.513333
  2 248 0.612454
  3 113 0.709963
  3 235 0.808278
  4 100 0.905788
  4 224 1.005714
  5  91 1.104835
  5 212 1.202344
  6  80 1.302271
  6 203 1.401392
  7  73 1.502930
  7 195 1.601245
  8  64 1.701978
  8 187 1.801099
  9  53 1.899414
  9 174 1.996923
 10  41 2.096044
 10 163 2.194359
 11  31 2.294286
 11 153 2.392601
 12  20 2.491722
 12 141 2.589231
 13   8 2.688352
 13 129 2.785861
 13 252 2.884982
 14 119 2.984103
