  0  29 0.023370
  0 145 0.116850
  1  11 0.215165
  1 133 0.313480
  2   1 0.413407
  2 124 0.512527
  2 246 0.610842
  3 112 0.709158
  3 234 0.807473
  4 101 0.906593
  4 225 1.006520
  5  91 1.104835
  5 213 1.203150
  6  81 1.303077
  6 204 1.402198
  7  72 1.502125
  7 194 1.600440
  8  63 1.701172
  8 186 1.800293
  9  54 1.900220
  9 175 1.997729
 10  41 2.096044
 10 165 2.195971
 11  32 2.295092
 11 152 2.391795
 12  19 2.490916
 12 140 2.588425
 13   7 2.687546
 13 129 2.785861
 13 252 2.884982
 14 118 2.983297
