  0  28 0.022564
  0 146 0.117656
  1  12 0.215971
  1 134 0.314286
  2   2 0.414212
  2 124 0.512527
  2 246 0.610842
  3 111 0.708352
  3 233 0.806667
  4 100 0.905788
  4 225 1.006520
  5  93 1.106447
  5 214 1.203956
  6  83 1.304689
  6 204 1.402198
  7  73 1.502930
  7 194 1.600440
  8  62 1.700366
  8 184 1.798681
  9  51 1.897802
  9 174 1.996923
 10  42 2.096850
 10 166 2.196777
 11  33 2.295897
 11 153 2.392601
 12  20 2.491722
 12 140 2.588425
 13   6 2.686740
 13 128 2.785055
 13 250 2.883370
 14 118 2.983297
