  0  29 0.023370
  0 146 0.117656
  1  11 0.215165
  1 133 0.313480
  2   2 0.414212
  2 123 0.511722
  2 246 0.610842
  3 112 0.709158
  3 234 0.807473
  4 102 0.907399
  4 225 1.006520
  5  91 1.104835
  5 213 1.203150
  6  80 1.302271
  6 204 1.402198
  7  72 1.502125
  7 194 1.600440
  8  62 1.700366
  8 186 1.800293
  9  53 1.899414
  9 175 1.997729
 10  43 2.097656
 10 165 2.195971
 11  32 2.295092
 11 153 2.392601
 12  19 2.490916
 12 141 2.589231
 13   6 2.686740
 13 128 2.785055
 13 252 2.884982
 14 118 2.983297
