  0  28 0.022564
  0 146 0.117656
  1  12 0.215971
  1 135 0.315092
  2   3 0.415018
  2 124 0.512527
  2 246 0.610842
  3 111 0.708352
  3 232 0.805861
  4 100 0.905788
  4 224 1.005714
  5  92 1.105641
  5 215 1.204762
  6  83 1.304689
  6 205 1.403004
  7  72 1.502125
  7 194 1.600440
  8  61 1.699560
  8 184 1.798681
  9  51 1.897802
  9 174 1.996923
 10  41 2.096044
 10 166 2.196777
 11  33 2.295897
 11 154 2.393407
 12  20 2.491722
 12 140 2.588425
 13   6 2.686740
 13 127 2.784249
 13 250 2.883370
 14 117 2.982491
