  0  27 0.021758
  0 145 0.116850
  1  11 0.215165
  1 133 0.313480
  2   2 0.414212
  2 125 0.513333
  2 248 0.612454
  3 113 0.709963
  3 235 0.808278
  4 101 0.906593
  4 223 1.004908
  5  90 1.104029
  5 212 1.202344
  6  80 1.302271
  6 204 1.402198
  7  73 1.502930
  7 196 1.602051
  8  64 1.701978
  8 185 1.799487
  9  52 1.898608
  9 173 1.996117
 10  40 2.095238
 10 163 2.194359
 11  31 2.294286
 11 152 2.391795
 12  20 2.491722
 12 142 2.590037
 13   9 2.689158
 13 130 2.786667
 13 251 2.884176
 14 118 2.983297
