  0  27 0.021758
  0 145 0.116850
  1  10 0.214359
  1 134 0.314286
  2   3 0.415018
  2 126 0.514139
  2 249 0.613260
  3 113 0.709963
  3 233 0.806667
  4 100 0.905788
  4 223 1.004908
  5  91 1.104835
  5 212 1.202344
  6  80 1.302271
  6 204 1.402198
  7  74 1.503736
  7 196 1.602051
  8  62 1.700366
  8 185 1.799487
  9  51 1.897802
  9 173 1.996117
 10  40 2.095238
 10 163 2.194359
 11  32 2.295092
 11 153 2.392601
 12  20 2.491722
 12 144 2.591648
 13   8 2.688352
 13 130 2.786667
 13 251 2.884176
 14 118 2.983297
