  0  27 0.021758
  0 144 0.116044
  1  10 0.214359
  1 134 0.314286
  2   2 0.414212
  2 126 0.514139
  2 248 0.612454
  3 113 0.709963
  3 235 0.808278
  4 100 0.905788
  4 223 1.004908
  5  90 1.104029
  5 212 1.202344
  6  80 1.302271
  6 204 1.402198
  7  73 1.502930
  7 196 1.602051
  8  64 1.701978
  8 186 1.800293
  9  52 1.898608
  9 173 1.996117
 10  40 2.095238
 10 163 2.194359
 11  32 2.295092
 11 152 2.391795
 12  20 2.491722
 12 141 2.589231
 13   8 2.688352
 13 129 2.785861
 13 247 2.880952
 14 118 2.983297
