  0  27 0.021758
  0 144 0.116044
  1  10 0.214359
  1 133 0.313480
  2   3 0.415018
  2 124 0.512527
  2 247 0.611648
  3 112 0.709158
  3 235 0.808278
  4 102 0.907399
  4 224 1.005714
  5  92 1.105641
  5 212 1.202344
  6  81 1.303077
  6 202 1.400586
  7  72 1.502125
  7 193 1.599634
  8  62 1.700366
  8 187 1.801099
  9  53 1.899414
  9 174 1.996923
 10  41 2.096044
 10 164 2.195165
 11  31 2.294286
 11 152 2.391795
 12  17 2.489304
 12 140 2.588425
 13   7 2.687546
 13 128 2.785055
 13 249 2.882564
 14 118 2.983297
