  0  20 0.016117
  0  27 0.021758
  0  36 0.029011
  0  44 0.035458
  0  51 0.041099
  0  59 0.047546
  0  66 0.053187
  0  73 0.058828
  0  82 0.066081
  0  90 0.072527
  0  97 0.078168
  0 106 0.085421
  0 114 0.091868
  0 121 0.097509
  0 129 0.103956
  0 136 0.109597
  0 144 0.116044
  0 151 0.121685
  0 159 0.128132
  0 167 0.134579
  0 176 0.141832
  0 183 0.147473
  0 190 0.153114
  0 198 0.159560
  0 205 0.165201
  0 213 0.171648
  0 220 0.177289
  0 229 0.184542
  0 237 0.190989
  0 245 0.197436
  0 253 0.203883
  1   5 0.210330
  1  12 0.215971
  1  20 0.222418
  1  27 0.228059
  1  35 0.234505
  1  43 0.240952
  1  52 0.248205
  1  60 0.254652
  1  67 0.260293
  1  75 0.266740
  1  82 0.272381
  1  90 0.278828
  1  98 0.285275
  1 106 0.291722
  1 114 0.298168
  1 124 0.306227
  1 130 0.311062
  1 137 0.316703
  1 145 0.323150
  1 152 0.328791
  1 160 0.335238
  1 168 0.341685
  1 176 0.348132
  1 184 0.354579
  1 192 0.361026
  1 199 0.366667
  1 207 0.373114
  1 214 0.378755
  1 221 0.384396
  1 230 0.391648
  1 238 0.398095
  1 246 0.404542
  2   0 0.412601
  2   7 0.418242
  2  14 0.423883
  2  21 0.429524
  2  28 0.435165
  2  36 0.441612
  2  44 0.448059
  2  52 0.454505
  2  60 0.460952
  2  68 0.467399
  2  76 0.473846
  2  83 0.479487
  2  90 0.485128
  2  98 0.491575
  2 105 0.497216
  2 112 0.502857
  2 122 0.510916
  2 130 0.517363
  2 138 0.523810
  2 146 0.530256
  2 153 0.535897
  2 160 0.541538
  2 168 0.547985
  2 176 0.554432
  2 184 0.560879
  2 191 0.566520
  2 200 0.573773
  2 208 0.580220
  2 211 0.582637
