  0  15 0.012088
  0  21 0.016923
  0  29 0.023370
  0  37 0.029817
  0  45 0.036264
  0  53 0.042711
  0  62 0.049963
  0  69 0.055604
  0  77 0.062051
  0  84 0.067692
  0  92 0.074139
  0 100 0.080586
  0 107 0.086227
  0 115 0.092674
  0 124 0.099927
  0 132 0.106374
  0 140 0.112821
  0 148 0.119267
  0 155 0.124908
  0 162 0.130549
  0 170 0.136996
  0 178 0.143443
  0 185 0.149084
  0 194 0.156337
  0 201 0.161978
  0 210 0.169231
  0 218 0.175678
  0 225 0.181319
  0 233 0.187766
  0 241 0.194212
  0 249 0.200659
  1   0 0.206300
  1   8 0.212747
  1  17 0.220000
  1  25 0.226447
  1  33 0.232894
  1  39 0.237729
  1  48 0.244982
  1  55 0.250623
  1  63 0.257070
  1  71 0.263516
  1  79 0.269963
  1  87 0.276410
  1  96 0.283663
  1 103 0.289304
  1 111 0.295751
  1 118 0.301392
  1 126 0.307839
  1 134 0.314286
  1 141 0.319927
  1 152 0.328791
  1 157 0.332821
  1 164 0.338462
  1 174 0.346520
  1 181 0.352161
  1 189 0.358608
  1 193 0.361832
  1 204 0.370696
  1 212 0.377143
  1 220 0.383590
  1 228 0.390037
  1 236 0.396484
  1 244 0.402930
  1 252 0.409377
  2   4 0.415824
  2  12 0.422271
  2  20 0.428718
  2  27 0.434359
  2  35 0.440806
  2  43 0.447253
  2  51 0.453700
  2  59 0.460147
  2  67 0.466593
  2  74 0.472234
  2  82 0.478681
  2  90 0.485128
  2  97 0.490769
  2 105 0.497216
  2 113 0.503663
  2 121 0.510110
  2 129 0.516557
  2 137 0.523004
  2 145 0.529451
  2 152 0.535092
  2 160 0.541538
  2 168 0.547985
  2 176 0.554432
  2 183 0.560073
  2 191 0.566520
  2 200 0.573773
  2 207 0.579414
  2 211 0.582637
