  0  20 0.016117
  0 111 0.089451
  0 201 0.161978
  1  37 0.236117
  1 129 0.310256
  1 218 0.381978
  2  55 0.456923
  2 145 0.529451
  2 236 0.602784
  3  72 0.676923
  3 164 0.751062
  4   0 0.825201
  4  90 0.897729
  4 180 0.970256
  5  15 1.043590
  5 108 1.118535
  5 197 1.190256
  6  34 1.265201
  6 125 1.338535
  6 218 1.413480
  7  52 1.486007
  7 144 1.560147
  7 236 1.634286
  8  73 1.709231
  8 162 1.780952
  8 251 1.852674
  9  85 1.925201
  9 174 1.996923
 10   8 2.069451
 10 100 2.143590
 10 192 2.217729
