  0  19 0.015311
  0 110 0.088645
  0 201 0.161978
  1  37 0.236117
  1 130 0.311062
  1 221 0.384396
  2  57 0.458535
  2 147 0.531062
  2 237 0.603590
  3  71 0.676117
  3 163 0.750256
  3 253 0.822784
  4  88 0.896117
  4 179 0.969451
  5  15 1.043590
  5 107 1.117729
  5 198 1.191062
  6  35 1.266007
  6 127 1.340147
  6 219 1.414286
  7  54 1.487619
  7 144 1.560147
  7 236 1.634286
  8  71 1.707619
  8 160 1.779341
  8 251 1.852674
  9  84 1.924396
  9 173 1.996117
 10   9 2.070256
 10 100 2.143590
 10 192 2.217729
