  0  21 0.016923
  0 111 0.089451
  0 201 0.161978
  1  37 0.236117
  1 129 0.310256
  1 220 0.383590
  2  55 0.456923
  2 144 0.528645
  2 235 0.601978
  3  71 0.676117
  3 163 0.750256
  4   0 0.825201
  4  90 0.897729
  4 181 0.971062
  5  16 1.044396
  5 108 1.118535
  5 198 1.191062
  6  34 1.265201
  6 126 1.339341
  6 217 1.412674
  7  52 1.486007
  7 143 1.559341
  7 235 1.633480
  8  71 1.707619
  8 162 1.780952
  8 252 1.853480
  9  85 1.925201
  9 175 1.997729
 10   9 2.070256
 10 101 2.144396
 10 192 2.217729
