  0  19 0.015311
  0 110 0.088645
  0 201 0.161978
  1  37 0.236117
  1 131 0.311868
  1 222 0.385201
  2  57 0.458535
  2 147 0.531062
  2 237 0.603590
  3  71 0.676117
  3 163 0.750256
  3 253 0.822784
  4  88 0.896117
  4 179 0.969451
  5  15 1.043590
  5 108 1.118535
  5 198 1.191062
  6  36 1.266813
  6 128 1.340952
  6 219 1.414286
  7  54 1.487619
  7 144 1.560147
  7 235 1.633480
  8  71 1.707619
  8 160 1.779341
  8 250 1.851868
  9  83 1.923590
  9 173 1.996117
 10   8 2.069451
 10 100 2.143590
 10 193 2.218535
