  0  20 0.016117
  0 110 0.088645
  0 201 0.161978
  1  37 0.236117
  1 128 0.309451
  1 220 0.383590
  2  56 0.457729
  2 146 0.530256
  2 237 0.603590
  3  72 0.676923
  3 164 0.751062
  4   0 0.825201
  4  89 0.896923
  4 180 0.970256
  5  15 1.043590
  5 107 1.117729
  5 198 1.191062
  6  34 1.265201
  6 125 1.338535
  6 217 1.412674
  7  53 1.486813
  7 144 1.560147
  7 237 1.635092
  8  72 1.708425
  8 161 1.780147
  8 251 1.852674
  9  84 1.924396
  9 173 1.996117
 10   8 2.069451
 10  99 2.142784
 10 191 2.216923
