  0  19 0.015311
  0 111 0.089451
  0 202 0.162784
  1  38 0.236923
  1 131 0.311868
  1 221 0.384396
  2  57 0.458535
  2 146 0.530256
  2 236 0.602784
  3  71 0.676117
  3 162 0.749451
  3 253 0.822784
  4  88 0.896117
  4 179 0.969451
  5  15 1.043590
  5 109 1.119341
  5 200 1.192674
  6  36 1.266813
  6 128 1.340952
  6 219 1.414286
  7  53 1.486813
  7 144 1.560147
  7 234 1.632674
  8  71 1.707619
  8 160 1.779341
  8 250 1.851868
  9  84 1.924396
  9 173 1.996117
 10   9 2.070256
 10 101 2.144396
 10 193 2.218535
