  0  19 0.015311
  0 110 0.088645
  0 204 0.164396
  1  38 0.236923
  1 131 0.311868
  1 222 0.385201
  2  57 0.458535
  2 145 0.529451
  2 236 0.602784
  3  71 0.676117
  3 162 0.749451
  3 253 0.822784
  4  88 0.896117
  4 179 0.969451
  5  16 1.044396
  5 109 1.119341
  5 200 1.192674
  6  36 1.266813
  6 127 1.340147
  6 218 1.413480
  7  52 1.486007
  7 143 1.559341
  7 234 1.632674
  8  70 1.706813
  8 160 1.779341
  8 250 1.851868
  9  84 1.924396
  9 174 1.996923
 10  10 2.071062
 10 101 2.144396
 10 193 2.218535
