  0  21 0.016923
  0 112 0.090256
  0 201 0.161978
  1  37 0.236117
  1 129 0.310256
  1 220 0.383590
  2  56 0.457729
  2 145 0.529451
  2 236 0.602784
  3  71 0.676117
  3 164 0.751062
  4   0 0.825201
  4  90 0.897729
  4 181 0.971062
  5  17 1.045201
  5 108 1.118535
  5 198 1.191062
  6  35 1.266007
  6 126 1.339341
  6 216 1.411868
  7  52 1.486007
  7 143 1.559341
  7 235 1.633480
  8  72 1.708425
  8 162 1.780952
  8 252 1.853480
  9  86 1.926007
  9 176 1.998535
 10   9 2.070256
 10 100 2.143590
 10 192 2.217729
