  0  21 0.016923
  0 111 0.089451
  0 202 0.162784
  1  37 0.236117
  1 129 0.310256
  1 220 0.383590
  2  55 0.456923
  2 145 0.529451
  2 236 0.602784
  3  71 0.676117
  3 163 0.750256
  3 254 0.823590
  4  89 0.896923
  4 181 0.971062
  5  17 1.045201
  5 109 1.119341
  5 199 1.191868
  6  35 1.266007
  6 126 1.339341
  6 217 1.412674
  7  52 1.486007
  7 143 1.559341
  7 234 1.632674
  8  70 1.706813
  8 161 1.780147
  8 251 1.852674
  9  85 1.925201
  9 176 1.998535
 10   9 2.070256
 10 100 2.143590
 10 192 2.217729
