  0  21 0.016923
  0 116 0.093480
  0 210 0.169231
  1  49 0.245788
  1 145 0.323150
  1 240 0.399707
  2  78 0.475458
  2 171 0.550403
  3  10 0.626960
  3 104 0.702711
  3 200 0.780073
  4  40 0.857436
  4 134 0.933187
  4 229 1.009744
  5  68 1.086300
  5 164 1.163663
  6   2 1.239414
  6  97 1.315971
  6 192 1.392527
  7  32 1.469890
  7 125 1.544835
  7 221 1.622198
  8  61 1.699560
  8 157 1.776923
  8 250 1.851868
  9  88 1.927619
  9 180 2.001758
 10  17 2.076703
 10 110 2.151648
 10 205 2.228205
 11  45 2.305568
