  0  27 0.021758
  0 121 0.097509
  0 215 0.173260
  1  54 0.249817
  1 149 0.326374
  1 243 0.402125
  2  83 0.479487
  2 177 0.555238
  3  13 0.629377
  3 111 0.708352
  3 205 0.784103
  4  44 0.860659
  4 136 0.934799
  4 230 1.010549
  5  69 1.087106
  5 165 1.164469
  6   4 1.241026
  6 100 1.318388
  6 195 1.394945
  7  35 1.472308
  7 129 1.548059
  7 224 1.624615
  8  63 1.701172
  8 157 1.776923
  8 247 1.849451
  9  87 1.926813
  9 179 2.000952
 10  17 2.076703
 10 110 2.151648
 10 211 2.233040
 11  44 2.304762
