  0  20 0.016117
  0 114 0.091868
  0 209 0.168425
  1  48 0.244982
  1 144 0.322344
  1 238 0.398095
  2  80 0.477070
  2 173 0.552015
  3  12 0.628571
  3 106 0.704322
  3 200 0.780073
  4  39 0.856630
  4 133 0.932381
  4 227 1.008132
  5  66 1.084689
  5 163 1.162857
  6   1 1.238608
  6  98 1.316777
  6 193 1.393333
  7  33 1.470696
  7 128 1.547253
  7 220 1.621392
  8  62 1.700366
  8 155 1.775311
  8 248 1.850256
  9  86 1.926007
  9 179 2.000952
 10  16 2.075897
 10 110 2.151648
 10 206 2.229011
 11  46 2.306374
