  0  22 0.017729
  0 117 0.094286
  0 211 0.170037
  1  49 0.245788
  1 145 0.323150
  1 239 0.398901
  2  78 0.475458
  2 171 0.550403
  3  10 0.626960
  3 105 0.703516
  3 201 0.780879
  4  41 0.858242
  4 134 0.933187
  4 229 1.009744
  5  68 1.086300
  5 164 1.163663
  6   2 1.239414
  6  97 1.315971
  6 191 1.391722
  7  31 1.469084
  7 126 1.545641
  7 221 1.622198
  8  62 1.700366
  8 156 1.776117
  8 250 1.851868
  9  88 1.927619
  9 180 2.001758
 10  17 2.076703
 10 110 2.151648
 10 205 2.228205
 11  44 2.304762
