  0  25 0.020147
  0 120 0.096703
  0 216 0.174066
  1  53 0.249011
  1 152 0.328791
  1 246 0.404542
  2  85 0.481099
  2 177 0.555238
  3  18 0.633407
  3 109 0.706740
  3 203 0.782491
  4  42 0.859048
  4 136 0.934799
  4 231 1.011355
  5  70 1.087912
  5 167 1.166081
  6   6 1.242637
  6 101 1.319194
  6 196 1.395751
  7  35 1.472308
  7 128 1.547253
  7 222 1.623004
  8  61 1.699560
  8 156 1.776117
  8 249 1.851062
  9  87 1.926813
  9 181 2.002564
 10  18 2.077509
 10 112 2.153260
 10 207 2.229817
 11  45 2.305568
