  0  10 0.008059
  0  94 0.075751
  0 178 0.143443
  1   7 0.211941
  1  93 0.281245
  1 178 0.349744
  2   8 0.419048
  2  90 0.485128
  2 175 0.553626
  3   3 0.621319
  3  88 0.689817
  3 172 0.757509
  4   1 0.826007
  4  85 0.893700
  4 170 0.962198
  5   1 1.032308
  5  86 1.100806
  5 172 1.170110
  6   2 1.239414
  6  88 1.308718
  6 172 1.376410
  7   1 1.444908
  7  86 1.513407
  7 172 1.582711
  8   0 1.650403
  8  84 1.718095
  8 168 1.785788
  8 251 1.852674
  9  81 1.921978
  9 168 1.992088
  9 254 2.061392
