  0  26 0.020952
  0 121 0.097509
  0 217 0.174872
  1  57 0.252234
  1 152 0.328791
  1 246 0.404542
  2  84 0.480293
  2 177 0.555238
  3  14 0.630183
  3 108 0.705934
  3 203 0.782491
  4  42 0.859048
  4 136 0.934799
  4 232 1.012161
  5  72 1.089524
  5 167 1.166081
  6   6 1.242637
  6 101 1.319194
  6 195 1.394945
  7  34 1.471502
  7 128 1.547253
  7 222 1.623004
  8  61 1.699560
  8 156 1.776117
  8 249 1.851062
  9  88 1.927619
  9 181 2.002564
 10  19 2.078315
 10 112 2.153260
 10 206 2.229011
 11  45 2.305568
