  0  19 0.015311
  0 114 0.091868
  0 210 0.169231
  1  50 0.246593
  1 146 0.323956
  1 241 0.400513
  2  80 0.477070
  2 172 0.551209
  3  10 0.626960
  3 104 0.702711
  3 199 0.779267
  4  40 0.857436
  4 132 0.931575
  4 227 1.008132
  5  67 1.085495
  5 164 1.163663
  6   3 1.240220
  6  98 1.316777
  6 193 1.393333
  7  32 1.469890
  7 126 1.545641
  7 221 1.622198
  8  60 1.698755
  8 155 1.775311
  8 248 1.850256
  9  87 1.926813
  9 180 2.001758
 10  18 2.077509
 10 111 2.152454
 10 206 2.229011
 11  45 2.305568
