  0  27 0.021758
  0 121 0.097509
  0 215 0.173260
  1  54 0.249817
  1 149 0.326374
  1 244 0.402930
  2  83 0.479487
  2 177 0.555238
  3  16 0.631795
  3 111 0.708352
  3 205 0.784103
  4  45 0.861465
  4 137 0.935604
  4 231 1.011355
  5  70 1.087912
  5 166 1.165275
  6   4 1.241026
  6  99 1.317582
  6 194 1.394139
  7  34 1.471502
  7 129 1.548059
  7 224 1.624615
  8  64 1.701978
  8 157 1.776923
  8 251 1.852674
  9  88 1.927619
  9 180 2.001758
 10  16 2.075897
 10 110 2.151648
 10 204 2.227399
 11  44 2.304762
