  0   9 0.007253
  0  93 0.074945
  0 177 0.142637
  1   7 0.211941
  1  93 0.281245
  1 178 0.349744
  2   7 0.418242
  2  89 0.484322
  2 173 0.552015
  3   1 0.619707
  3  86 0.688205
  3 170 0.755897
  3 253 0.822784
  4  83 0.892088
  4 169 0.961392
  5   0 1.031502
  5  84 1.099194
  5 170 1.168498
  6   0 1.237802
  6  84 1.305495
  6 169 1.373993
  6 253 1.441685
  7  82 1.510183
  7 168 1.579487
  7 253 1.647985
  8  80 1.714872
  8 165 1.783370
  8 249 1.851062
  9  78 1.919560
  9 163 1.988059
  9 250 2.058168
