  0  16 0.012894
  0  92 0.074139
  0 167 0.134579
  0 243 0.195824
  1  64 0.257875
  1 139 0.318315
  1 214 0.378755
  2  32 0.438388
  2 107 0.498828
  2 183 0.560073
  3   3 0.621319
  3  78 0.681758
  3 153 0.742198
  3 229 0.803443
  4  49 0.864689
  4 127 0.927546
  4 202 0.987985
  5  22 1.049231
  5  98 1.110476
  5 173 1.170916
  5 247 1.230549
  6  68 1.292601
  6 143 1.353040
  6 219 1.414286
  7  37 1.473919
  7 112 1.534359
  7 185 1.593187
  8   5 1.654432
  8  80 1.714872
  8 157 1.776923
  8 234 1.838974
