  0  16 0.012894
  0  91 0.073333
  0 167 0.134579
  0 243 0.195824
  1  63 0.257070
  1 140 0.319121
  1 214 0.378755
  2  33 0.439194
  2 108 0.499634
  2 183 0.560073
  3   2 0.620513
  3  78 0.681758
  3 152 0.741392
  3 228 0.802637
  4  48 0.863883
  4 125 0.925934
  4 201 0.987179
  5  22 1.049231
  5  99 1.111282
  5 173 1.170916
  5 248 1.231355
  6  67 1.291795
  6 144 1.353846
  6 218 1.413480
  7  36 1.473114
  7 110 1.532747
  7 184 1.592381
  8   3 1.652821
  8  79 1.714066
  8 155 1.775311
  8 231 1.836557
