  0  22 0.017729
  0 103 0.083004
  0 179 0.144249
  0 241 0.194212
  1  76 0.267546
  1 155 0.331209
  1 241 0.400513
  2  51 0.453700
  2 127 0.514945
  2 204 0.576996
  3  29 0.642271
  3 113 0.709963
  3 189 0.771209
  4   7 0.830842
  4  85 0.893700
  4 162 0.955751
  4 239 1.017802
  5  50 1.071795
  5 136 1.141099
  5 213 1.203150
  6  34 1.265201
  6 110 1.326447
  6 190 1.390916
  7  10 1.452161
  7  91 1.517436
  7 168 1.579487
  7 243 1.639927
  8  67 1.704396
  8 144 1.766447
  8 220 1.827692
  9  43 1.891355
