  0  16 0.012894
  0  92 0.074139
  0 167 0.134579
  0 243 0.195824
  1  63 0.257070
  1 138 0.317509
  1 213 0.377949
  2  32 0.438388
  2 107 0.498828
  2 182 0.559267
  3   2 0.620513
  3  77 0.680952
  3 153 0.742198
  3 229 0.803443
  4  49 0.864689
  4 127 0.927546
  4 202 0.987985
  5  22 1.049231
  5  97 1.109670
  5 172 1.170110
  5 247 1.230549
  6  67 1.291795
  6 142 1.352234
  6 218 1.413480
  7  37 1.473919
  7 112 1.534359
  7 185 1.593187
  8   5 1.654432
  8  80 1.714872
  8 157 1.776923
  8 233 1.838168
