  0  24 0.019341
  0 100 0.080586
  0 176 0.141832
  0 253 0.203883
  1  76 0.267546
  1 155 0.331209
  1 232 0.393260
  2  46 0.449670
  2 126 0.514139
  2 204 0.576996
  3  26 0.639853
  3 106 0.704322
  3 179 0.763150
  4   7 0.830842
  4  84 0.892894
  4 162 0.955751
  4 239 1.017802
  5  60 1.079853
  5 138 1.142711
  5 215 1.204762
  6  35 1.266007
  6 114 1.329670
  6 192 1.392527
  7  14 1.455385
  7  94 1.519853
  7 168 1.579487
  7 243 1.639927
  8  64 1.701978
  8 141 1.764029
  8 213 1.822051
  9  42 1.890549
