  0  16 0.012894
  0  91 0.073333
  0 166 0.133773
  0 241 0.194212
  1  62 0.256264
  1 137 0.316703
  1 212 0.377143
  2  32 0.438388
  2 108 0.499634
  2 184 0.560879
  3   5 0.622930
  3  80 0.683370
  3 154 0.743004
  3 229 0.803443
  4  49 0.864689
  4 126 0.926740
  4 201 0.987179
  5  20 1.047619
  5  96 1.108864
  5 171 1.169304
  5 247 1.230549
  6  68 1.292601
  6 144 1.353846
  6 220 1.415092
  7  38 1.474725
  7 113 1.535165
  7 187 1.594799
  8   5 1.654432
  8  80 1.714872
  8 156 1.776117
  8 232 1.837363
