  0  22 0.017729
  0 105 0.084615
  0 179 0.144249
  1   3 0.208718
  1  79 0.269963
  1 156 0.332015
  1 235 0.395678
  2  50 0.452894
  2 127 0.514945
  2 205 0.577802
  3  26 0.639853
  3 104 0.702711
  3 182 0.765568
  4   5 0.829231
  4  85 0.893700
  4 164 0.957363
  4 237 1.016190
  5  60 1.079853
  5 137 1.141905
  5 216 1.205568
  6  36 1.266813
  6 114 1.329670
  6 190 1.390916
  7   2 1.445714
  7  89 1.515824
  7 166 1.577875
  7 243 1.639927
  8  69 1.706007
  8 141 1.764029
  8 219 1.826886
  9  45 1.892967
