  0  16 0.012894
  0  91 0.073333
  0 166 0.133773
  0 241 0.194212
  1  61 0.255458
  1 136 0.315897
  1 212 0.377143
  2  31 0.437582
  2 107 0.498828
  2 182 0.559267
  3   3 0.621319
  3  78 0.681758
  3 153 0.742198
  3 227 0.801832
  4  48 0.863883
  4 124 0.925128
  4 198 0.984762
  5  18 1.046007
  5  94 1.107253
  5 169 1.167692
  5 244 1.228132
  6  64 1.289377
  6 140 1.350623
  6 217 1.412674
  7  35 1.472308
  7 110 1.532747
  7 184 1.592381
  8   2 1.652015
  8  76 1.711648
  8 152 1.772894
  8 228 1.834139
