  0  16 0.012894
  0  91 0.073333
  0 166 0.133773
  0 241 0.194212
  1  62 0.256264
  1 137 0.316703
  1 213 0.377949
  2  31 0.437582
  2 107 0.498828
  2 183 0.560073
  3   3 0.621319
  3  79 0.682564
  3 153 0.742198
  3 228 0.802637
  4  49 0.864689
  4 125 0.925934
  4 199 0.985568
  5  19 1.046813
  5  94 1.107253
  5 169 1.167692
  5 244 1.228132
  6  65 1.290183
  6 140 1.350623
  6 217 1.412674
  7  36 1.473114
  7 111 1.533553
  7 184 1.592381
  8   3 1.652821
  8  77 1.712454
  8 153 1.773700
  8 228 1.834139
