  0  21 0.016923
  0  99 0.079780
  0 177 0.142637
  1   5 0.210330
  1  81 0.271575
  1 159 0.334432
  1 248 0.406154
  2  55 0.456923
  2 133 0.519780
  2 210 0.581832
  3  29 0.642271
  3 107 0.705128
  3 184 0.767179
  4   6 0.830037
  4  82 0.891282
  4 162 0.955751
  4 240 1.018608
  5  62 1.081465
  5 140 1.144322
  5 218 1.207179
  6  39 1.269231
  6 116 1.331282
  6 194 1.394139
  7  15 1.456190
  7  91 1.517436
  7 166 1.577875
  7 245 1.641538
  8  63 1.701172
  8 140 1.763223
  8 220 1.827692
  9  42 1.890549
