  0  20 0.016117
  0  94 0.075751
  0 175 0.141026
  0 254 0.204689
  1  75 0.266740
  1 153 0.329597
  1 234 0.394872
  2  51 0.453700
  2 128 0.515751
  2 206 0.578608
  3  27 0.640659
  3 106 0.704322
  3 180 0.763956
  4   4 0.828425
  4  80 0.889670
  4 161 0.954945
  4 240 1.018608
  5  63 1.082271
  5 138 1.142711
  5 219 1.207985
  6  38 1.268425
  6 116 1.331282
  6 192 1.392527
  7  14 1.455385
  7  90 1.516630
  7 168 1.579487
  7 242 1.639121
  8  60 1.698755
  8 139 1.762418
  8 221 1.828498
  9  40 1.888938
