  0  18 0.014505
  0  97 0.078168
  0 176 0.141832
  1   0 0.206300
  1  79 0.269963
  1 155 0.331209
  1 236 0.396484
  2  55 0.456923
  2 129 0.516557
  2 208 0.580220
  3  34 0.646300
  3 106 0.704322
  3 181 0.764762
  4   3 0.827619
  4  81 0.890476
  4 162 0.955751
  4 239 1.017802
  5  59 1.079048
  5 139 1.143516
  5 216 1.205568
  6  38 1.268425
  6 117 1.332088
  6 191 1.391722
  7  14 1.455385
  7  88 1.515018
  7 167 1.578681
  7 242 1.639121
  8  62 1.700366
  8 137 1.760806
  8 217 1.825275
  9  40 1.888938
