  0  17 0.013700
  0  91 0.073333
  0 167 0.134579
  0 242 0.195018
  1  63 0.257070
  1 139 0.318315
  1 214 0.378755
  2  34 0.440000
  2 109 0.500440
  2 185 0.561685
  3   5 0.622930
  3  80 0.683370
  3 156 0.744615
  3 230 0.804249
  4  50 0.865495
  4 126 0.926740
  4 201 0.987179
  5  21 1.048425
  5  97 1.109670
  5 173 1.170916
  5 249 1.232161
  6  69 1.293407
  6 145 1.354652
  6 221 1.415897
  7  39 1.475531
  7 113 1.535165
  7 187 1.594799
  8   5 1.654432
  8  80 1.714872
  8 156 1.776117
  8 232 1.837363
