  0  21 0.016923
  0 102 0.082198
  0 182 0.146667
  1   0 0.206300
  1  77 0.268352
  1 155 0.331209
  1 231 0.392454
  2  49 0.452088
  2 129 0.516557
  2 203 0.576190
  3  28 0.641465
  3 105 0.703516
  3 182 0.765568
  4   5 0.829231
  4  85 0.893700
  4 161 0.954945
  4 239 1.017802
  5  62 1.081465
  5 137 1.141905
  5 214 1.203956
  6  36 1.266813
  6 113 1.328864
  6 191 1.391722
  7  12 1.453773
  7  89 1.515824
  7 166 1.577875
  7 240 1.637509
  8  67 1.704396
  8 143 1.765641
  8 221 1.828498
  9  47 1.894579
