  0  24 0.019341
  0  98 0.078974
  0 174 0.140220
  1   0 0.206300
  1  78 0.269158
  1 155 0.331209
  1 230 0.391648
  2  55 0.456923
  2 131 0.518168
  2 207 0.579414
  3  31 0.643883
  3 108 0.705934
  3 184 0.767179
  4   7 0.830842
  4  81 0.890476
  4 161 0.954945
  4 238 1.016996
  5  61 1.080659
  5 137 1.141905
  5 216 1.205568
  6  39 1.269231
  6 118 1.332894
  6 196 1.395751
  7  14 1.455385
  7  92 1.518242
  7 167 1.578681
  7 245 1.641538
  8  63 1.701172
  8 139 1.762418
  8 217 1.825275
  9  41 1.889744
