  0  19 0.015311
  0  97 0.078168
  0 173 0.139414
  0 251 0.202271
  1  75 0.266740
  1 150 0.327179
  1 236 0.396484
  2  52 0.454505
  2 131 0.518168
  2 203 0.576190
  3  30 0.643077
  3 106 0.704322
  3 181 0.764762
  4   4 0.828425
  4  81 0.890476
  4 148 0.944469
  4 235 1.014579
  5  58 1.078242
  5 136 1.141099
  5 208 1.199121
  6  35 1.266007
  6 114 1.329670
  6 192 1.392527
  7  10 1.452161
  7  88 1.515018
  7 164 1.576264
  7 240 1.637509
  8  61 1.699560
  8 131 1.755971
  8 216 1.824469
  9  38 1.887326
