  0  23 0.018535
  0  98 0.078974
  0 178 0.143443
  0 254 0.204689
  1  77 0.268352
  1 153 0.329597
  1 232 0.393260
  2  54 0.456117
  2 132 0.518974
  2 213 0.584249
  3  29 0.642271
  3 105 0.703516
  3 188 0.770403
  4   4 0.828425
  4  83 0.892088
  4 162 0.955751
  4 238 1.016996
  5  60 1.079853
  5 139 1.143516
  5 215 1.204762
  6  31 1.262784
  6 119 1.333700
  6 193 1.393333
  7  17 1.457802
  7  92 1.518242
  7 168 1.579487
  7 244 1.640733
  8  65 1.702784
  8 141 1.764029
  8 217 1.825275
  9  36 1.885714
