  0  17 0.013700
  0  92 0.074139
  0 167 0.134579
  0 243 0.195824
  1  63 0.257070
  1 138 0.317509
  1 213 0.377949
  2  32 0.438388
  2 107 0.498828
  2 182 0.559267
  3   2 0.620513
  3  78 0.681758
  3 153 0.742198
  3 228 0.802637
  4  50 0.865495
  4 126 0.926740
  4 202 0.987985
  5  23 1.050037
  5  98 1.110476
  5 173 1.170916
  5 248 1.231355
  6  67 1.291795
  6 143 1.353040
  6 218 1.413480
  7  37 1.473919
  7 112 1.534359
  7 185 1.593187
  8   4 1.653626
  8  80 1.714872
  8 157 1.776923
  8 233 1.838168
