  0  24 0.019341
  0  30 0.024176
  0  38 0.030623
  0  45 0.036264
  0  53 0.042711
  0  61 0.049158
  0  69 0.055604
  0  76 0.061245
  0  86 0.069304
  0  93 0.074945
  0 101 0.081392
  0 109 0.087839
  0 117 0.094286
  0 124 0.099927
  0 132 0.106374
  0 140 0.112821
  0 148 0.119267
  0 156 0.125714
  0 165 0.132967
  0 173 0.139414
  0 180 0.145055
  0 187 0.150696
  0 195 0.157143
  0 203 0.163590
  0 210 0.169231
  0 218 0.175678
  0 227 0.182930
  0 235 0.189377
  0 243 0.195824
  0 251 0.202271
  1   3 0.208718
  1  11 0.215165
  1  18 0.220806
  1  26 0.227253
  1  33 0.232894
  1  41 0.239341
  1  50 0.246593
  1  58 0.253040
  1  66 0.259487
  1  74 0.265934
  1  82 0.272381
  1  89 0.278022
  1  97 0.284469
  1 105 0.290916
  1 113 0.297363
  1 121 0.303810
  1 129 0.310256
  1 137 0.316703
  1 145 0.323150
  1 153 0.329597
  1 161 0.336044
  1 168 0.341685
  1 176 0.348132
  1 184 0.354579
  1 192 0.361026
  1 199 0.366667
  1 207 0.373114
  1 216 0.380366
  1 224 0.386813
  1 232 0.393260
  1 239 0.398901
  1 247 0.405348
  2   0 0.412601
  2   8 0.419048
  2  15 0.424689
  2  23 0.431136
  2  31 0.437582
  2  39 0.444029
  2  47 0.450476
  2  55 0.456923
  2  63 0.463370
  2  70 0.469011
  2  78 0.475458
  2  86 0.481905
  2  93 0.487546
  2 101 0.493993
  2 109 0.500440
  2 118 0.507692
  2 126 0.514139
  2 133 0.519780
  2 141 0.526227
  2 149 0.532674
  2 156 0.538315
  2 164 0.544762
  2 172 0.551209
  2 180 0.557656
  2 188 0.564103
  2 197 0.571355
  2 205 0.577802
  2 212 0.583443
  2 220 0.589890
  2 224 0.593114
