  0  27 0.021758
  0  30 0.024176
  0  38 0.030623
  0  47 0.037875
  0  54 0.043516
  0  61 0.049158
  0  69 0.055604
  0  76 0.061245
  0  85 0.068498
  0  93 0.074945
  0 101 0.081392
  0 109 0.087839
  0 118 0.095092
  0 125 0.100733
  0 133 0.107179
  0 140 0.112821
  0 148 0.119267
  0 156 0.125714
  0 163 0.131355
  0 171 0.137802
  0 179 0.144249
  0 187 0.150696
  0 196 0.157949
  0 204 0.164396
  0 211 0.170037
  0 219 0.176484
  0 226 0.182125
  0 234 0.188571
  0 242 0.195018
  0 250 0.201465
  1   2 0.207912
  1  11 0.215165
  1  19 0.221612
  1  27 0.228059
  1  34 0.233700
  1  42 0.240147
  1  50 0.246593
  1  57 0.252234
  1  65 0.258681
  1  73 0.265128
  1  81 0.271575
  1  90 0.278828
  1  98 0.285275
  1 106 0.291722
  1 113 0.297363
  1 121 0.303810
  1 129 0.310256
  1 136 0.315897
  1 144 0.322344
  1 152 0.328791
  1 160 0.335238
  1 169 0.342491
  1 177 0.348938
  1 185 0.355385
  1 193 0.361832
  1 200 0.367473
  1 207 0.373114
  1 215 0.379560
  1 223 0.386007
  1 231 0.392454
  1 239 0.398901
  1 247 0.405348
  2   0 0.412601
  2   8 0.419048
  2  16 0.425495
  2  24 0.431941
  2  31 0.437582
  2  38 0.443223
  2  46 0.449670
  2  54 0.456117
  2  63 0.463370
  2  71 0.469817
  2  79 0.476264
  2  87 0.482711
  2  94 0.488352
  2 102 0.494799
  2 109 0.500440
  2 117 0.506886
  2 124 0.512527
  2 133 0.519780
  2 141 0.526227
  2 149 0.532674
  2 157 0.539121
  2 165 0.545568
  2 173 0.552015
  2 181 0.558462
  2 188 0.564103
  2 195 0.569744
  2 204 0.576996
  2 211 0.582637
  2 220 0.589890
  2 225 0.593919
