  0  28 0.022564
  0  30 0.024176
  0  38 0.030623
  0  46 0.037070
  0  54 0.043516
  0  61 0.049158
  0  69 0.055604
  0  76 0.061245
  0  85 0.068498
  0  93 0.074945
  0 101 0.081392
  0 109 0.087839
  0 117 0.094286
  0 124 0.099927
  0 132 0.106374
  0 140 0.112821
  0 148 0.119267
  0 156 0.125714
  0 164 0.132161
  0 172 0.138608
  0 180 0.145055
  0 187 0.150696
  0 195 0.157143
  0 203 0.163590
  0 211 0.170037
  0 218 0.175678
  0 226 0.182125
  0 234 0.188571
  0 243 0.195824
  0 251 0.202271
  1   3 0.208718
  1  11 0.215165
  1  18 0.220806
  1  26 0.227253
  1  34 0.233700
  1  41 0.239341
  1  49 0.245788
  1  57 0.252234
  1  65 0.258681
  1  74 0.265934
  1  82 0.272381
  1  90 0.278828
  1  98 0.285275
  1 105 0.290916
  1 113 0.297363
  1 121 0.303810
  1 129 0.310256
  1 137 0.316703
  1 144 0.322344
  1 153 0.329597
  1 161 0.336044
  1 169 0.342491
  1 176 0.348132
  1 184 0.354579
  1 192 0.361026
  1 200 0.367473
  1 207 0.373114
  1 215 0.379560
  1 223 0.386007
  1 232 0.393260
  1 240 0.399707
  1 248 0.406154
  2   0 0.412601
  2   7 0.418242
  2  15 0.424689
  2  23 0.431136
  2  31 0.437582
  2  38 0.443223
  2  48 0.451282
  2  55 0.456923
  2  63 0.463370
  2  71 0.469817
  2  78 0.475458
  2  86 0.481905
  2  94 0.488352
  2 101 0.493993
  2 109 0.500440
  2 117 0.506886
  2 125 0.513333
  2 134 0.520586
  2 141 0.526227
  2 149 0.532674
  2 157 0.539121
  2 164 0.544762
  2 172 0.551209
  2 180 0.557656
  2 188 0.564103
  2 196 0.570549
  2 204 0.576996
  2 213 0.584249
  2 220 0.589890
  2 224 0.593114
