  0  26 0.020952
  0  29 0.023370
  0  38 0.030623
  0  47 0.037875
  0  54 0.043516
  0  61 0.049158
  0  69 0.055604
  0  77 0.062051
  0  85 0.068498
  0  93 0.074945
  0 100 0.080586
  0 108 0.087033
  0 117 0.094286
  0 125 0.100733
  0 133 0.107179
  0 140 0.112821
  0 148 0.119267
  0 156 0.125714
  0 163 0.131355
  0 171 0.137802
  0 179 0.144249
  0 187 0.150696
  0 195 0.157143
  0 203 0.163590
  0 211 0.170037
  0 219 0.176484
  0 227 0.182930
  0 234 0.188571
  0 242 0.195018
  0 250 0.201465
  1   2 0.207912
  1  10 0.214359
  1  18 0.220806
  1  27 0.228059
  1  35 0.234505
  1  42 0.240147
  1  50 0.246593
  1  57 0.252234
  1  65 0.258681
  1  73 0.265128
  1  81 0.271575
  1  89 0.278022
  1  97 0.284469
  1 106 0.291722
  1 114 0.298168
  1 121 0.303810
  1 129 0.310256
  1 136 0.315897
  1 144 0.322344
  1 152 0.328791
  1 160 0.335238
  1 168 0.341685
  1 177 0.348938
  1 185 0.355385
  1 193 0.361832
  1 200 0.367473
  1 207 0.373114
  1 215 0.379560
  1 223 0.386007
  1 231 0.392454
  1 239 0.398901
  1 247 0.405348
  2   1 0.413407
  2   9 0.419853
  2  16 0.425495
  2  24 0.431941
  2  31 0.437582
  2  38 0.443223
  2  46 0.449670
  2  55 0.456923
  2  62 0.462564
  2  70 0.469011
  2  79 0.476264
  2  87 0.482711
  2  94 0.488352
  2 101 0.493993
  2 109 0.500440
  2 117 0.506886
  2 125 0.513333
  2 132 0.518974
  2 140 0.525421
  2 149 0.532674
  2 157 0.539121
  2 165 0.545568
  2 173 0.552015
  2 181 0.558462
  2 188 0.564103
  2 196 0.570549
  2 204 0.576996
  2 211 0.582637
  2 219 0.589084
  2 223 0.592308
