  0  27 0.021758
  0  29 0.023370
  0  38 0.030623
  0  46 0.037070
  0  54 0.043516
  0  62 0.049963
  0  69 0.055604
  0  77 0.062051
  0  85 0.068498
  0  92 0.074139
  0 100 0.080586
  0 109 0.087839
  0 116 0.093480
  0 125 0.100733
  0 133 0.107179
  0 141 0.113626
  0 148 0.119267
  0 156 0.125714
  0 163 0.131355
  0 171 0.137802
  0 179 0.144249
  0 187 0.150696
  0 195 0.157143
  0 204 0.164396
  0 212 0.170842
  0 219 0.176484
  0 226 0.182125
  0 234 0.188571
  0 242 0.195018
  0 250 0.201465
  1   1 0.207106
  1   9 0.213553
  1  18 0.220806
  1  27 0.228059
  1  35 0.234505
  1  42 0.240147
  1  50 0.246593
  1  57 0.252234
  1  65 0.258681
  1  73 0.265128
  1  81 0.271575
  1  89 0.278022
  1  98 0.285275
  1 106 0.291722
  1 113 0.297363
  1 121 0.303810
  1 129 0.310256
  1 136 0.315897
  1 144 0.322344
  1 152 0.328791
  1 160 0.335238
  1 169 0.342491
  1 177 0.348938
  1 184 0.354579
  1 192 0.361026
  1 200 0.367473
  1 207 0.373114
  1 215 0.379560
  1 223 0.386007
  1 231 0.392454
  1 239 0.398901
  1 247 0.405348
  2   0 0.412601
  2   9 0.419853
  2  16 0.425495
  2  23 0.431136
  2  31 0.437582
  2  39 0.444029
  2  46 0.449670
  2  54 0.456117
  2  63 0.463370
  2  71 0.469817
  2  79 0.476264
  2  86 0.481905
  2  94 0.488352
  2 102 0.494799
  2 109 0.500440
  2 116 0.506081
  2 125 0.513333
  2 133 0.519780
  2 141 0.526227
  2 149 0.532674
  2 157 0.539121
  2 165 0.545568
  2 173 0.552015
  2 180 0.557656
  2 188 0.564103
  2 196 0.570549
  2 204 0.576996
  2 211 0.582637
  2 220 0.589890
  2 224 0.593114
