  0  27 0.021758
  0  30 0.024176
  0  38 0.030623
  0  45 0.036264
  0  53 0.042711
  0  61 0.049158
  0  69 0.055604
  0  77 0.062051
  0  86 0.069304
  0  94 0.075751
  0 101 0.081392
  0 108 0.087033
  0 116 0.093480
  0 125 0.100733
  0 132 0.106374
  0 140 0.112821
  0 148 0.119267
  0 156 0.125714
  0 164 0.132161
  0 172 0.138608
  0 179 0.144249
  0 187 0.150696
  0 195 0.157143
  0 202 0.162784
  0 211 0.170037
  0 218 0.175678
  0 227 0.182930
  0 235 0.189377
  0 243 0.195824
  0 251 0.202271
  1   3 0.208718
  1  10 0.214359
  1  18 0.220806
  1  25 0.226447
  1  33 0.232894
  1  41 0.239341
  1  50 0.246593
  1  58 0.253040
  1  66 0.259487
  1  74 0.265934
  1  82 0.272381
  1  89 0.278022
  1  97 0.284469
  1 105 0.290916
  1 112 0.296557
  1 120 0.303004
  1 129 0.310256
  1 137 0.316703
  1 145 0.323150
  1 153 0.329597
  1 160 0.335238
  1 168 0.341685
  1 176 0.348132
  1 183 0.353773
  1 191 0.360220
  1 200 0.367473
  1 208 0.373919
  1 216 0.380366
  1 224 0.386813
  1 231 0.392454
  1 240 0.399707
  1 247 0.405348
  1 254 0.410989
  2   7 0.418242
  2  15 0.424689
  2  23 0.431136
  2  31 0.437582
  2  40 0.444835
  2  48 0.451282
  2  55 0.456923
  2  62 0.462564
  2  70 0.469011
  2  78 0.475458
  2  86 0.481905
  2  93 0.487546
  2 102 0.494799
  2 110 0.501245
  2 118 0.507692
  2 126 0.514139
  2 133 0.519780
  2 141 0.526227
  2 149 0.532674
  2 156 0.538315
  2 164 0.544762
  2 172 0.551209
  2 180 0.557656
  2 189 0.564908
  2 197 0.571355
  2 204 0.576996
  2 212 0.583443
  2 219 0.589084
  2 224 0.593114
