  0  27 0.021758
  0  31 0.024982
  0  38 0.030623
  0  46 0.037070
  0  53 0.042711
  0  61 0.049158
  0  69 0.055604
  0  76 0.061245
  0  84 0.067692
  0  93 0.074945
  0 101 0.081392
  0 110 0.088645
  0 118 0.095092
  0 125 0.100733
  0 133 0.107179
  0 140 0.112821
  0 147 0.118462
  0 156 0.125714
  0 164 0.132161
  0 171 0.137802
  0 180 0.145055
  0 188 0.151502
  0 196 0.157949
  0 203 0.163590
  0 210 0.169231
  0 219 0.176484
  0 226 0.182125
  0 234 0.188571
  0 242 0.195018
  0 250 0.201465
  1   3 0.208718
  1  11 0.215165
  1  19 0.221612
  1  26 0.227253
  1  34 0.233700
  1  42 0.240147
  1  49 0.245788
  1  57 0.252234
  1  65 0.258681
  1  73 0.265128
  1  82 0.272381
  1  90 0.278828
  1  98 0.285275
  1 105 0.290916
  1 113 0.297363
  1 121 0.303810
  1 128 0.309451
  1 136 0.315897
  1 144 0.322344
  1 152 0.328791
  1 161 0.336044
  1 169 0.342491
  1 177 0.348938
  1 184 0.354579
  1 192 0.361026
  1 199 0.366667
  1 207 0.373114
  1 215 0.379560
  1 223 0.386007
  1 231 0.392454
  1 240 0.399707
  1 247 0.405348
  2   0 0.412601
  2   8 0.419048
  2  16 0.425495
  2  23 0.431136
  2  31 0.437582
  2  38 0.443223
  2  47 0.450476
  2  55 0.456923
  2  64 0.464176
  2  71 0.469817
  2  78 0.475458
  2  86 0.481905
  2  93 0.487546
  2 101 0.493993
  2 109 0.500440
  2 117 0.506886
  2 125 0.513333
  2 133 0.519780
  2 141 0.526227
  2 149 0.532674
  2 157 0.539121
  2 164 0.544762
  2 172 0.551209
  2 180 0.557656
  2 188 0.564103
  2 196 0.570549
  2 204 0.576996
  2 212 0.583443
  2 220 0.589890
  2 224 0.593114
