  0  27 0.021758
  0  30 0.024176
  0  39 0.031429
  0  46 0.037070
  0  53 0.042711
  0  61 0.049158
  0  69 0.055604
  0  77 0.062051
  0  85 0.068498
  0  92 0.074139
  0 100 0.080586
  0 109 0.087839
  0 117 0.094286
  0 125 0.100733
  0 133 0.107179
  0 141 0.113626
  0 148 0.119267
  0 156 0.125714
  0 163 0.131355
  0 171 0.137802
  0 179 0.144249
  0 187 0.150696
  0 196 0.157949
  0 204 0.164396
  0 211 0.170037
  0 219 0.176484
  0 227 0.182930
  0 234 0.188571
  0 242 0.195018
  0 250 0.201465
  1   3 0.208718
  1  10 0.214359
  1  19 0.221612
  1  27 0.228059
  1  35 0.234505
  1  42 0.240147
  1  50 0.246593
  1  57 0.252234
  1  65 0.258681
  1  73 0.265128
  1  81 0.271575
  1  89 0.278022
  1  98 0.285275
  1 106 0.291722
  1 114 0.298168
  1 121 0.303810
  1 128 0.309451
  1 137 0.316703
  1 145 0.323150
  1 152 0.328791
  1 160 0.335238
  1 168 0.341685
  1 177 0.348938
  1 184 0.354579
  1 192 0.361026
  1 201 0.368278
  1 207 0.373114
  1 215 0.379560
  1 223 0.386007
  1 230 0.391648
  1 239 0.398901
  1 246 0.404542
  2   0 0.412601
  2   8 0.419048
  2  17 0.426300
  2  24 0.431941
  2  31 0.437582
  2  38 0.443223
  2  47 0.450476
  2  54 0.456117
  2  62 0.462564
  2  69 0.468205
  2  78 0.475458
  2  86 0.481905
  2  94 0.488352
  2 103 0.495604
  2 109 0.500440
  2 118 0.507692
  2 125 0.513333
  2 132 0.518974
  2 141 0.526227
  2 148 0.531868
  2 156 0.538315
  2 165 0.545568
  2 173 0.552015
  2 181 0.558462
  2 189 0.564908
  2 196 0.570549
  2 204 0.576996
  2 212 0.583443
  2 219 0.589084
  2 224 0.593114
