  0  16 0.012894
  0 134 0.107985
  1   1 0.207106
  1 125 0.307033
  1 251 0.408571
  2 119 0.508498
  2 243 0.608425
  3 110 0.707546
  3 234 0.807473
  4 102 0.907399
  4 226 1.007326
  5  95 1.108059
  5 219 1.207985
  6  89 1.309524
  6 214 1.410256
  7  84 1.511795
  7 208 1.611722
  8  77 1.712454
  8 201 1.812381
  9  68 1.911502
  9 192 2.011429
 10  61 2.112161
 10 185 2.212088
 11  55 2.313626
 11 179 2.413553
 12  47 2.513480
 12 171 2.613407
 13  37 2.711722
 13 160 2.810842
 14  28 2.910769
 14 152 3.010696
