  0   0 0.000000
  0  59 0.047546
  0 120 0.096703
  0 178 0.143443
  0 241 0.194212
  1  46 0.243370
  1 105 0.290916
  1 161 0.336044
  1 222 0.385201
  2  24 0.431941
  2  82 0.478681
  2 139 0.524615
  2 198 0.572161
  2 254 0.617289
  3  59 0.666447
  3 120 0.715604
  3 182 0.765568
  3 244 0.815531
  4  51 0.866300
  4 111 0.914652
  4 175 0.966227
  4 237 1.016190
  5  41 1.064542
  5 104 1.115311
  5 165 1.164469
  5 226 1.213626
  6  33 1.264396
  6  95 1.314359
  6 157 1.364322
  6 217 1.412674
  7  27 1.465861
