  0   0 0.000000
  0  59 0.047546
  0 117 0.094286
  0 173 0.139414
  0 235 0.189377
  1  39 0.237729
  1  98 0.285275
  1 157 0.332821
  1 220 0.383590
  2  21 0.429524
  2  82 0.478681
  2 147 0.531062
  2 204 0.576996
  3   8 0.625348
  3  72 0.676923
  3 133 0.726081
  3 191 0.772821
  3 254 0.823590
  4  61 0.874359
  4 122 0.923516
  4 183 0.972674
  4 246 1.023443
  5  52 1.073407
  5 113 1.122564
  5 176 1.173333
  5 228 1.215238
  6  27 1.259560
  6  79 1.301465
  6 130 1.342564
  6 188 1.389304
  6 241 1.432015
