  0   0 0.000000
  0  59 0.047546
  0 117 0.094286
  0 180 0.145055
  0 238 0.191795
  1  40 0.238535
  1 101 0.287692
  1 156 0.332015
  1 215 0.379560
  2  17 0.426300
  2  80 0.477070
  2 138 0.523810
  2 199 0.572967
  3   3 0.621319
  3  67 0.672894
  3 127 0.721245
  3 190 0.772015
  3 249 0.819560
  4  56 0.870330
  4 118 0.920293
  4 179 0.969451
  4 242 1.020220
  5  45 1.067766
  5 109 1.119341
  5 168 1.166886
  5 231 1.217656
  6  37 1.267619
  6  99 1.317582
  6 161 1.367546
  6 222 1.416703
  7  27 1.465861
