  0   0 0.000000
  0  57 0.045934
  0 118 0.095092
  0 178 0.143443
  0 237 0.190989
  1  41 0.239341
  1 101 0.287692
  1 160 0.335238
  1 220 0.383590
  2  25 0.432747
  2  86 0.481905
  2 148 0.531868
  2 208 0.580220
  3  13 0.629377
  3  75 0.679341
  3 137 0.729304
  3 197 0.777656
  4   5 0.829231
  4  65 0.877582
  4 127 0.927546
  4 187 0.975897
  4 246 1.023443
  5  43 1.066154
  5 101 1.112894
  5 155 1.156410
  5 210 1.200733
  6  10 1.245861
  6  64 1.289377
  6 119 1.333700
  6 185 1.386886
  6 248 1.437656
