  0   2 0.001612
  0  62 0.049963
  0 118 0.095092
  0 177 0.142637
  0 242 0.195018
  1  44 0.241758
  1 102 0.288498
  1 164 0.338462
  1 222 0.385201
  2  30 0.436777
  2  90 0.485128
  2 152 0.535092
  2 214 0.585055
  3  19 0.634212
  3  80 0.683370
  3 139 0.730916
  3 195 0.776044
  3 254 0.823590
  4  50 0.865495
  4 107 0.911429
  4 166 0.958974
  4 222 1.004103
  5  24 1.050842
  5  87 1.101612
  5 150 1.152381
  5 212 1.202344
  6  19 1.253114
  6  80 1.302271
  6 142 1.352234
  6 204 1.402198
  7  10 1.452161
