  0   0 0.000000
  0  59 0.047546
  0 121 0.097509
  0 180 0.145055
  0 239 0.192601
  1  46 0.243370
  1 105 0.290916
  1 163 0.337656
  1 226 0.388425
  2  31 0.437582
  2  91 0.485934
  2 155 0.537509
  2 212 0.583443
  3  14 0.630183
  3  73 0.677729
  3 130 0.723663
  3 185 0.767985
  3 243 0.814725
  4  44 0.860659
  4 101 0.906593
  4 163 0.956557
  4 227 1.008132
  5  33 1.058095
  5  96 1.108864
  5 159 1.159634
  5 221 1.209597
  6  27 1.259560
  6  89 1.309524
  6 150 1.358681
  6 212 1.408645
  7  19 1.459414
