  0   0 0.000000
  0  59 0.047546
  0 120 0.096703
  0 180 0.145055
  0 242 0.195018
  1  47 0.244176
  1 104 0.290110
  1 162 0.336850
  1 223 0.386007
  2  24 0.431941
  2  80 0.477070
  2 141 0.526227
  2 198 0.572161
  3   1 0.619707
  3  62 0.668864
  3 124 0.718828
  3 184 0.767179
  3 247 0.817949
  4  53 0.867912
  4 114 0.917070
  4 177 0.967839
  4 238 1.016996
  5  46 1.068571
  5 107 1.117729
  5 170 1.168498
  5 231 1.217656
  6  36 1.266813
  6  98 1.316777
  6 157 1.364322
  6 220 1.415092
  7  27 1.465861
