  0   0 0.000000
  0  57 0.045934
  0 116 0.093480
  0 177 0.142637
  0 239 0.192601
  1  41 0.239341
  1 100 0.286886
  1 163 0.337656
  1 221 0.384396
  2  25 0.432747
  2  89 0.484322
  2 148 0.531868
  2 211 0.582637
  3  15 0.630989
  3  77 0.680952
  3 141 0.732527
  3 197 0.777656
  4   7 0.830842
  4  69 0.880806
  4 129 0.929158
  4 188 0.976703
  4 253 1.029084
  5  54 1.075018
  5 106 1.116923
  5 164 1.163663
  5 218 1.207179
  6  17 1.251502
  6  73 1.296630
  6 124 1.337729
  6 183 1.385275
  6 251 1.440073
