  0   0 0.000000
  0  60 0.048352
  0 121 0.097509
  0 180 0.145055
  0 239 0.192601
  1  47 0.244176
  1 105 0.290916
  1 163 0.337656
  1 223 0.386007
  2  27 0.434359
  2  85 0.481099
  2 142 0.527033
  2 200 0.573773
  3   1 0.619707
  3  59 0.666447
  3 117 0.713187
  3 176 0.760733
  3 242 0.813919
  4  49 0.864689
  4 106 0.910623
  4 168 0.960586
  4 231 1.011355
  5  38 1.062125
  5  97 1.109670
  5 162 1.162051
  5 223 1.211209
  6  29 1.261172
  6  91 1.311136
  6 152 1.360293
  6 213 1.409451
  7  22 1.461832
