  0   0 0.000000
  0  59 0.047546
  0 115 0.092674
  0 177 0.142637
  0 236 0.190183
  1  41 0.239341
  1 101 0.287692
  1 161 0.336044
  1 221 0.384396
  2  25 0.432747
  2  87 0.482711
  2 150 0.533480
  2 211 0.582637
  3  16 0.631795
  3  76 0.680147
  3 138 0.730110
  3 200 0.780073
  4   6 0.830037
  4  68 0.880000
  4 130 0.929963
  4 185 0.974286
  4 240 1.018608
  5  40 1.063736
  5  96 1.108864
  5 152 1.153993
  5 208 1.199121
  6   5 1.241832
  6  64 1.289377
  6 129 1.341758
  6 190 1.390916
  6 253 1.441685
