  0   2 0.001612
  0  59 0.047546
  0 117 0.094286
  0 175 0.141026
  0 233 0.187766
  1  39 0.237729
  1  97 0.284469
  1 157 0.332821
  1 217 0.381172
  2  23 0.431136
  2  83 0.479487
  2 144 0.528645
  2 207 0.579414
  3  10 0.626960
  3  72 0.676923
  3 133 0.726081
  3 196 0.776850
  4   2 0.826813
  4  61 0.874359
  4 125 0.925934
  4 185 0.974286
  4 248 1.025055
  5  54 1.075018
  5 116 1.124982
  5 179 1.175751
  5 239 1.224103
  6  35 1.266007
  6  93 1.312747
  6 146 1.355458
  6 198 1.397363
  6 254 1.442491
