  0   0 0.000000
  0  60 0.048352
  0 117 0.094286
  0 175 0.141026
  0 238 0.191795
  1  44 0.241758
  1 103 0.289304
  1 160 0.335238
  1 224 0.386813
  2  28 0.435165
  2  88 0.483516
  2 149 0.532674
  2 211 0.582637
  3  17 0.632601
  3  80 0.683370
  3 139 0.730916
  3 203 0.782491
  4  11 0.834066
  4  65 0.877582
  4 117 0.919487
  4 175 0.966227
  4 229 1.009744
  5  30 1.055678
  5  87 1.101612
  5 141 1.145128
  5 202 1.194286
  6  11 1.246667
  6  75 1.298242
  6 136 1.347399
  6 200 1.398974
  7   8 1.450549
