  0   2 0.001612
  0  57 0.045934
  0 115 0.092674
  0 181 0.145861
  0 239 0.192601
  1  42 0.240147
  1 104 0.290110
  1 162 0.336850
  1 221 0.384396
  2  26 0.433553
  2  89 0.484322
  2 151 0.534286
  2 207 0.579414
  3  19 0.634212
  3  80 0.683370
  3 140 0.731722
  3 200 0.780073
  4   6 0.830037
  4  60 0.873553
  4 117 0.919487
  4 171 0.963004
  4 226 1.007326
  5  28 1.054066
  5  83 1.098388
  5 137 1.141905
  5 204 1.195897
  6   9 1.245055
  6  70 1.294212
  6 133 1.344982
  6 197 1.396557
  7   2 1.445714
