  0   0 0.000000
  0  58 0.046740
  0 115 0.092674
  0 176 0.141832
  0 240 0.193407
  1  41 0.239341
  1 101 0.287692
  1 162 0.336850
  1 222 0.385201
  2  26 0.433553
  2  88 0.483516
  2 148 0.531868
  2 208 0.580220
  3  17 0.632601
  3  73 0.677729
  3 136 0.728498
  3 199 0.779267
  4   6 0.830037
  4  62 0.875165
  4 118 0.920293
  4 173 0.964615
  4 229 1.009744
  5  29 1.054872
  5  84 1.099194
  5 137 1.141905
  5 196 1.189451
  6   5 1.241832
  6  66 1.290989
  6 128 1.340952
  6 190 1.390916
  7   0 1.444103
