  0   0 0.000000
  0  60 0.048352
  0 118 0.095092
  0 174 0.140220
  0 235 0.189377
  1  40 0.238535
  1 100 0.286886
  1 157 0.332821
  1 219 0.382784
  2  23 0.431136
  2  83 0.479487
  2 146 0.530256
  2 206 0.578608
  3  11 0.627766
  3  77 0.680952
  3 136 0.728498
  3 195 0.776044
  4   1 0.826007
  4  66 0.878388
  4 124 0.925128
  4 186 0.975092
  4 247 1.024249
  5  53 1.074212
  5 118 1.126593
  5 178 1.174945
  5 230 1.216850
  6  30 1.261978
  6  85 1.306300
  6 137 1.348205
  6 190 1.390916
  6 245 1.435238
