  0   0 0.000000
  0  59 0.047546
  0 118 0.095092
  0 177 0.142637
  0 240 0.193407
  1  44 0.241758
  1 103 0.289304
  1 159 0.334432
  1 217 0.381172
  2  19 0.427912
  2  78 0.475458
  2 136 0.522198
  2 192 0.567326
  2 253 0.616484
  3  59 0.666447
  3 123 0.718022
  3 182 0.765568
  3 245 0.816337
  4  51 0.866300
  4 112 0.915458
  4 174 0.965421
  4 234 1.013773
  5  41 1.064542
  5 102 1.113700
  5 164 1.163663
  5 225 1.212821
  6  32 1.263590
  6  92 1.311941
  6 153 1.361099
  6 217 1.412674
  7  23 1.462637
