  0   0 0.000000
  0  60 0.048352
  0 118 0.095092
  0 179 0.144249
  0 240 0.193407
  1  43 0.240952
  1 103 0.289304
  1 163 0.337656
  1 222 0.385201
  2  32 0.438388
  2  86 0.481905
  2 148 0.531868
  2 211 0.582637
  3  16 0.631795
  3  77 0.680952
  3 138 0.730110
  3 193 0.774432
  3 250 0.820366
  4  52 0.867106
  4 106 0.910623
  4 164 0.957363
  4 219 1.001685
  5  14 1.042784
  5  84 1.099194
  5 145 1.148352
  5 206 1.197509
  6  13 1.248278
  6  76 1.299048
  6 141 1.351429
  6 200 1.398974
  7   7 1.449744
