  0   0 0.000000
  0  60 0.048352
  0 117 0.094286
  0 177 0.142637
  0 236 0.190183
  1  38 0.236923
  1  98 0.285275
  1 157 0.332821
  1 216 0.380366
  2  21 0.429524
  2  83 0.479487
  2 143 0.527839
  2 204 0.576996
  3  12 0.628571
  3  73 0.677729
  3 135 0.727692
  3 195 0.776044
  4   1 0.826007
  4  63 0.875971
  4 125 0.925934
  4 185 0.974286
  4 246 1.023443
  5  53 1.074212
  5 116 1.124982
  5 177 1.174139
  5 241 1.225714
  6  46 1.274872
  6 102 1.320000
  6 156 1.363516
  6 208 1.405421
  7   4 1.447326
