  0   0 0.000000
  0  59 0.047546
  0 118 0.095092
  0 179 0.144249
  0 237 0.190989
  1  42 0.240147
  1  98 0.285275
  1 154 0.330403
  1 211 0.376337
  2  18 0.427106
  2  77 0.474652
  2 141 0.526227
  2 199 0.572967
  3   4 0.622125
  3  66 0.672088
  3 128 0.722051
  3 188 0.770403
  3 251 0.821172
  4  57 0.871136
  4 116 0.918681
  4 181 0.971062
  4 240 1.018608
  5  46 1.068571
  5 112 1.121758
  5 171 1.169304
  5 231 1.217656
  6  38 1.268425
  6  99 1.317582
  6 162 1.368352
  6 221 1.415897
  7  28 1.466667
