  0   0 0.000000
  0  56 0.045128
  0 119 0.095897
  0 181 0.145861
  0 241 0.194212
  1  45 0.242564
  1 106 0.291722
  1 164 0.338462
  1 222 0.385201
  2  26 0.433553
  2  84 0.480293
  2 144 0.528645
  2 199 0.572967
  3   0 0.618901
  3  57 0.664835
  3 123 0.718022
  3 182 0.765568
  3 242 0.813919
  4  52 0.867106
  4 113 0.916264
  4 175 0.966227
  4 237 1.016190
  5  44 1.066960
  5 106 1.116923
  5 168 1.166886
  5 226 1.213626
  6  35 1.266007
  6  97 1.315971
  6 158 1.365128
  6 216 1.411868
  7  26 1.465055
