  0   0 0.000000
  0  66 0.053187
  0 134 0.107985
  0 201 0.161978
  1  15 0.218388
  1  80 0.270769
  1 149 0.326374
  1 214 0.378755
  2  26 0.433553
  2  95 0.489158
  2 163 0.543956
  2 231 0.598755
  3  43 0.653553
  3 110 0.707546
  3 178 0.762344
  3 247 0.817949
  4  58 0.871941
  4 125 0.925934
  4 194 0.981538
  5   6 1.036337
  5  73 1.090330
  5 142 1.145934
  5 208 1.199121
  6  22 1.255531
  6  90 1.310330
  6 157 1.364322
  6 224 1.418315
  7  35 1.472308
  7 103 1.527106
  7 169 1.580293
  7 236 1.634286
