  0   0 0.000000
  0  66 0.053187
  0 133 0.107179
  0 203 0.163590
  1  15 0.218388
  1  82 0.272381
  1 148 0.325568
  1 215 0.379560
  2  27 0.434359
  2  93 0.487546
  2 161 0.542344
  2 229 0.597143
  3  41 0.651941
  3 109 0.706740
  3 178 0.762344
  3 246 0.817143
  4  57 0.871136
  4 126 0.926740
  4 194 0.981538
  5   6 1.036337
  5  73 1.090330
  5 140 1.144322
  5 208 1.199121
  6  21 1.254725
  6  88 1.308718
  6 157 1.364322
  6 224 1.418315
  7  34 1.471502
  7 102 1.526300
  7 169 1.580293
  7 235 1.633480
