  0   0 0.000000
  0  66 0.053187
  0 130 0.104762
  0 196 0.157949
  1  13 0.216777
  1  75 0.266740
  1 141 0.319927
  1 205 0.371502
  2  20 0.428718
  2  84 0.480293
  2 149 0.532674
  2 218 0.588278
  3  28 0.641465
  3  96 0.696264
  3 162 0.749451
  3 230 0.804249
  4  42 0.859048
  4 110 0.913846
  4 176 0.967033
  4 239 1.017802
  5  56 1.076630
  5 121 1.129011
  5 187 1.182198
  5 251 1.233773
  6  64 1.289377
  6 131 1.343370
  6 200 1.398974
  7   7 1.449744
  7  75 1.504542
  7 142 1.558535
  7 209 1.612527
