  0   1 0.000806
  0  65 0.052381
  0 135 0.108791
  0 204 0.164396
  1  13 0.216777
  1  80 0.270769
  1 150 0.327179
  1 215 0.379560
  2  27 0.434359
  2  93 0.487546
  2 162 0.543150
  2 229 0.597143
  3  46 0.655971
  3 109 0.706740
  3 177 0.761538
  3 245 0.816337
  4  61 0.874359
  4 125 0.925934
  4 193 0.980733
  5   4 1.034725
  5  72 1.089524
  5 141 1.145128
  5 210 1.200733
  6  22 1.255531
  6  90 1.310330
  6 158 1.365128
  6 225 1.419121
  7  33 1.470696
  7 101 1.525495
  7 172 1.582711
  7 236 1.634286
