  0   1 0.000806
  0  68 0.054799
  0 134 0.107985
  0 203 0.163590
  1  13 0.216777
  1  82 0.272381
  1 149 0.326374
  1 215 0.379560
  2  26 0.433553
  2  95 0.489158
  2 164 0.544762
  2 231 0.598755
  3  43 0.653553
  3 110 0.707546
  3 178 0.762344
  3 245 0.816337
  4  58 0.871941
  4 125 0.925934
  4 193 0.980733
  5   6 1.036337
  5  74 1.091136
  5 141 1.145128
  5 210 1.200733
  6  23 1.256337
  6  90 1.310330
  6 157 1.364322
  6 225 1.419121
  7  35 1.472308
  7 101 1.525495
  7 169 1.580293
  7 236 1.634286
