  0   0 0.000000
  0  66 0.053187
  0 130 0.104762
  0 199 0.160366
  1   9 0.213553
  1  75 0.266740
  1 140 0.319121
  1 206 0.372308
  2  18 0.427106
  2  85 0.481099
  2 153 0.535897
  2 216 0.586667
  3  32 0.644689
  3  97 0.697070
  3 163 0.750256
  3 228 0.802637
  4  44 0.860659
  4 109 0.913040
  4 176 0.967033
  4 242 1.020220
  5  54 1.075018
  5 120 1.128205
  5 189 1.183810
  6   1 1.238608
  6  66 1.290989
  6 133 1.344982
  6 200 1.398974
  7  12 1.453773
  7  73 1.502930
  7 140 1.556923
  7 208 1.611722
