  0   0 0.000000
  0  66 0.053187
  0 131 0.105568
  0 199 0.160366
  1  12 0.215971
  1  77 0.268352
  1 142 0.320733
  1 207 0.373114
  2  17 0.426300
  2  85 0.481099
  2 152 0.535092
  2 218 0.588278
  3  30 0.643077
  3  96 0.696264
  3 164 0.751062
  3 233 0.806667
  4  43 0.859853
  4 107 0.911429
  4 177 0.967839
  4 243 1.021026
  5  53 1.074212
  5 122 1.129817
  5 188 1.183004
  6   0 1.237802
  6  68 1.292601
  6 134 1.345788
  6 201 1.399780
  7  11 1.452967
  7  78 1.506960
  7 143 1.559341
  7 209 1.612527
