  0   0 0.000000
  0  63 0.050769
  0 132 0.106374
  0 198 0.159560
  1  11 0.215165
  1  76 0.267546
  1 142 0.320733
  1 208 0.373919
  2  20 0.428718
  2  87 0.482711
  2 153 0.535897
  2 220 0.589890
  3  30 0.643077
  3  98 0.697875
  3 167 0.753480
  3 233 0.806667
  4  44 0.860659
  4 111 0.914652
  4 181 0.971062
  4 249 1.025861
  5  57 1.077436
  5 125 1.132234
  5 191 1.185421
  6   5 1.241832
  6  71 1.295018
  6 138 1.349011
  6 203 1.401392
  7  15 1.456190
  7  82 1.510183
  7 149 1.564176
  7 217 1.618974
