  0   0 0.000000
  0  65 0.052381
  0 132 0.106374
  0 198 0.159560
  1  10 0.214359
  1  75 0.266740
  1 141 0.319927
  1 206 0.372308
  2  18 0.427106
  2  84 0.480293
  2 152 0.535092
  2 218 0.588278
  3  29 0.642271
  3  96 0.696264
  3 165 0.751868
  3 232 0.805861
  4  43 0.859853
  4 110 0.913846
  4 176 0.967033
  4 243 1.021026
  5  54 1.075018
  5 121 1.129011
  5 188 1.183004
  6   2 1.239414
  6  65 1.290183
  6 135 1.346593
  6 201 1.399780
  7   9 1.451355
  7  78 1.506960
  7 142 1.558535
  7 208 1.611722
