  0   0 0.000000
  0  64 0.051575
  0 131 0.105568
  0 199 0.160366
  1   8 0.212747
  1  76 0.267546
  1 143 0.321538
  1 206 0.372308
  2  19 0.427912
  2  84 0.480293
  2 151 0.534286
  2 219 0.589084
  3  29 0.642271
  3  94 0.694652
  3 162 0.749451
  3 232 0.805861
  4  41 0.858242
  4 111 0.914652
  4 177 0.967839
  4 243 1.021026
  5  53 1.074212
  5 121 1.129011
  5 188 1.183004
  5 254 1.236190
  6  66 1.290989
  6 132 1.344176
  6 200 1.398974
  7  11 1.452967
  7  75 1.504542
  7 143 1.559341
  7 210 1.613333
