  0   1 0.000806
  0  64 0.051575
  0 132 0.106374
  0 197 0.158755
  1  10 0.214359
  1  77 0.268352
  1 143 0.321538
  1 208 0.373919
  2  20 0.428718
  2  86 0.481905
  2 154 0.536703
  2 221 0.590696
  3  29 0.642271
  3  96 0.696264
  3 163 0.750256
  3 231 0.805055
  4  44 0.860659
  4 111 0.914652
  4 176 0.967033
  4 245 1.022637
  5  54 1.075018
  5 122 1.129817
  5 190 1.184615
  6   2 1.239414
  6  68 1.292601
  6 135 1.346593
  6 200 1.398974
  7  11 1.452967
  7  77 1.506154
  7 144 1.560147
  7 212 1.614945
