  0   0 0.000000
  0  65 0.052381
  0 132 0.106374
  0 198 0.159560
  1   9 0.213553
  1  76 0.267546
  1 143 0.321538
  1 207 0.373114
  2  17 0.426300
  2  87 0.482711
  2 155 0.537509
  2 221 0.590696
  3  30 0.643077
  3 100 0.699487
  3 167 0.753480
  3 235 0.808278
  4  45 0.861465
  4 112 0.915458
  4 178 0.968645
  4 247 1.024249
  5  59 1.079048
  5 124 1.131429
  5 192 1.186227
  6   4 1.241026
  6  73 1.296630
  6 139 1.349817
  6 203 1.401392
  7  13 1.454579
  7  81 1.509377
  7 150 1.564982
  7 212 1.614945
