  0   0 0.000000
  0  66 0.053187
  0 132 0.106374
  0 197 0.158755
  1  10 0.214359
  1  77 0.268352
  1 141 0.319927
  1 206 0.372308
  2  18 0.427106
  2  84 0.480293
  2 151 0.534286
  2 219 0.589084
  3  31 0.643883
  3  95 0.695458
  3 164 0.751062
  3 232 0.805861
  4  41 0.858242
  4 110 0.913846
  4 177 0.967839
  4 241 1.019414
  5  55 1.075824
  5 118 1.126593
  5 186 1.181392
  6   0 1.237802
  6  64 1.289377
  6 133 1.344982
  6 199 1.398168
  7  11 1.452967
  7  75 1.504542
  7 142 1.558535
  7 208 1.611722
