  0   0 0.000000
  0  66 0.053187
  0 130 0.104762
  0 198 0.159560
  1   9 0.213553
  1  73 0.265128
  1 143 0.321538
  1 209 0.374725
  2  16 0.425495
  2  86 0.481905
  2 154 0.536703
  2 219 0.589084
  3  29 0.642271
  3  96 0.696264
  3 162 0.749451
  3 230 0.804249
  4  41 0.858242
  4 109 0.913040
  4 175 0.966227
  4 241 1.019414
  5  57 1.077436
  5 119 1.127399
  5 188 1.183004
  6   0 1.237802
  6  65 1.290183
  6 133 1.344982
  6 197 1.396557
  7  10 1.452161
  7  76 1.505348
  7 144 1.560147
  7 207 1.610916
