  0   0 0.000000
  0  66 0.053187
  0 131 0.105568
  0 196 0.157949
  1  10 0.214359
  1  76 0.267546
  1 142 0.320733
  1 209 0.374725
  2  22 0.430330
  2  86 0.481905
  2 155 0.537509
  2 222 0.591502
  3  32 0.644689
  3 100 0.699487
  3 166 0.752674
  3 235 0.808278
  4  45 0.861465
  4 113 0.916264
  4 182 0.971868
  4 247 1.024249
  5  61 1.080659
  5 127 1.133846
  5 193 1.187033
  6   6 1.242637
  6  72 1.295824
  6 139 1.349817
  6 205 1.403004
  7  16 1.456996
  7  81 1.509377
  7 149 1.564176
  7 217 1.618974
