  0   0 0.000000
  0  66 0.053187
  0 132 0.106374
  0 198 0.159560
  1  10 0.214359
  1  77 0.268352
  1 143 0.321538
  1 209 0.374725
  2  22 0.430330
  2  86 0.481905
  2 156 0.538315
  2 222 0.591502
  3  31 0.643883
  3 100 0.699487
  3 166 0.752674
  3 235 0.808278
  4  45 0.861465
  4 114 0.917070
  4 178 0.968645
  4 247 1.024249
  5  58 1.078242
  5 125 1.132234
  5 193 1.187033
  6   5 1.241832
  6  71 1.295018
  6 139 1.349817
  6 205 1.403004
  7  16 1.456996
  7  82 1.510183
  7 149 1.564176
  7 215 1.617363
