  0   0 0.000000
  0  66 0.053187
  0 131 0.105568
  0 198 0.159560
  1   9 0.213553
  1  79 0.269963
  1 142 0.320733
  1 209 0.374725
  2  17 0.426300
  2  88 0.483516
  2 152 0.535092
  2 219 0.589084
  3  28 0.641465
  3  98 0.697875
  3 164 0.751062
  3 230 0.804249
  4  43 0.859853
  4 109 0.913040
  4 177 0.967839
  4 244 1.021832
  5  52 1.073407
  5 119 1.127399
  5 191 1.185421
  6   2 1.239414
  6  66 1.290989
  6 132 1.344176
  6 201 1.399780
  7  11 1.452967
  7  76 1.505348
  7 144 1.560147
  7 209 1.612527
