  0   0 0.000000
  0  65 0.052381
  0 131 0.105568
  0 198 0.159560
  1   7 0.211941
  1  79 0.269963
  1 143 0.321538
  1 207 0.373114
  2  17 0.426300
  2  87 0.482711
  2 152 0.535092
  2 220 0.589890
  3  30 0.643077
  3  99 0.698681
  3 164 0.751062
  3 234 0.807473
  4  44 0.860659
  4 111 0.914652
  4 176 0.967033
  4 245 1.022637
  5  58 1.078242
  5 121 1.129011
  5 190 1.184615
  6   3 1.240220
  6  73 1.296630
  6 137 1.348205
  6 203 1.401392
  7  13 1.454579
  7  80 1.508571
  7 145 1.560952
  7 212 1.614945
