  0   0 0.000000
  0  67 0.053993
  0 133 0.107179
  0 203 0.163590
  1  14 0.217582
  1  80 0.270769
  1 149 0.326374
  1 213 0.377949
  2  25 0.432747
  2  94 0.488352
  2 163 0.543956
  2 230 0.597949
  3  41 0.651941
  3 110 0.707546
  3 176 0.760733
  3 247 0.817949
  4  58 0.871941
  4 125 0.925934
  4 193 0.980733
  5   5 1.035531
  5  72 1.089524
  5 141 1.145128
  5 210 1.200733
  6  21 1.254725
  6  91 1.311136
  6 157 1.364322
  6 223 1.417509
  7  35 1.472308
  7 102 1.526300
  7 170 1.581099
  7 236 1.634286
