  0   1 0.000806
  0  64 0.051575
  0 133 0.107179
  0 202 0.162784
  1  14 0.217582
  1  81 0.271575
  1 150 0.327179
  1 214 0.378755
  2  28 0.435165
  2  95 0.489158
  2 160 0.541538
  2 229 0.597143
  3  44 0.654359
  3 105 0.703516
  3 177 0.761538
  3 245 0.816337
  4  59 0.872747
  4 127 0.927546
  4 193 0.980733
  5   6 1.036337
  5  73 1.090330
  5 141 1.145128
  5 208 1.199121
  6  21 1.254725
  6  89 1.309524
  6 156 1.363516
  6 224 1.418315
  7  33 1.470696
  7 105 1.528718
  7 172 1.582711
  7 237 1.635092
