  0  25 0.020147
  0 136 0.109597
  1   2 0.207912
  1 126 0.307839
  1 252 0.409377
  2 121 0.510110
  2 245 0.610037
  3 112 0.709158
  3 236 0.809084
  4 105 0.909817
  4 229 1.009744
  5  98 1.110476
  5 222 1.210403
  6  92 1.311941
  6 217 1.412674
  7  88 1.515018
  7 211 1.614139
  8  80 1.714872
  8 204 1.814799
  9  72 1.914725
  9 195 2.013846
 10  64 2.114579
 10 188 2.214505
 11  58 2.316044
 11 182 2.415971
 12  51 2.516703
 12 174 2.615824
 13  41 2.714945
 13 163 2.813260
 14  31 2.913187
 14 155 3.013114
