  0  24 0.019341
  0 135 0.108791
  1   3 0.208718
  1 128 0.309451
  1 254 0.410989
  2 123 0.511722
  2 245 0.610037
  3 111 0.708352
  3 235 0.808278
  4 103 0.908205
  4 229 1.009744
  5  98 1.110476
  5 223 1.211209
  6  95 1.314359
  6 218 1.413480
  7  88 1.515018
  7 210 1.613333
  8  79 1.714066
  8 203 1.813993
  9  72 1.914725
  9 195 2.013846
 10  65 2.115385
 10 191 2.216923
 11  60 2.317656
 11 182 2.415971
 12  50 2.515897
 12 172 2.614212
 13  40 2.714139
 13 162 2.812454
 14  32 2.913993
 14 156 3.013919
