  0  26 0.020952
  0 137 0.110403
  1   4 0.209524
  1 128 0.309451
  1 252 0.409377
  2 121 0.510110
  2 244 0.609231
  3 111 0.708352
  3 235 0.808278
  4 103 0.908205
  4 230 1.010549
  5 100 1.112088
  5 223 1.211209
  6  93 1.312747
  6 218 1.413480
  7  87 1.514212
  7 209 1.612527
  8  79 1.714066
  8 204 1.814799
  9  73 1.915531
  9 197 2.015458
 10  55 2.107326
 10 190 2.216117
 11  59 2.316850
 11 181 2.415165
 12  49 2.515092
 12 171 2.613407
 13  40 2.714139
 13 164 2.814066
 14  33 2.914799
 14 157 3.014725
