  0  24 0.019341
  0 136 0.109597
  1   4 0.209524
  1 128 0.309451
  1 253 0.410183
  2 122 0.510916
  2 245 0.610037
  3 111 0.708352
  3 235 0.808278
  4 104 0.909011
  4 229 1.009744
  5  99 1.111282
  5 224 1.212015
  6  94 1.313553
  6 218 1.413480
  7  87 1.514212
  7 210 1.613333
  8  78 1.713260
  8 203 1.813993
  9  71 1.913919
  9 196 2.014652
 10  66 2.116190
 10 192 2.217729
 11  59 2.316850
 11 182 2.415971
 12  50 2.515897
 12 173 2.615018
 13  39 2.713333
 13 162 2.812454
 14  32 2.913993
 14 156 3.013919
