  0  24 0.019341
  0 136 0.109597
  1   3 0.208718
  1 127 0.308645
  1 253 0.410183
  2 122 0.510916
  2 246 0.610842
  3 113 0.709963
  3 236 0.809084
  4 104 0.909011
  4 229 1.009744
  5  98 1.110476
  5 222 1.210403
  6  92 1.311941
  6 217 1.412674
  7  89 1.515824
  7 211 1.614139
  8  81 1.715678
  8 204 1.814799
  9  72 1.914725
  9 195 2.013846
 10  64 2.114579
 10 188 2.214505
 11  58 2.316044
 11 181 2.415165
 12  50 2.515897
 12 174 2.615824
 13  41 2.714945
 13 164 2.814066
 14  32 2.913993
 14 155 3.013114
