  0  25 0.020147
  0 135 0.108791
  1   2 0.207912
  1 126 0.307839
  1 253 0.410183
  2 121 0.510110
  2 246 0.610842
  3 113 0.709963
  3 236 0.809084
  4 104 0.909011
  4 229 1.009744
  5  98 1.110476
  5 222 1.210403
  6  92 1.311941
  6 217 1.412674
  7  87 1.514212
  7 211 1.614139
  8  81 1.715678
  8 205 1.815604
  9  73 1.915531
  9 195 2.013846
 10  64 2.114579
 10 189 2.215311
 11  58 2.316044
 11 181 2.415165
 12  50 2.515897
 12 174 2.615824
 13  42 2.715751
 13 164 2.814066
 14  32 2.913993
 14 155 3.013114
