  0  26 0.020952
  0 137 0.110403
  1   3 0.208718
  1 127 0.308645
  1 252 0.409377
  2 121 0.510110
  2 245 0.610037
  3 110 0.707546
  3 235 0.808278
  4 105 0.909817
  4 231 1.011355
  5  99 1.111282
  5 223 1.211209
  6  92 1.311941
  6 217 1.412674
  7  87 1.514212
  7 210 1.613333
  8  79 1.714066
  8 204 1.814799
  9  73 1.915531
  9 197 2.015458
 10  66 2.116190
 10 190 2.216117
 11  59 2.316850
 11 182 2.415971
 12  49 2.515092
 12 172 2.614212
 13  40 2.714139
 13 163 2.813260
 14  33 2.914799
 14 156 3.013919
