  0  24 0.019341
  0 135 0.108791
  1   3 0.208718
  1 127 0.308645
  1 254 0.410989
  2 122 0.510916
  2 246 0.610842
  3 112 0.709158
  3 235 0.808278
  4 104 0.909011
  4 228 1.008938
  5  97 1.109670
  5 221 1.209597
  6  93 1.312747
  6 219 1.414286
  7  89 1.515824
  7 211 1.614139
  8  80 1.714872
  8 204 1.814799
  9  72 1.914725
  9 195 2.013846
 10  64 2.114579
 10 189 2.215311
 11  59 2.316850
 11 182 2.415971
 12  51 2.516703
 12 174 2.615824
 13  41 2.714945
 13 163 2.813260
 14  31 2.913187
 14 155 3.013114
