  0  24 0.019341
  0 135 0.108791
  1   2 0.207912
  1 127 0.308645
  1 253 0.410183
  2 124 0.512527
  2 246 0.610842
  3 112 0.709158
  3 235 0.808278
  4 104 0.909011
  4 229 1.009744
  5  97 1.109670
  5 221 1.209597
  6  93 1.312747
  6 218 1.413480
  7  89 1.515824
  7 212 1.614945
  8  80 1.714872
  8 204 1.814799
  9  72 1.914725
  9 195 2.013846
 10  64 2.114579
 10 189 2.215311
 11  59 2.316850
 11 183 2.416777
 12  51 2.516703
 12 174 2.615824
 13  40 2.714139
 13 163 2.813260
 14  32 2.913993
 14 155 3.013114
