  0  26 0.020952
  0 136 0.109597
  1   4 0.209524
  1 127 0.308645
  1 252 0.409377
  2 121 0.510110
  2 244 0.609231
  3 111 0.708352
  3 235 0.808278
  4 106 0.910623
  4 230 1.010549
  5  99 1.111282
  5 223 1.211209
  6  93 1.312747
  6 217 1.412674
  7  87 1.514212
  7 209 1.612527
  8  79 1.714066
  8 204 1.814799
  9  73 1.915531
  9 197 2.015458
 10  65 2.115385
 10 190 2.216117
 11  58 2.316044
 11 181 2.415165
 12  49 2.515092
 12 172 2.614212
 13  40 2.714139
 13 163 2.813260
 14  32 2.913993
 14 157 3.014725
