  0  18 0.014505
  0 129 0.103956
  0 241 0.194212
  1  98 0.285275
  1 212 0.377143
  2  70 0.469011
  2 184 0.560879
  3  40 0.651136
  3 151 0.740586
  4   7 0.830842
  4 120 0.921905
  4 233 1.012967
  5  89 1.103223
  5 203 1.195092
  6  62 1.287766
  6 177 1.380440
  7  33 1.470696
  7 145 1.560952
  8   2 1.652015
  8 114 1.742271
  8 226 1.832527
  9  83 1.923590
  9 197 2.015458
 10  57 2.108938
 10 169 2.199194
 11  25 2.289451
 11 136 2.378901
 11 247 2.468352
 12 103 2.558608
 12 215 2.648864
 13  72 2.739927
