  0  18 0.014505
  0 129 0.103956
  0 241 0.194212
  1  99 0.286081
  1 214 0.378755
  2  71 0.469817
  2 183 0.560073
  3  37 0.648718
  3 149 0.738974
  4   6 0.830037
  4 119 0.921099
  4 233 1.012967
  5  90 1.104029
  5 204 1.195897
  6  63 1.288571
  6 177 1.380440
  7  32 1.469890
  7 144 1.560147
  8   1 1.651209
  8 113 1.741465
  8 226 1.832527
  9  84 1.924396
  9 198 2.016264
 10  56 2.108132
 10 169 2.199194
 11  25 2.289451
 11 136 2.378901
 11 246 2.467546
 12 102 2.557802
 12 215 2.648864
 13  72 2.739927
