  0  19 0.015311
  0 130 0.104762
  0 241 0.194212
  1  98 0.285275
  1 212 0.377143
  2  69 0.468205
  2 182 0.559267
  3  38 0.649524
  3 150 0.739780
  4   7 0.830842
  4 120 0.921905
  4 233 1.012967
  5  89 1.103223
  5 203 1.195092
  6  60 1.286154
  6 176 1.379634
  7  32 1.469890
  7 145 1.560952
  8   3 1.652821
  8 115 1.743077
  8 227 1.833333
  9  83 1.923590
  9 196 2.014652
 10  55 2.107326
 10 167 2.197582
 11  24 2.288645
 11 137 2.379707
 11 248 2.469158
 12 104 2.559414
 12 216 2.649670
 13  73 2.740733
