  0  17 0.013700
  0 129 0.103956
  0 242 0.195018
  1  99 0.286081
  1 214 0.378755
  2  71 0.469817
  2 184 0.560879
  3  37 0.648718
  3 149 0.738974
  4   5 0.829231
  4 119 0.921099
  4 233 1.012967
  5  89 1.103223
  5 204 1.195897
  6  63 1.288571
  6 177 1.380440
  7  32 1.469890
  7 145 1.560952
  8   2 1.652015
  8 114 1.742271
  8 226 1.832527
  9  84 1.924396
  9 197 2.015458
 10  57 2.108938
 10 169 2.199194
 11  25 2.289451
 11 136 2.378901
 11 247 2.468352
 12 102 2.557802
 12 215 2.648864
 13  72 2.739927
