  0  17 0.013700
  0 129 0.103956
  0 241 0.194212
  1 100 0.286886
  1 214 0.378755
  2  71 0.469817
  2 182 0.559267
  3  36 0.647912
  3 149 0.738974
  4   6 0.830037
  4 119 0.921099
  4 233 1.012967
  5  90 1.104029
  5 204 1.195897
  6  62 1.287766
  6 176 1.379634
  7  32 1.469890
  7 144 1.560147
  8   1 1.651209
  8 114 1.742271
  8 226 1.832527
  9  84 1.924396
  9 198 2.016264
 10  57 2.108938
 10 169 2.199194
 11  25 2.289451
 11 136 2.378901
 11 247 2.468352
 12 103 2.558608
 12 215 2.648864
 13  72 2.739927
