  0  18 0.014505
  0 128 0.103150
  0 240 0.193407
  1  98 0.285275
  1 213 0.377949
  2  71 0.469817
  2 184 0.560879
  3  38 0.649524
  3 150 0.739780
  4   6 0.830037
  4 119 0.921099
  4 233 1.012967
  5  88 1.102418
  5 203 1.195092
  6  62 1.287766
  6 177 1.380440
  7  33 1.470696
  7 145 1.560952
  8   2 1.652015
  8 114 1.742271
  8 225 1.831722
  9  83 1.923590
  9 196 2.014652
 10  56 2.108132
 10 168 2.198388
 11  25 2.289451
 11 137 2.379707
 11 248 2.469158
 12 104 2.559414
 12 216 2.649670
 13  72 2.739927
