  0  18 0.014505
  0 131 0.105568
  0 242 0.195018
  1  99 0.286081
  1 212 0.377143
  2  69 0.468205
  2 181 0.558462
  3  36 0.647912
  3 149 0.738974
  4   7 0.830842
  4 121 0.922711
  4 235 1.014579
  5  91 1.104835
  5 204 1.195897
  6  61 1.286960
  6 176 1.379634
  7  31 1.469084
  7 144 1.560147
  8   2 1.652015
  8 115 1.743077
  8 228 1.834139
  9  85 1.925201
  9 198 2.016264
 10  55 2.107326
 10 167 2.197582
 11  24 2.288645
 11 135 2.378095
 11 247 2.468352
 12 103 2.558608
 12 217 2.650476
 13  74 2.741538
