  0  18 0.014505
  0 129 0.103956
  0 242 0.195018
  1 100 0.286886
  1 213 0.377949
  2  70 0.469011
  2 182 0.559267
  3  36 0.647912
  3 149 0.738974
  4   6 0.830037
  4 120 0.921905
  4 234 1.013773
  5  91 1.104835
  5 204 1.195897
  6  62 1.287766
  6 176 1.379634
  7  31 1.469084
  7 144 1.560147
  8   1 1.651209
  8 114 1.742271
  8 227 1.833333
  9  85 1.925201
  9 198 2.016264
 10  57 2.108938
 10 168 2.198388
 11  24 2.288645
 11 135 2.378095
 11 247 2.468352
 12 103 2.558608
 12 216 2.649670
 13  73 2.740733
