  0  18 0.014505
  0 129 0.103956
  0 242 0.195018
  1 100 0.286886
  1 214 0.378755
  2  70 0.469011
  2 182 0.559267
  3  36 0.647912
  3 149 0.738974
  4   5 0.829231
  4 120 0.921905
  4 233 1.012967
  5  90 1.104029
  5 204 1.195897
  6  63 1.288571
  6 176 1.379634
  7  32 1.469890
  7 145 1.560952
  8   2 1.652015
  8 114 1.742271
  8 226 1.832527
  9  84 1.924396
  9 198 2.016264
 10  57 2.108938
 10 169 2.199194
 11  25 2.289451
 11 136 2.378901
 11 247 2.468352
 12 103 2.558608
 12 215 2.648864
 13  72 2.739927
