  0  19 0.015311
  0 129 0.103956
  0 241 0.194212
  1  97 0.284469
  1 212 0.377143
  2  69 0.468205
  2 182 0.559267
  3  38 0.649524
  3 150 0.739780
  4   7 0.830842
  4 120 0.921905
  4 233 1.012967
  5  89 1.103223
  5 202 1.194286
  6  61 1.286960
  6 176 1.379634
  7  32 1.469890
  7 146 1.561758
  8   4 1.653626
  8 115 1.743077
  8 227 1.833333
  9  84 1.924396
  9 196 2.014652
 10  55 2.107326
 10 167 2.197582
 11  24 2.288645
 11 136 2.378901
 11 249 2.469963
 12 105 2.560220
 12 217 2.650476
 13  73 2.740733
