  0   3 0.002418
  0  15 0.012088
  0  25 0.020147
  0  36 0.029011
  0  48 0.038681
  0  59 0.047546
  0  70 0.056410
  0  81 0.065275
  0  93 0.074945
  0 104 0.083810
  0 115 0.092674
  0 126 0.101538
  0 137 0.110403
  0 148 0.119267
  0 160 0.128938
  0 171 0.137802
  0 183 0.147473
  0 195 0.157143
  0 206 0.166007
  0 217 0.174872
  0 228 0.183736
  0 239 0.192601
  0 250 0.201465
  1   5 0.210330
  1  17 0.220000
  1  28 0.228864
  1  40 0.238535
  1  51 0.247399
  1  62 0.256264
  1  73 0.265128
  1  84 0.273993
