  0   3 0.002418
  0  14 0.011282
  0  25 0.020147
  0  37 0.029817
  0  48 0.038681
  0  59 0.047546
  0  70 0.056410
  0  81 0.065275
  0  92 0.074139
  0 103 0.083004
  0 115 0.092674
  0 126 0.101538
  0 137 0.110403
  0 149 0.120073
  0 160 0.128938
  0 172 0.138608
  0 183 0.147473
  0 194 0.156337
  0 205 0.165201
  0 216 0.174066
  0 228 0.183736
  0 239 0.192601
  0 251 0.202271
  1   6 0.211136
  1  17 0.220000
  1  28 0.228864
  1  39 0.237729
  1  51 0.247399
  1  62 0.256264
  1  73 0.265128
  1  85 0.274799
