  0   3 0.002418
  0  14 0.011282
  0  25 0.020147
  0  36 0.029011
  0  48 0.038681
  0  59 0.047546
  0  71 0.057216
  0  82 0.066081
  0  93 0.074945
  0 104 0.083810
  0 115 0.092674
  0 126 0.101538
  0 137 0.110403
  0 149 0.120073
  0 160 0.128938
  0 172 0.138608
  0 183 0.147473
  0 195 0.157143
  0 205 0.165201
  0 216 0.174066
  0 228 0.183736
  0 239 0.192601
  0 250 0.201465
  1   6 0.211136
  1  18 0.220806
  1  29 0.229670
  1  40 0.238535
  1  51 0.247399
  1  62 0.256264
  1  73 0.265128
  1  84 0.273993
