 14 164 3.020366
 14 156 3.013919
 14 154 3.012308
  0 219 0.176484
  0 168 0.135385
  1 191 0.360220
 14 117 2.982491
 14 120 2.984908
 14 156 3.013919
 14 161 3.017949
 14 151 3.009890
  0 220 0.177289
  0 157 0.126520
  1 203 0.369890
 14 131 2.993773
 14 114 2.980073
 14 154 3.012308
 14 163 3.019560
 14 143 3.003443
  0 225 0.181319
  0 156 0.125714
  1 133 0.313480
 14  12 2.897875
 14 105 2.972821
 14 147 3.006667
 14 150 3.009084
 14 132 2.994579
  0 220 0.177289
  0 153 0.123297
  1 211 0.376337
 14  91 2.961538
 14  78 2.951062
 14 114 2.980073
 14 130 2.992967
 14 127 2.990549
  0 209 0.168425
  0 152 0.122491
  2  33 0.439194
 14 116 2.981685
 14  27 2.909963
 13  32 2.707692
  1  20 0.222418
  1  38 0.236923
 10 181 2.208864
  1  21 0.223223
  0 208 0.167619
  0 187 0.150696
  4  88 0.896117
 13  18 2.696410
  0 170 0.136996
  0 144 0.116044
  9 123 1.955824
 13 137 2.792308
  0 194 0.156337
  0 145 0.116850
  1  99 0.286081
 10  89 2.134725
  0 196 0.157949
  0 171 0.137802
  1  75 0.266740
 10 182 2.209670
  1  82 0.272381
  0 222 0.178901
  1  75 0.266740
