12-Jul-2023 06:14:27.136
06:14:29.271   1 207   1 180   0   0 33.05 °C 31.01 °C
06:14:29.274   1 148   1 116   0   0 28.58 °C 26.16 °C
06:14:29.283   1  75   1 107   0   0 23.06 °C 25.48 °C
06:14:29.285   1  77   1 110   0   0 23.21 °C 25.71 °C
06:14:29.300   1  75   1 109   0   0 23.06 °C 25.63 °C
06:14:29.302   1  74   1 111   0   0 22.98 °C 25.78 °C
06:14:29.303   1  76   1 111   0   0 23.13 °C 25.78 °C
06:14:29.315   1  76   1 113   0   0 23.13 °C 25.93 °C
06:14:29.316   1  75   1 111   0   0 23.06 °C 25.78 °C
06:14:29.330   1  76   1 110   0   0 23.13 °C 25.71 °C
06:14:29.332   1  76   1 109   0   0 23.13 °C 25.63 °C
06:14:29.333   1  76   1 115   0   0 23.13 °C 26.09 °C
06:14:29.346   1  77   1 110   0   0 23.21 °C 25.71 °C
06:14:29.347   1  76   1  99   0   0 23.13 °C 24.87 °C
06:14:29.362   1  77   1 116   0   0 23.21 °C 26.16 °C
06:14:29.363   1  77   1 111   0   0 23.21 °C 25.78 °C
06:14:29.364   1  77   1 115   0   0 23.21 °C 26.09 °C
06:14:29.377   1  75   1 110   0   0 23.06 °C 25.71 °C
06:14:29.378   1  76   1 111   0   0 23.13 °C 25.78 °C
06:14:29.393   1  75   1 109   0   0 23.06 °C 25.63 °C
06:14:29.394   1  76   1 111   0   0 23.13 °C 25.78 °C
06:14:29.395   1  77   1 107   0   0 23.21 °C 25.48 °C
06:14:29.409   1  76   1 111   0   0 23.13 °C 25.78 °C
06:14:29.410   1  75   1 110   0   0 23.06 °C 25.71 °C
06:14:29.424   1  75   1 111   0   0 23.06 °C 25.78 °C
06:14:29.425   1  75   1 111   0   0 23.06 °C 25.78 °C
06:14:29.426   1  74   1 111   0   0 22.98 °C 25.78 °C
06:14:29.440   1  74   1 113   0   0 22.98 °C 25.93 °C
06:14:29.441   1  76   1 110   0   0 23.13 °C 25.71 °C
06:14:29.455   1  77   1 115   0   0 23.21 °C 26.09 °C
06:14:29.457   1  76   1 108   0   0 23.13 °C 25.56 °C
06:14:29.458   1  76   1 114   0   0 23.13 °C 26.01 °C
06:14:29.471   1  79   1 112   0   0 23.36 °C 25.86 °C
06:14:29.472   1  76   1 115   0   0 23.13 °C 26.09 °C
06:14:29.487   1  77   1 112   0   0 23.21 °C 25.86 °C
06:14:29.488   1  77   1 113   0   0 23.21 °C 25.93 °C
06:14:29.489   1  75   1 111   0   0 23.06 °C 25.78 °C
06:14:29.502   1  75   1 111   0   0 23.06 °C 25.78 °C
06:14:29.504   1  77   1 114   0   0 23.21 °C 26.01 °C
06:14:29.518   1  77   1 114   0   0 23.21 °C 26.01 °C
06:14:29.520   1  77   1 116   0   0 23.21 °C 26.16 °C
06:14:29.521   1  76   1 114   0   0 23.13 °C 26.01 °C
06:14:29.534   1  76   1 119   0   0 23.13 °C 26.39 °C
06:14:29.535   1  77   1 117   0   0 23.21 °C 26.24 °C
06:14:29.549   1  75   1 118   0   0 23.06 °C 26.31 °C
06:14:29.551   1  77   1 112   0   0 23.21 °C 25.86 °C
06:14:29.552   1  75   1 115   0   0 23.06 °C 26.09 °C
06:14:29.564   1  78   1 116   0   0 23.28 °C 26.16 °C
06:14:29.565   1  76   1 116   0   0 23.13 °C 26.16 °C
06:14:29.583   1  75   1 109   0   0 23.06 °C 25.63 °C
06:14:29.584   1  77   1 113   0   0 23.21 °C 25.93 °C
06:14:29.585   1  78   1 111   0   0 23.28 °C 25.78 °C
06:14:29.598   1  76   1 116   0   0 23.13 °C 26.16 °C
06:14:29.600   1  76   1 111   0   0 23.13 °C 25.78 °C
06:14:29.601   1  76   1 115   0   0 23.13 °C 26.09 °C
06:14:29.614   1  75   1 115   0   0 23.06 °C 26.09 °C
06:14:29.616   1  77   1 113   0   0 23.21 °C 25.93 °C
06:14:29.630   1  77   1 116   0   0 23.21 °C 26.16 °C
06:14:29.631   1  76   1 116   0   0 23.13 °C 26.16 °C
06:14:29.633   1  76   1 113   0   0 23.13 °C 25.93 °C
06:14:29.645   1  75   1 113   0   0 23.06 °C 25.93 °C
06:14:29.647   1  77   1 116   0   0 23.21 °C 26.16 °C
06:14:29.662   1  76   1 117   0   0 23.13 °C 26.24 °C
06:14:29.663   1  77   1 116   0   0 23.21 °C 26.16 °C
06:14:29.664   1  74   1 116   0   0 22.98 °C 26.16 °C
06:14:29.682   1  75   1 115   0   0 23.06 °C 26.09 °C
06:14:29.683   1  76   1 113   0   0 23.13 °C 25.93 °C
06:14:29.685   1  77   1 115   0   0 23.21 °C 26.09 °C
06:14:29.698   1  77   1 117   0   0 23.21 °C 26.24 °C
06:14:29.699   1  76   1 116   0   0 23.13 °C 26.16 °C
06:14:29.700   1  76   1 112   0   0 23.13 °C 25.86 °C
06:14:29.713   1  77   1 114   0   0 23.21 °C 26.01 °C
06:14:29.715   1  77   1 113   0   0 23.21 °C 25.93 °C
06:14:29.729   1  75   1 121   0   0 23.06 °C 26.54 °C
06:14:29.730   1  73   1 116   0   0 22.91 °C 26.16 °C
06:14:29.731   1  76   1 119   0   0 23.13 °C 26.39 °C
06:14:29.745   1  76   1 118   0   0 23.13 °C 26.31 °C
06:14:29.746   1  76   1 120   0   0 23.13 °C 26.46 °C
06:14:29.760   1  78   1 120   0   0 23.28 °C 26.46 °C
06:14:29.762   1  76   1 116   0   0 23.13 °C 26.16 °C
06:14:29.763   1  77   1 112   0   0 23.21 °C 25.86 °C
06:14:29.776   1  76   1 115   0   0 23.13 °C 26.09 °C
06:14:29.777   1  75   1 115   0   0 23.06 °C 26.09 °C
06:14:29.791   1  77   1 120   0   0 23.21 °C 26.46 °C
06:14:29.793   1  77   1 115   0   0 23.21 °C 26.09 °C
06:14:29.794   1  75   1 123   0   0 23.06 °C 26.69 °C
06:14:29.807   1  79   1 118   0   0 23.36 °C 26.31 °C
06:14:29.809   1  76   1 119   0   0 23.13 °C 26.39 °C
06:14:29.823   1  77   1 113   0   0 23.21 °C 25.93 °C
06:14:29.824   1  75   1 113   0   0 23.06 °C 25.93 °C
06:14:29.825   1  77   1 115   0   0 23.21 °C 26.09 °C
06:14:29.838   1  74   1 115   0   0 22.98 °C 26.09 °C
06:14:29.840   1  76   1 113   0   0 23.13 °C 25.93 °C
06:14:29.854   1  74   1 118   0   0 22.98 °C 26.31 °C
06:14:29.855   1  77   1 121   0   0 23.21 °C 26.54 °C
06:14:29.856   1  77   1 118   0   0 23.21 °C 26.31 °C
06:14:29.870   1  78   1 118   0   0 23.28 °C 26.31 °C
06:14:29.871   1  77   1 122   0   0 23.21 °C 26.62 °C
06:14:29.885   1  78   1 116   0   0 23.28 °C 26.16 °C
06:14:29.886   1  79   1 118   0   0 23.36 °C 26.31 °C
06:14:29.888   1  75   1 118   0   0 23.06 °C 26.31 °C
06:14:29.901   1  75   1 113   0   0 23.06 °C 25.93 °C
06:14:29.902   1  74   1 119   0   0 22.98 °C 26.39 °C
06:14:29.916   1  78   1 117   0   0 23.28 °C 26.24 °C
06:14:29.918   1  76   1 116   0   0 23.13 °C 26.16 °C
06:14:29.919   1  77   1 119   0   0 23.21 °C 26.39 °C
06:14:29.932   1  76   1 118   0   0 23.13 °C 26.31 °C
06:14:29.934   1  76   1 115   0   0 23.13 °C 26.09 °C
06:14:29.948   1  76   1 125   0   0 23.13 °C 26.84 °C
06:14:29.949   1  76   1 115   0   0 23.13 °C 26.09 °C
06:14:29.950   1  75   1 119   0   0 23.06 °C 26.39 °C
06:14:29.963   1  78   1 119   0   0 23.28 °C 26.39 °C
06:14:29.965   1  75   1 114   0   0 23.06 °C 26.01 °C
06:14:29.979   1  77   1 122   0   0 23.21 °C 26.62 °C
06:14:29.980   1  78   1 119   0   0 23.28 °C 26.39 °C
06:14:29.981   1  77   1 119   0   0 23.21 °C 26.39 °C
06:14:29.994   1  77   1 120   0   0 23.21 °C 26.46 °C
06:14:29.996   1  75   1 115   0   0 23.06 °C 26.09 °C
06:14:30.010   1  76   1 123   0   0 23.13 °C 26.69 °C
06:14:30.012   1  78   1 118   0   0 23.28 °C 26.31 °C
06:14:30.013   1  77   1 118   0   0 23.21 °C 26.31 °C
06:14:30.026   1  77   1 121   0   0 23.21 °C 26.54 °C
06:14:30.027   1  75   1 118   0   0 23.06 °C 26.31 °C
06:14:30.042   1  77   1 120   0   0 23.21 °C 26.46 °C
06:14:30.043   1  78   1 124   0   0 23.28 °C 26.77 °C
06:14:30.045   1  78   1 123   0   0 23.28 °C 26.69 °C
06:14:30.057   1  74   1 122   0   0 22.98 °C 26.62 °C
06:14:30.058   1  78   1 115   0   0 23.28 °C 26.09 °C
06:14:30.072   1  76   1 120   0   0 23.13 °C 26.46 °C
06:14:30.073   1  76   1 122   0   0 23.13 °C 26.62 °C
06:14:30.075   1  77   1 121   0   0 23.21 °C 26.54 °C
06:14:30.100   1  77   1 121   0   0 23.21 °C 26.54 °C
06:14:30.101   1  77   1 121   0   0 23.21 °C 26.54 °C
06:14:30.102   1  77   1 122   0   0 23.21 °C 26.62 °C
06:14:30.103   1  78   1 121   0   0 23.28 °C 26.54 °C
06:14:30.115   1  78   1 119   0   0 23.28 °C 26.39 °C
06:14:30.116   1  78   1 124   0   0 23.28 °C 26.77 °C
06:14:30.131   1  77   1 120   0   0 23.21 °C 26.46 °C
06:14:30.132   1  75   1 124   0   0 23.06 °C 26.77 °C
06:14:30.133   1  77   1 120   0   0 23.21 °C 26.46 °C
06:14:30.146   1  76   1 123   0   0 23.13 °C 26.69 °C
06:14:30.148   1  78   1 125   0   0 23.28 °C 26.84 °C
06:14:30.162   1  78   1 121   0   0 23.28 °C 26.54 °C
06:14:30.163   1  76   1 124   0   0 23.13 °C 26.77 °C
06:14:30.165   1  79   1 120   0   0 23.36 °C 26.46 °C
06:14:30.178   1  77   1 124   0   0 23.21 °C 26.77 °C
06:14:30.179   1  77   1 121   0   0 23.21 °C 26.54 °C
06:14:30.193   1  77   1 125   0   0 23.21 °C 26.84 °C
06:14:30.194   1  80   1 121   0   0 23.44 °C 26.54 °C
06:14:30.196   1  76   1 124   0   0 23.13 °C 26.77 °C
06:14:30.209   1  77   1 121   0   0 23.21 °C 26.54 °C
06:14:30.210   1  78   1 125   0   0 23.28 °C 26.84 °C
06:14:30.225   1  77   1 123   0   0 23.21 °C 26.69 °C
06:14:30.227   1  77   1 124   0   0 23.21 °C 26.77 °C
06:14:30.229   1  77   1 122   0   0 23.21 °C 26.62 °C
06:14:30.239   1  76   1 118   0   0 23.13 °C 26.31 °C
06:14:30.240   1  75   1 125   0   0 23.06 °C 26.84 °C
06:14:30.255   1  79   1 126   0   0 23.36 °C 26.92 °C
06:14:30.256   1  76   1 122   0   0 23.13 °C 26.62 °C
06:14:30.258   1  77   1 129   0   0 23.21 °C 27.15 °C
06:14:30.283   1  79   1 120   0   0 23.36 °C 26.46 °C
06:14:30.284   1  77   1 123   0   0 23.21 °C 26.69 °C
06:14:30.286   1  76   1 125   0   0 23.13 °C 26.84 °C
06:14:30.287   1  76   1 124   0   0 23.13 °C 26.77 °C
06:14:30.298   1  76   1 125   0   0 23.13 °C 26.84 °C
06:14:30.300   1  77   1 123   0   0 23.21 °C 26.69 °C
06:14:30.301   1  77   1 127   0   0 23.21 °C 26.99 °C
06:14:30.314   1  76   1 129   0   0 23.13 °C 27.15 °C
06:14:30.315   1  78   1 125   0   0 23.28 °C 26.84 °C
06:14:30.329   1  76   1 125   0   0 23.13 °C 26.84 °C
06:14:30.331   1  77   1 119   0   0 23.21 °C 26.39 °C
06:14:30.332   1  78   1 124   0   0 23.28 °C 26.77 °C
06:14:30.345   1  77   1 129   0   0 23.21 °C 27.15 °C
06:14:30.346   1  75   1 124   0   0 23.06 °C 26.77 °C
06:14:30.361   1  78   1 129   0   0 23.28 °C 27.15 °C
06:14:30.362   1  78   1 129   0   0 23.28 °C 27.15 °C
06:14:30.363   1  75   1 131   0   0 23.06 °C 27.30 °C
06:14:30.377   1  77   1 128   0   0 23.21 °C 27.07 °C
06:14:30.378   1  76   1 126   0   0 23.13 °C 26.92 °C
06:14:30.392   1  76   1 122   0   0 23.13 °C 26.62 °C
06:14:30.393   1  75   1 130   0   0 23.06 °C 27.22 °C
06:14:30.394   1  75   1 125   0   0 23.06 °C 26.84 °C
06:14:30.408   1  75   1 130   0   0 23.06 °C 27.22 °C
06:14:30.409   1  76   1 122   0   0 23.13 °C 26.62 °C
06:14:30.423   1  79   1 129   0   0 23.36 °C 27.15 °C
06:14:30.425   1  78   1 130   0   0 23.28 °C 27.22 °C
06:14:30.426   1  76   1 133   0   0 23.13 °C 27.45 °C
06:14:30.439   1  76   1 128   0   0 23.13 °C 27.07 °C
06:14:30.440   1  76   1 131   0   0 23.13 °C 27.30 °C
06:14:30.454   1  78   1 128   0   0 23.28 °C 27.07 °C
06:14:30.456   1  76   1 128   0   0 23.13 °C 27.07 °C
06:14:30.457   1  77   1 132   0   0 23.21 °C 27.37 °C
06:14:30.470   1  76   1 127   0   0 23.13 °C 26.99 °C
06:14:30.472   1  80   1 130   0   0 23.44 °C 27.22 °C
06:14:30.486   1  76   1 128   0   0 23.13 °C 27.07 °C
06:14:30.487   1  77   1 126   0   0 23.21 °C 26.92 °C
06:14:30.488   1  77   1 133   0   0 23.21 °C 27.45 °C
06:14:30.501   1  78   1 132   0   0 23.28 °C 27.37 °C
06:14:30.503   1  76   1 130   0   0 23.13 °C 27.22 °C
06:14:30.517   1  77   1 134   0   0 23.21 °C 27.52 °C
06:14:30.518   1  78   1 132   0   0 23.28 °C 27.37 °C
06:14:30.519   1  77   1 129   0   0 23.21 °C 27.15 °C
06:14:30.533   1  77   1 126   0   0 23.21 °C 26.92 °C
06:14:30.534   1  76   1 130   0   0 23.13 °C 27.22 °C
06:14:30.548   1  76   1 130   0   0 23.13 °C 27.22 °C
06:14:30.550   1  77   1 132   0   0 23.21 °C 27.37 °C
06:14:30.551   1  76   1 129   0   0 23.13 °C 27.15 °C
06:14:30.564   1  77   1 129   0   0 23.21 °C 27.15 °C
06:14:30.565   1  78   1 132   0   0 23.28 °C 27.37 °C
06:14:30.580   1  78   1 136   0   0 23.28 °C 27.68 °C
06:14:30.582   1  79   1 129   0   0 23.36 °C 27.15 °C
06:14:30.584   1  77   1 129   0   0 23.21 °C 27.15 °C
06:14:30.595   1  76   1 133   0   0 23.13 °C 27.45 °C
06:14:30.596   1  78   1 135   0   0 23.28 °C 27.60 °C
06:14:30.610   1  76   1 124   0   0 23.13 °C 26.77 °C
06:14:30.611   1  77   1 135   0   0 23.21 °C 27.60 °C
06:14:30.613   1  78   1 135   0   0 23.28 °C 27.60 °C
06:14:30.632   1  77   1 137   0   0 23.21 °C 27.75 °C
06:14:30.633   1  78   1 136   0   0 23.28 °C 27.68 °C
06:14:30.634   1  78   1 132   0   0 23.28 °C 27.37 °C
06:14:30.647   1  78   1 137   0   0 23.28 °C 27.75 °C
06:14:30.648   1  78   1 136   0   0 23.28 °C 27.68 °C
06:14:30.650   1  77   1 137   0   0 23.21 °C 27.75 °C
06:14:30.663   1  78   1 135   0   0 23.28 °C 27.60 °C
06:14:30.664   1  76   1 135   0   0 23.13 °C 27.60 °C
06:14:30.678   1  77   1 133   0   0 23.21 °C 27.45 °C
06:14:30.680   1  77   1 134   0   0 23.21 °C 27.52 °C
06:14:30.681   1  76   1 136   0   0 23.13 °C 27.68 °C
06:14:30.694   1  77   1 137   0   0 23.21 °C 27.75 °C
06:14:30.695   1  76   1 138   0   0 23.13 °C 27.83 °C
06:14:30.710   1  77   1 135   0   0 23.21 °C 27.60 °C
06:14:30.711   1  77   1 138   0   0 23.21 °C 27.83 °C
06:14:30.712   1  77   1 140   0   0 23.21 °C 27.98 °C
06:14:30.725   1  76   1 138   0   0 23.13 °C 27.83 °C
06:14:30.727   1  76   1 137   0   0 23.13 °C 27.75 °C
06:14:30.741   1  79   1 144   0   0 23.36 °C 28.28 °C
06:14:30.742   1  76   1 140   0   0 23.13 °C 27.98 °C
06:14:30.743   1  79   1 142   0   0 23.36 °C 28.13 °C
06:14:30.756   1  78   1 145   0   0 23.28 °C 28.36 °C
06:14:30.758   1  77   1 141   0   0 23.21 °C 28.05 °C
06:14:30.772   1  78   1 144   0   0 23.28 °C 28.28 °C
06:14:30.774   1  77   1 141   0   0 23.21 °C 28.05 °C
06:14:30.775   1  78   1 141   0   0 23.28 °C 28.05 °C
06:14:30.788   1  76   1 144   0   0 23.13 °C 28.28 °C
06:14:30.789   1  80   1 145   0   0 23.44 °C 28.36 °C
06:14:30.803   1  78   1 146   0   0 23.28 °C 28.43 °C
06:14:30.805   1  77   1 149   0   0 23.21 °C 28.66 °C
06:14:30.806   1  78   1 148   0   0 23.28 °C 28.58 °C
06:14:30.819   1  78   1 144   0   0 23.28 °C 28.28 °C
06:14:30.820   1  80   1 146   0   0 23.44 °C 28.43 °C
06:14:30.835   1  76   1 147   0   0 23.13 °C 28.51 °C
06:14:30.837   1  77   1 150   0   0 23.21 °C 28.74 °C
06:14:30.838   1  77   1 149   0   0 23.21 °C 28.66 °C
06:14:30.850   1  77   1 148   0   0 23.21 °C 28.58 °C
06:14:30.852   1  75   1 149   0   0 23.06 °C 28.66 °C
06:14:30.866   1  80   1 151   0   0 23.44 °C 28.81 °C
06:14:30.868   1  77   1 152   0   0 23.21 °C 28.89 °C
06:14:30.869   1  75   1 151   0   0 23.06 °C 28.81 °C
06:14:30.882   1  78   1 151   0   0 23.28 °C 28.81 °C
06:14:30.884   1  77   1 154   0   0 23.21 °C 29.04 °C
06:14:30.899   1 145   1 156   0   0 28.36 °C 29.19 °C
06:14:30.900   1 146   1 145   0   0 28.43 °C 28.36 °C
06:14:30.901   1  78   1 155   0   0 23.28 °C 29.11 °C
06:14:30.914   1  78   1 153   0   0 23.28 °C 28.96 °C
06:14:30.916   1  78   1 154   0   0 23.28 °C 29.04 °C
06:14:30.931   1 144   1 152   0   0 28.28 °C 28.89 °C
06:14:30.933   1  78   1 155   0   0 23.28 °C 29.11 °C
06:14:30.936   1  78   1 156   0   0 23.28 °C 29.19 °C
06:14:30.946   1 144   1 154   0   0 28.28 °C 29.04 °C
06:14:30.947   1 142   1 152   0   0 28.13 °C 28.89 °C
06:14:30.962   1  78   1 159   0   0 23.28 °C 29.42 °C
06:14:30.964   1 147   1 160   0   0 28.51 °C 29.49 °C
06:14:30.965   1 145   1 153   0   0 28.36 °C 28.96 °C
06:14:30.978   1  78   1 159   0   0 23.28 °C 29.42 °C
06:14:30.979   1 145   1 161   0   0 28.36 °C 29.57 °C
06:14:31.006   1 145   1 156   0   0 28.36 °C 29.19 °C
06:14:31.008   1 142   1 157   0   0 28.13 °C 29.26 °C
06:14:31.009   1  79   1 164   0   0 23.36 °C 29.79 °C
06:14:31.010   1 146   1 160   0   0 28.43 °C 29.49 °C
06:14:31.011   1 144   1 160   0   0 28.28 °C 29.49 °C
06:14:31.022   1 146   1 163   0   0 28.43 °C 29.72 °C
06:14:31.024   1 144   1 162   0   0 28.28 °C 29.64 °C
06:14:31.025   1 147   1 163   0   0 28.51 °C 29.72 °C
06:14:31.038   1 145   1 159   0   0 28.36 °C 29.42 °C
06:14:31.039   1 143   1 156   0   0 28.21 °C 29.19 °C
06:14:31.054   1 144   1 166   0   0 28.28 °C 29.95 °C
06:14:31.055   1 145   1 164   0   0 28.36 °C 29.79 °C
06:14:31.056   1 146   1 166   0   0 28.43 °C 29.95 °C
06:14:31.069   1 145   1 162   0   0 28.36 °C 29.64 °C
06:14:31.070   1 145   1 157   0   0 28.36 °C 29.26 °C
06:14:31.085   1 144   1 166   0   0 28.28 °C 29.95 °C
06:14:31.086   1 145   1 170   0   0 28.36 °C 30.25 °C
06:14:31.087   1 145   1 162   0   0 28.36 °C 29.64 °C
06:14:31.101   1 145   1 170   0   0 28.36 °C 30.25 °C
06:14:31.102   1 146   1 165   0   0 28.43 °C 29.87 °C
06:14:31.116   1 145   1 166   0   0 28.36 °C 29.95 °C
06:14:31.118   1 145   1 167   0   0 28.36 °C 30.02 °C
06:14:31.119   1 145   1 164   0   0 28.36 °C 29.79 °C
06:14:31.131   1 144   1 163   0   0 28.28 °C 29.72 °C
06:14:31.132   1 144   1 167   0   0 28.28 °C 30.02 °C
06:14:31.147   1 144   1 170   0   0 28.28 °C 30.25 °C
06:14:31.148   1 145   1 172   0   0 28.36 °C 30.40 °C
06:14:31.149   1 145   1 173   0   0 28.36 °C 30.48 °C
06:14:31.166   1 145   1 173   0   0 28.36 °C 30.48 °C
06:14:31.167   1 145   1 170   0   0 28.36 °C 30.25 °C
06:14:31.168   1 140   1 174   0   0 27.98 °C 30.55 °C
06:14:31.181   1 146   1 176   0   0 28.43 °C 30.70 °C
06:14:31.183   1 145   1 172   0   0 28.36 °C 30.40 °C
06:14:31.197   1 144   1 173   0   0 28.28 °C 30.48 °C
06:14:31.198   1 146   1 176   0   0 28.43 °C 30.70 °C
06:14:31.199   1 146   1 179   0   0 28.43 °C 30.93 °C
06:14:31.212   1 148   1 181   0   0 28.58 °C 31.08 °C
06:14:31.214   1 146   1 179   0   0 28.43 °C 30.93 °C
06:14:31.228   1 146   1 175   0   0 28.43 °C 30.63 °C
06:14:31.230   1 148   1 178   0   0 28.58 °C 30.85 °C
06:14:31.232   1 148   1 178   0   0 28.58 °C 30.85 °C
06:14:31.243   1 145   1 177   0   0 28.36 °C 30.78 °C
06:14:31.245   1 149   1 182   0   0 28.66 °C 31.16 °C
06:14:31.259   1 145   1 181   0   0 28.36 °C 31.08 °C
06:14:31.260   1 147   1 177   0   0 28.51 °C 30.78 °C
06:14:31.262   1 146   1 183   0   0 28.43 °C 31.23 °C
06:14:31.275   1 147   1 182   0   0 28.51 °C 31.16 °C
06:14:31.276   1 147   1 182   0   0 28.51 °C 31.16 °C
06:14:31.290   1 148   1 183   0   0 28.58 °C 31.23 °C
06:14:31.292   1 147   1 183   0   0 28.51 °C 31.23 °C
06:14:31.293   1 148   1 184   0   0 28.58 °C 31.31 °C
06:14:31.306   1 145   1 180   0   0 28.36 °C 31.01 °C
06:14:31.307   1 148   1 181   0   0 28.58 °C 31.08 °C
06:14:31.322   1 147   1 184   0   0 28.51 °C 31.31 °C
06:14:31.323   1 148   1 184   0   0 28.58 °C 31.31 °C
06:14:31.324   1 147   1 188   0   0 28.51 °C 31.61 °C
06:14:31.337   1 145   1 183   0   0 28.36 °C 31.23 °C
06:14:31.339   1 147   1 185   0   0 28.51 °C 31.38 °C
06:14:31.353   1 147   1 188   0   0 28.51 °C 31.61 °C
06:14:31.354   1 146   1 191   0   0 28.43 °C 31.84 °C
06:14:31.355   1 146   1 187   0   0 28.43 °C 31.54 °C
06:14:31.368   1 146   1 185   0   0 28.43 °C 31.38 °C
06:14:31.370   1 148   1 190   0   0 28.58 °C 31.76 °C
06:14:31.384   1 146   1 186   0   0 28.43 °C 31.46 °C
06:14:31.386   1 146   1 188   0   0 28.43 °C 31.61 °C
06:14:31.387   1 147   1 188   0   0 28.51 °C 31.61 °C
06:14:31.400   1 148   1 190   0   0 28.58 °C 31.76 °C
06:14:31.401   1 148   1 194   0   0 28.58 °C 32.07 °C
06:14:31.415   1 145   1 191   0   0 28.36 °C 31.84 °C
06:14:31.417   1 147   1 190   0   0 28.51 °C 31.76 °C
06:14:31.418   1 147   1 191   0   0 28.51 °C 31.84 °C
06:14:31.431   1 146   1 190   0   0 28.43 °C 31.76 °C
06:14:31.433   1 147   1 194   0   0 28.51 °C 32.07 °C
06:14:31.447   1 147   1 191   0   0 28.51 °C 31.84 °C
06:14:31.449   1 149   1 196   0   0 28.66 °C 32.22 °C
06:14:31.451   1 147   1 193   0   0 28.51 °C 31.99 °C
06:14:31.462   1 148   1 196   0   0 28.58 °C 32.22 °C
06:14:31.463   1 147   1 196   0   0 28.51 °C 32.22 °C
06:14:31.477   1 149   1 194   0   0 28.66 °C 32.07 °C
06:14:31.479   1 146   1 196   0   0 28.43 °C 32.22 °C
06:14:31.492   1 147   1 192   0   0 28.51 °C 31.91 °C
06:14:31.493   1 147   1 195   0   0 28.51 °C 32.14 °C
06:14:31.495   1 147   1 197   0   0 28.51 °C 32.29 °C
06:14:31.516   1 147   1 197   0   0 28.51 °C 32.29 °C
06:14:31.517   1 149   1 202   0   0 28.66 °C 32.67 °C
06:14:31.519   1 147   1 198   0   0 28.51 °C 32.37 °C
06:14:31.520   1 148   1 201   0   0 28.58 °C 32.60 °C
06:14:31.531   1 148   1 201   0   0 28.58 °C 32.60 °C
06:14:31.533   1 147   1 199   0   0 28.51 °C 32.44 °C
06:14:31.547   1 150   1 202   0   0 28.74 °C 32.67 °C
06:14:31.548   1 146   1 199   0   0 28.43 °C 32.44 °C
06:14:31.550   1 146   1 201   0   0 28.43 °C 32.60 °C
06:14:31.563   1 149   1 203   0   0 28.66 °C 32.75 °C
06:14:31.564   1 148   1 200   0   0 28.58 °C 32.52 °C
06:14:31.578   1 147   1 200   0   0 28.51 °C 32.52 °C
06:14:31.580   1 147   1 203   0   0 28.51 °C 32.75 °C
06:14:31.581   1 147   1 202   0   0 28.51 °C 32.67 °C
06:14:31.594   1 147   1 204   0   0 28.51 °C 32.82 °C
06:14:31.595   1 147   1 207   0   0 28.51 °C 33.05 °C
06:14:31.610   1 148   1 206   0   0 28.58 °C 32.97 °C
06:14:31.611   1 149   1 206   0   0 28.66 °C 32.97 °C
06:14:31.612   1 147   1 206   0   0 28.51 °C 32.97 °C
06:14:31.625   1 148   1 207   0   0 28.58 °C 33.05 °C
06:14:31.627   1 147   1 208   0   0 28.51 °C 33.13 °C
06:14:31.641   1 148   1 210   0   0 28.58 °C 33.28 °C
06:14:31.642   1 147   1 210   0   0 28.51 °C 33.28 °C
06:14:31.643   1 148   1 208   0   0 28.58 °C 33.13 °C
06:14:31.656   1 147   1 210   0   0 28.51 °C 33.28 °C
06:14:31.658   1 148   1 214   0   0 28.58 °C 33.58 °C
06:14:31.683   1 149   1 211   0   0 28.66 °C 33.35 °C
06:14:31.685   1 148   1 209   0   0 28.58 °C 33.20 °C
06:14:31.688   1 148   1 213   0   0 28.58 °C 33.50 °C
06:14:31.690   1 147   1 209   0   0 28.51 °C 33.20 °C
06:14:31.698   1 149   1 211   0   0 28.66 °C 33.35 °C
06:14:31.699   1 149   1 210   0   0 28.66 °C 33.28 °C
06:14:31.701   1 150   1 214   0   0 28.74 °C 33.58 °C
06:14:31.713   1 149   1 212   0   0 28.66 °C 33.43 °C
06:14:31.715   1 148   1 218   0   0 28.58 °C 33.88 °C
06:14:31.729   1 149   1 215   0   0 28.66 °C 33.66 °C
06:14:31.731   1 151   1 215   0   0 28.81 °C 33.66 °C
06:14:31.732   1 150   1 215   0   0 28.74 °C 33.66 °C
06:14:31.745   1 148   1 210   0   0 28.58 °C 33.28 °C
06:14:31.746   1 149   1 215   0   0 28.66 °C 33.66 °C
06:14:31.760   1 149   1 215   0   0 28.66 °C 33.66 °C
06:14:31.762   1 149   1 212   0   0 28.66 °C 33.43 °C
06:14:31.763   1 149   1 217   0   0 28.66 °C 33.81 °C
06:14:31.776   1 148   1 216   0   0 28.58 °C 33.73 °C
06:14:31.777   1 147   1 218   0   0 28.51 °C 33.88 °C
06:14:31.792   1 149   1 217   0   0 28.66 °C 33.81 °C
06:14:31.793   1 150   1 215   0   0 28.74 °C 33.66 °C
06:14:31.794   1 152   1 216   0   0 28.89 °C 33.73 °C
06:14:31.807   1 148   1 218   0   0 28.58 °C 33.88 °C
06:14:31.809   1 148   1 216   0   0 28.58 °C 33.73 °C
06:14:31.823   1 148   1 219   0   0 28.58 °C 33.96 °C
06:14:31.824   1 147   1 215   0   0 28.51 °C 33.66 °C
06:14:31.825   1 151   1 216   0   0 28.81 °C 33.73 °C
06:14:31.838   1 148   1 216   0   0 28.58 °C 33.73 °C
06:14:31.840   1 149   1 221   0   0 28.66 °C 34.11 °C
06:14:31.854   1 150   1 222   0   0 28.74 °C 34.19 °C
06:14:31.855   1 149   1 226   0   0 28.66 °C 34.49 °C
06:14:31.856   1 150   1 225   0   0 28.74 °C 34.41 °C
06:14:31.870   1 148   1 222   0   0 28.58 °C 34.19 °C
06:14:31.871   1 148   1 226   0   0 28.58 °C 34.49 °C
06:14:31.885   1 150   1 221   0   0 28.74 °C 34.11 °C
06:14:31.887   1 148   1 221   0   0 28.58 °C 34.11 °C
06:14:31.888   1 149   1 223   0   0 28.66 °C 34.26 °C
06:14:31.901   1 149   1 226   0   0 28.66 °C 34.49 °C
06:14:31.902   1 150   1 221   0   0 28.74 °C 34.11 °C
06:14:31.916   1 149   1 228   0   0 28.66 °C 34.64 °C
06:14:31.918   1 150   1 225   0   0 28.74 °C 34.41 °C
06:14:31.919   1 149   1 228   0   0 28.66 °C 34.64 °C
06:14:31.932   1 149   1 225   0   0 28.66 °C 34.41 °C
06:14:31.934   1 149   1 229   0   0 28.66 °C 34.72 °C
06:14:31.948   1 149   1 231   0   0 28.66 °C 34.87 °C
06:14:31.949   1 147   1 232   0   0 28.51 °C 34.94 °C
06:14:31.950   1 149   1 231   0   0 28.66 °C 34.87 °C
06:14:31.963   1 149   1 225   0   0 28.66 °C 34.41 °C
06:14:31.965   1 151   1 231   0   0 28.81 °C 34.87 °C
06:14:31.979   1 150   1 228   0   0 28.74 °C 34.64 °C
06:14:31.980   1 147   1 230   0   0 28.51 °C 34.79 °C
06:14:31.981   1 150   1 229   0   0 28.74 °C 34.72 °C
06:14:31.995   1 149   1 227   0   0 28.66 °C 34.56 °C
06:14:31.996   1 150   1 234   0   0 28.74 °C 35.09 °C
06:14:32.010   1 152   1 234   0   0 28.89 °C 35.09 °C
06:14:32.011   1 149   1 229   0   0 28.66 °C 34.72 °C
06:14:32.013   1 151   1 230   0   0 28.81 °C 34.79 °C
06:14:32.026   1 149   1 228   0   0 28.66 °C 34.64 °C
06:14:32.027   1 152   1 234   0   0 28.89 °C 35.09 °C
06:14:32.041   1 152   1 236   0   0 28.89 °C 35.25 °C
06:14:32.043   1 150   1 236   0   0 28.74 °C 35.25 °C
06:14:32.044   1 150   1 236   0   0 28.74 °C 35.25 °C
06:14:32.057   1 152   1 237   0   0 28.89 °C 35.32 °C
06:14:32.059   1 148   1 239   0   0 28.58 °C 35.47 °C
06:14:32.073   1 152   1 236   0   0 28.89 °C 35.25 °C
06:14:32.074   1 151   1 233   0   0 28.81 °C 35.02 °C
06:14:32.075   1 150   1 232   0   0 28.74 °C 34.94 °C
06:14:32.088   1 150   1 233   0   0 28.74 °C 35.02 °C
06:14:32.089   1 150   1 239   0   0 28.74 °C 35.47 °C
06:14:32.115   1 149   1 233   0   0 28.66 °C 35.02 °C
06:14:32.117   1 150   1 237   0   0 28.74 °C 35.32 °C
06:14:32.118   1 151   1 235   0   0 28.81 °C 35.17 °C
06:14:32.119   1 148   1 237   0   0 28.58 °C 35.32 °C
06:14:32.120   1 151   1 234   0   0 28.81 °C 35.09 °C
06:14:32.131   1 151   1 237   0   0 28.81 °C 35.32 °C
06:14:32.132   1 151   1 238   0   0 28.81 °C 35.40 °C
06:14:32.147   1 149   1 236   0   0 28.66 °C 35.25 °C
06:14:32.148   1 149   1 238   0   0 28.66 °C 35.40 °C
06:14:32.149   1 149   1 239   0   0 28.66 °C 35.47 °C
06:14:32.162   1 150   1 237   0   0 28.74 °C 35.32 °C
06:14:32.164   1 149   1 238   0   0 28.66 °C 35.40 °C
06:14:32.178   1 146   1 242   0   0 28.43 °C 35.70 °C
06:14:32.179   1 151   1 239   0   0 28.81 °C 35.47 °C
06:14:32.194   1 151   1 235   0   0 28.81 °C 35.17 °C
06:14:32.195   1 150   1 242   0   0 28.74 °C 35.70 °C
06:14:32.196   1 148   1 237   0   0 28.58 °C 35.32 °C
06:14:32.216   1 150   1 242   0   0 28.74 °C 35.70 °C
06:14:32.218   1 148   1 235   0   0 28.58 °C 35.17 °C
06:14:32.219   1 150   1 244   0   0 28.74 °C 35.85 °C
06:14:32.220   1 153   1 239   0   0 28.96 °C 35.47 °C
06:14:32.231   1 150   1 241   0   0 28.74 °C 35.62 °C
06:14:32.232   1 153   1 244   0   0 28.96 °C 35.85 °C
06:14:32.247   1 149   1 242   0   0 28.66 °C 35.70 °C
06:14:32.248   1 149   1 243   0   0 28.66 °C 35.78 °C
06:14:32.249   1 152   1 247   0   0 28.89 °C 36.08 °C
06:14:32.262   1 151   1 239   0   0 28.81 °C 35.47 °C
06:14:32.263   1 152   1 243   0   0 28.89 °C 35.78 °C
06:14:32.278   1 150   1 243   0   0 28.74 °C 35.78 °C
06:14:32.279   1 150   1 243   0   0 28.74 °C 35.78 °C
06:14:32.309   1 150   1 240   0   0 28.74 °C 35.55 °C
06:14:32.310   1 150   1 243   0   0 28.74 °C 35.78 °C
06:14:32.312   1 151   1 248   0   0 28.81 °C 36.15 °C
06:14:32.313   1 153   1 248   0   0 28.96 °C 36.15 °C
06:14:32.314   1 151   1 247   0   0 28.81 °C 36.08 °C
06:14:32.315   1 151   1 249   0   0 28.81 °C 36.23 °C
06:14:32.324   1 151   1 249   0   0 28.81 °C 36.23 °C
06:14:32.326   1 152   1 248   0   0 28.89 °C 36.15 °C
06:14:32.340   1 150   1 244   0   0 28.74 °C 35.85 °C
06:14:32.341   1 151   1 248   0   0 28.81 °C 36.15 °C
06:14:32.356   1 150   1 248   0   0 28.74 °C 36.15 °C
06:14:32.357   1 149   1 250   0   0 28.66 °C 36.31 °C
06:14:32.358   1 151   1 246   0   0 28.81 °C 36.00 °C
06:14:32.371   1 151   1 252   0   0 28.81 °C 36.46 °C
06:14:32.373   1 151   1 250   0   0 28.81 °C 36.31 °C
06:14:32.387   1 152   1 253   0   0 28.89 °C 36.53 °C
06:14:32.388   1 151   2   1   0   0 28.81 °C 36.84 °C
06:14:32.389   1 152   1 247   0   0 28.89 °C 36.08 °C
06:14:32.403   1 151   1 253   0   0 28.81 °C 36.53 °C
06:14:32.404   1 151   1 247   0   0 28.81 °C 36.08 °C
06:14:32.418   1 150   1 252   0   0 28.74 °C 36.46 °C
06:14:32.420   1 150   2   0   0   0 28.74 °C 36.76 °C
06:14:32.421   1 151   1 252   0   0 28.81 °C 36.46 °C
06:14:32.434   1 153   2   2   0   0 28.96 °C 36.91 °C
06:14:32.435   1 149   1 251   0   0 28.66 °C 36.38 °C
06:14:32.450   1 151   1 253   0   0 28.81 °C 36.53 °C
06:14:32.451   1 152   2   0   0   0 28.89 °C 36.76 °C
06:14:32.452   1 151   2   0   0   0 28.81 °C 36.76 °C
06:14:32.465   1 151   1 251   0   0 28.81 °C 36.38 °C
06:14:32.467   1 149   1 250   0   0 28.66 °C 36.31 °C
06:14:32.481   1 148   1 253   0   0 28.58 °C 36.53 °C
06:14:32.482   1 151   1 253   0   0 28.81 °C 36.53 °C
06:14:32.483   1 151   1 252   0   0 28.81 °C 36.46 °C
06:14:32.496   1 150   1 251   0   0 28.74 °C 36.38 °C
06:14:32.498   1 151   2   0   0   0 28.81 °C 36.76 °C
06:14:32.499   1 151   2   4   0   0 28.81 °C 37.06 °C
06:14:32.512   1 152   2   2   0   0 28.89 °C 36.91 °C
06:14:32.513   1 151   2   6   0   0 28.81 °C 37.21 °C
06:14:32.528   1 152   1 254   0   0 28.89 °C 36.61 °C
06:14:32.529   1 151   2   0   0   0 28.81 °C 36.76 °C
06:14:32.543   1 152   2   0   0   0 28.89 °C 36.76 °C
06:14:32.545   1 152   2   0   0   0 28.89 °C 36.76 °C
06:14:32.546   1 150   2   5   0   0 28.74 °C 37.14 °C
06:14:32.559   1 152   2   5   0   0 28.89 °C 37.14 °C
06:14:32.560   1 151   2   5   0   0 28.81 °C 37.14 °C
06:14:32.574   1 152   2   8   0   0 28.89 °C 37.37 °C
06:14:32.576   1 151   2   4   0   0 28.81 °C 37.06 °C
06:14:32.577   1 153   2   5   0   0 28.96 °C 37.14 °C
06:14:32.590   1 154   1 227   0   0 29.04 °C 34.56 °C
06:14:32.591   1 149   2   2   0   0 28.66 °C 36.91 °C
06:14:32.606   1 151   2   2   0   0 28.81 °C 36.91 °C
06:14:32.607   1 151   2   7   0   0 28.81 °C 37.29 °C
06:14:32.608   1 152   2   6   0   0 28.89 °C 37.21 °C
06:14:32.621   1 151   2  12   0   0 28.81 °C 37.67 °C
06:14:32.623   1 149   2   1   0   0 28.66 °C 36.84 °C
06:14:32.637   1 151   2   5   0   0 28.81 °C 37.14 °C
06:14:32.639   1 153   2   8   0   0 28.96 °C 37.37 °C
06:14:32.640   1 152   2  10   0   0 28.89 °C 37.52 °C
06:14:32.653   1 151   2   9   0   0 28.81 °C 37.44 °C
06:14:32.654   1 153   2   6   0   0 28.96 °C 37.21 °C
06:14:32.655   1 152   2   4   0   0 28.89 °C 37.06 °C
06:14:32.668   1 151   2   7   0   0 28.81 °C 37.29 °C
06:14:32.670   1 151   2   7   0   0 28.81 °C 37.29 °C
06:14:32.684   1 152   2   7   0   0 28.89 °C 37.29 °C
06:14:32.685   1 151   2   9   0   0 28.81 °C 37.44 °C
06:14:32.699   1 152   2   7   0   0 28.89 °C 37.29 °C
06:14:32.701   1 152   2  16   0   0 28.89 °C 37.97 °C
06:14:32.703   1 151   2   9   0   0 28.81 °C 37.44 °C
06:14:32.714   1 153   2   9   0   0 28.96 °C 37.44 °C
06:14:32.715   1 150   2   7   0   0 28.74 °C 37.29 °C
06:14:32.729   1 152   2  11   0   0 28.89 °C 37.59 °C
06:14:32.731   1 152   2   9   0   0 28.89 °C 37.44 °C
06:14:32.732   1 154   2   9   0   0 29.04 °C 37.44 °C
06:14:32.749   1 153   2   9   0   0 28.96 °C 37.44 °C
06:14:32.750   1 152   2  12   0   0 28.89 °C 37.67 °C
06:14:32.751   1 152   2   8   0   0 28.89 °C 37.37 °C
06:14:32.764   1 150   2  10   0   0 28.74 °C 37.52 °C
06:14:32.765   1 152   2  12   0   0 28.89 °C 37.67 °C
06:14:32.779   1 154   2  14   0   0 29.04 °C 37.82 °C
06:14:32.781   1 155   2  14   0   0 29.11 °C 37.82 °C
06:14:32.782   1 151   2  15   0   0 28.81 °C 37.89 °C
06:14:32.795   1 151   2  12   0   0 28.81 °C 37.67 °C
06:14:32.796   1 152   2  14   0   0 28.89 °C 37.82 °C
06:14:32.811   1 151   2  11   0   0 28.81 °C 37.59 °C
06:14:32.812   1 154   2  14   0   0 29.04 °C 37.82 °C
06:14:32.813   1 152   2  16   0   0 28.89 °C 37.97 °C
06:14:32.826   1 151   2  15   0   0 28.81 °C 37.89 °C
06:14:32.828   1 155   2  11   0   0 29.11 °C 37.59 °C
06:14:32.842   1 153   2  19   0   0 28.96 °C 38.20 °C
06:14:32.843   1 152   2  11   0   0 28.89 °C 37.59 °C
06:14:32.845   1 152   2  15   0   0 28.89 °C 37.89 °C
06:14:32.857   1 154   2  13   0   0 29.04 °C 37.74 °C
06:14:32.859   1 151   2  12   0   0 28.81 °C 37.67 °C
06:14:32.873   1 151   2  10   0   0 28.81 °C 37.52 °C
06:14:32.874   1 152   2  17   0   0 28.89 °C 38.05 °C
06:14:32.876   1 152   2  14   0   0 28.89 °C 37.82 °C
06:14:32.889   1 151   2  14   0   0 28.81 °C 37.82 °C
06:14:32.890   1 151   2  16   0   0 28.81 °C 37.97 °C
06:14:32.904   1 152   2  12   0   0 28.89 °C 37.67 °C
06:14:32.906   1 151   2  17   0   0 28.81 °C 38.05 °C
06:14:32.907   1 152   2  19   0   0 28.89 °C 38.20 °C
06:14:32.920   1 153   2  13   0   0 28.96 °C 37.74 °C
06:14:32.921   1 153   2  15   0   0 28.96 °C 37.89 °C
06:14:32.936   1 151   2  16   0   0 28.81 °C 37.97 °C
06:14:32.937   1 153   2  20   0   0 28.96 °C 38.27 °C
06:14:32.938   1 153   2  17   0   0 28.96 °C 38.05 °C
06:14:32.951   1 154   1 231   0   0 29.04 °C 34.87 °C
06:14:32.953   1 153   2  22   0   0 28.96 °C 38.42 °C
06:14:32.967   1 152   2  12   0   0 28.89 °C 37.67 °C
06:14:32.968   1 153   2  21   0   0 28.96 °C 38.35 °C
06:14:32.969   1 149   2  18   0   0 28.66 °C 38.12 °C
06:14:32.982   1 152   2  21   0   0 28.89 °C 38.35 °C
06:14:32.984   1 151   2  14   0   0 28.81 °C 37.82 °C
06:14:32.998   1 152   2  18   0   0 28.89 °C 38.12 °C
06:14:33.000   1 151   2  17   0   0 28.81 °C 38.05 °C
06:14:33.001   1 153   2  20   0   0 28.96 °C 38.27 °C
06:14:33.014   1 152   2  17   0   0 28.89 °C 38.05 °C
06:14:33.015   1 152   2  24   0   0 28.89 °C 38.58 °C
06:14:33.029   1 153   2  22   0   0 28.96 °C 38.42 °C
06:14:33.031   1 152   2  25   0   0 28.89 °C 38.65 °C
06:14:33.032   1 154   1 233   0   0 29.04 °C 35.02 °C
06:14:33.045   1 152   2  25   0   0 28.89 °C 38.65 °C
06:14:33.046   1 153   2  25   0   0 28.96 °C 38.65 °C
06:14:33.061   1 153   2  26   0   0 28.96 °C 38.73 °C
06:14:33.062   1 109   2  24   0   0 25.63 °C 38.58 °C
06:14:33.063   1 152   2  27   0   0 28.89 °C 38.80 °C
06:14:33.076   1 154   2  26   0   0 29.04 °C 38.73 °C
06:14:33.078   1 108   2  30   0   0 25.56 °C 39.03 °C
06:14:33.092   1 109   2  25   0   0 25.63 °C 38.65 °C
06:14:33.093   1 152   2  25   0   0 28.89 °C 38.65 °C
06:14:33.094   1 153   2  25   0   0 28.96 °C 38.65 °C
06:14:33.107   1 153   2  27   0   0 28.96 °C 38.80 °C
06:14:33.109   1 151   2  26   0   0 28.81 °C 38.73 °C
06:14:33.123   1 109   2  30   0   0 25.63 °C 39.03 °C
06:14:33.124   1 111   2  29   0   0 25.78 °C 38.95 °C
06:14:33.126   1 154   2  26   0   0 29.04 °C 38.73 °C
06:14:33.154   1 111   2  34   0   0 25.78 °C 39.33 °C
06:14:33.156   1 114   2  30   0   0 26.01 °C 39.03 °C
06:14:33.157   1 109   2  29   0   0 25.63 °C 38.95 °C
06:14:33.158   1 109   2  33   0   0 25.63 °C 39.26 °C
06:14:33.159   1 112   2  33   0   0 25.86 °C 39.26 °C
06:14:33.170   1 110   2  32   0   0 25.71 °C 39.18 °C
06:14:33.171   1 111   2  29   0   0 25.78 °C 38.95 °C
06:14:33.186   1 153   2  28   0   0 28.96 °C 38.88 °C
06:14:33.187   1 110   2  28   0   0 25.71 °C 38.88 °C
06:14:33.188   1 109   2  31   0   0 25.63 °C 39.11 °C
06:14:33.201   1 109   2  33   0   0 25.63 °C 39.26 °C
06:14:33.203   1 110   2  32   0   0 25.71 °C 39.18 °C
06:14:33.217   1 109   2  31   0   0 25.63 °C 39.11 °C
06:14:33.220   1 112   2  38   0   0 25.86 °C 39.64 °C
06:14:33.221   1 112   2  33   0   0 25.86 °C 39.26 °C
06:14:33.233   1 112   2  32   0   0 25.86 °C 39.18 °C
06:14:33.235   1 110   2  36   0   0 25.71 °C 39.48 °C
06:14:33.249   1 109   2  34   0   0 25.63 °C 39.33 °C
06:14:33.250   1 111   2  36   0   0 25.78 °C 39.48 °C
06:14:33.252   1 109   2  23   0   0 25.63 °C 38.50 °C
06:14:33.264   1 153   2  29   0   0 28.96 °C 38.95 °C
06:14:33.266   1 111   2  33   0   0 25.78 °C 39.26 °C
06:14:33.282   1 110   2  35   0   0 25.71 °C 39.41 °C
06:14:33.284   1 111   2  33   0   0 25.78 °C 39.26 °C
06:14:33.286   1 108   2  36   0   0 25.56 °C 39.48 °C
06:14:33.298   1 109   2  33   0   0 25.63 °C 39.26 °C
06:14:33.300   1 110   2  30   0   0 25.71 °C 39.03 °C
06:14:33.301   1 111   2  34   0   0 25.78 °C 39.33 °C
06:14:33.314   1 108   2  31   0   0 25.56 °C 39.11 °C
06:14:33.315   1 107   2  37   0   0 25.48 °C 39.56 °C
06:14:33.329   1 111   2  31   0   0 25.78 °C 39.11 °C
06:14:33.331   1 110   2  36   0   0 25.71 °C 39.48 °C
06:14:33.332   1 110   2  33   0   0 25.71 °C 39.26 °C
06:14:33.348   1 112   2  35   0   0 25.86 °C 39.41 °C
06:14:33.350   1 110   2  35   0   0 25.71 °C 39.41 °C
06:14:33.351   1 109   2  34   0   0 25.63 °C 39.33 °C
06:14:33.364   1 109   2  35   0   0 25.63 °C 39.41 °C
06:14:33.365   1 111   2  36   0   0 25.78 °C 39.48 °C
06:14:33.379   1 110   2  33   0   0 25.71 °C 39.26 °C
06:14:33.381   1 110   2  37   0   0 25.71 °C 39.56 °C
06:14:33.382   1 112   2  36   0   0 25.86 °C 39.48 °C
06:14:33.395   1 111   2  35   0   0 25.78 °C 39.41 °C
06:14:33.396   1 110   2  38   0   0 25.71 °C 39.64 °C
06:14:33.411   1 111   2  37   0   0 25.78 °C 39.56 °C
06:14:33.412   1 111   2  41   0   0 25.78 °C 39.86 °C
06:14:33.413   1 112   2  44   0   0 25.86 °C 40.09 °C
06:14:33.426   1 111   2  43   0   0 25.78 °C 40.01 °C
06:14:33.428   1 111   2  37   0   0 25.78 °C 39.56 °C
06:14:33.442   1 110   2  38   0   0 25.71 °C 39.64 °C
06:14:33.443   1 108   2  36   0   0 25.56 °C 39.48 °C
06:14:33.445   1 110   2  37   0   0 25.71 °C 39.56 °C
06:14:33.458   1 108   2  37   0   0 25.56 °C 39.56 °C
06:14:33.459   1 111   2  39   0   0 25.78 °C 39.71 °C
06:14:33.473   1 108   2  46   0   0 25.56 °C 40.24 °C
06:14:33.474   1 111   2  44   0   0 25.78 °C 40.09 °C
06:14:33.475   1 110   2  39   0   0 25.71 °C 39.71 °C
06:14:33.489   1 110   2  39   0   0 25.71 °C 39.71 °C
06:14:33.490   1 111   2  41   0   0 25.78 °C 39.86 °C
06:14:33.504   1 111   2  41   0   0 25.78 °C 39.86 °C
06:14:33.506   1 110   2  37   0   0 25.71 °C 39.56 °C
06:14:33.507   1 112   2  36   0   0 25.86 °C 39.48 °C
06:14:33.520   1 109   2  40   0   0 25.63 °C 39.79 °C
06:14:33.521   1 111   2  46   0   0 25.78 °C 40.24 °C
06:14:33.536   1 111   2  43   0   0 25.78 °C 40.01 °C
06:14:33.537   1 110   2  42   0   0 25.71 °C 39.94 °C
06:14:33.538   1 111   2  45   0   0 25.78 °C 40.17 °C
06:14:33.551   1 112   2  42   0   0 25.86 °C 39.94 °C
06:14:33.553   1 110   2  45   0   0 25.71 °C 40.17 °C
06:14:33.567   1 108   2  40   0   0 25.56 °C 39.79 °C
06:14:33.568   1 112   2  41   0   0 25.86 °C 39.86 °C
06:14:33.569   1 112   2  43   0   0 25.86 °C 40.01 °C
06:14:33.582   1 110   2  39   0   0 25.71 °C 39.71 °C
06:14:33.584   1 115   2  44   0   0 26.09 °C 40.09 °C
06:14:33.598   1 110   2  40   0   0 25.71 °C 39.79 °C
06:14:33.600   1 109   2  44   0   0 25.63 °C 40.09 °C
06:14:33.601   1 110   2  40   0   0 25.71 °C 39.79 °C
06:14:33.614   1 111   2  46   0   0 25.78 °C 40.24 °C
06:14:33.615   1 110   2  47   0   0 25.71 °C 40.32 °C
06:14:33.629   1 111   2  49   0   0 25.78 °C 40.47 °C
06:14:33.631   1 111   2  43   0   0 25.78 °C 40.01 °C
06:14:33.632   1 112   2  44   0   0 25.86 °C 40.09 °C
06:14:33.645   1 111   2  38   0   0 25.78 °C 39.64 °C
06:14:33.646   1 112   2  46   0   0 25.86 °C 40.24 °C
06:14:33.661   1 110   2  40   0   0 25.71 °C 39.79 °C
06:14:33.662   1 109   2  43   0   0 25.63 °C 40.01 °C
06:14:33.663   1 111   2  42   0   0 25.78 °C 39.94 °C
06:14:33.676   1 110   2  45   0   0 25.71 °C 40.17 °C
06:14:33.677   1 110   2  43   0   0 25.71 °C 40.01 °C
06:14:33.692   1 111   2  43   0   0 25.78 °C 40.01 °C
06:14:33.694   1 112   2  41   0   0 25.86 °C 39.86 °C
06:14:33.695   1 109   2  35   0   0 25.63 °C 39.41 °C
06:14:33.707   1 109   2  40   0   0 25.63 °C 39.79 °C
06:14:33.709   1 112   2  44   0   0 25.86 °C 40.09 °C
06:14:33.723   1 111   2  43   0   0 25.78 °C 40.01 °C
06:14:33.724   1 112   2  41   0   0 25.86 °C 39.86 °C
06:14:33.726   1 112   2  40   0   0 25.86 °C 39.79 °C
06:14:33.739   1 109   2  42   0   0 25.63 °C 39.94 °C
06:14:33.740   1 112   2  45   0   0 25.86 °C 40.17 °C
06:14:33.755   1 110   2  43   0   0 25.71 °C 40.01 °C
06:14:33.757   1 110   2  41   0   0 25.71 °C 39.86 °C
06:14:33.758   1 111   2  49   0   0 25.78 °C 40.47 °C
06:14:33.770   1 111   2  48   0   0 25.78 °C 40.39 °C
06:14:33.771   1 112   2  49   0   0 25.86 °C 40.47 °C
06:14:33.785   1 113   2  46   0   0 25.93 °C 40.24 °C
06:14:33.786   1 112   2  45   0   0 25.86 °C 40.17 °C
06:14:33.787   1 110   2  47   0   0 25.71 °C 40.32 °C
06:14:33.816   1 114   2  48   0   0 26.01 °C 40.39 °C
06:14:33.817   1 110   2  50   0   0 25.71 °C 40.54 °C
06:14:33.818   1 112   2  46   0   0 25.86 °C 40.24 °C
06:14:33.819   1 110   2  47   0   0 25.71 °C 40.32 °C
06:14:33.820   1 111   2  45   0   0 25.78 °C 40.17 °C
06:14:33.831   1 111   2  45   0   0 25.78 °C 40.17 °C
06:14:33.832   1 112   2  44   0   0 25.86 °C 40.09 °C
06:14:33.847   1 111   2  47   0   0 25.78 °C 40.32 °C
06:14:33.849   1 110   2  49   0   0 25.71 °C 40.47 °C
06:14:33.850   1 109   2  48   0   0 25.63 °C 40.39 °C
06:14:33.862   1 110   2  46   0   0 25.71 °C 40.24 °C
06:14:33.863   1 110   2  54   0   0 25.71 °C 40.85 °C
06:14:33.878   1 112   2  52   0   0 25.86 °C 40.70 °C
06:14:33.879   1 111   2  53   0   0 25.78 °C 40.77 °C
06:14:33.880   1 112   2  48   0   0 25.86 °C 40.39 °C
06:14:33.894   1 110   2  49   0   0 25.71 °C 40.47 °C
06:14:33.896   1 112   2  43   0   0 25.86 °C 40.01 °C
06:14:33.909   1 109   2  47   0   0 25.63 °C 40.32 °C
06:14:33.911   1 111   2  51   0   0 25.78 °C 40.62 °C
06:14:33.912   1 111   2  50   0   0 25.78 °C 40.54 °C
06:14:33.924   1 111   2  47   0   0 25.78 °C 40.32 °C
06:14:33.925   1 109   2  50   0   0 25.63 °C 40.54 °C
06:14:33.949   1 112   2  48   0   0 25.86 °C 40.39 °C
06:14:33.950   1 110   2  48   0   0 25.71 °C 40.39 °C
06:14:33.951   1 111   2  51   0   0 25.78 °C 40.62 °C
06:14:33.953   1 110   2  51   0   0 25.71 °C 40.62 °C
06:14:33.964   1 112   2  53   0   0 25.86 °C 40.77 °C
06:14:33.966   1 110   2  45   0   0 25.71 °C 40.17 °C
06:14:33.980   1 111   2  46   0   0 25.78 °C 40.24 °C
06:14:33.981   1 110   2  48   0   0 25.71 °C 40.39 °C
06:14:33.983   1 112   2  48   0   0 25.86 °C 40.39 °C
06:14:33.996   1 112   2  53   0   0 25.86 °C 40.77 °C
06:14:33.997   1 110   2  54   0   0 25.71 °C 40.85 °C
06:14:34.011   1 111   2  50   0   0 25.78 °C 40.54 °C
06:14:34.013   1 113   2  54   0   0 25.93 °C 40.85 °C
06:14:34.015   1 110   2  50   0   0 25.71 °C 40.54 °C
06:14:34.026   1 112   2  49   0   0 25.86 °C 40.47 °C
06:14:34.028   1 110   2  51   0   0 25.71 °C 40.62 °C
06:14:34.043   1 110   2  49   0   0 25.71 °C 40.47 °C
06:14:34.045   1 109   2  49   0   0 25.63 °C 40.47 °C
06:14:34.046   1 112   2  50   0   0 25.86 °C 40.54 °C
06:14:34.058   1 112   2  51   0   0 25.86 °C 40.62 °C
06:14:34.060   1 114   2  55   0   0 26.01 °C 40.92 °C
06:14:34.085   1 110   2  53   0   0 25.71 °C 40.77 °C
06:14:34.087   1 110   2  52   0   0 25.71 °C 40.70 °C
06:14:34.088   1 110   2  47   0   0 25.71 °C 40.32 °C
06:14:34.090   1 109   2  48   0   0 25.63 °C 40.39 °C
06:14:34.091   1 111   2  47   0   0 25.78 °C 40.32 °C
06:14:34.101   1 111   2  50   0   0 25.78 °C 40.54 °C
06:14:34.103   1 113   2  51   0   0 25.93 °C 40.62 °C
06:14:34.117   1 109   2  52   0   0 25.63 °C 40.70 °C
06:14:34.118   1 112   2  51   0   0 25.86 °C 40.62 °C
06:14:34.120   1 108   2  56   0   0 25.56 °C 41.00 °C
06:14:34.133   1 111   2  50   0   0 25.78 °C 40.54 °C
06:14:34.134   1 111   2  53   0   0 25.78 °C 40.77 °C
06:14:34.149   1 111   2  48   0   0 25.78 °C 40.39 °C
06:14:34.150   1 112   2  53   0   0 25.86 °C 40.77 °C
06:14:34.151   1 111   2  49   0   0 25.78 °C 40.47 °C
06:14:34.164   1 111   2  51   0   0 25.78 °C 40.62 °C
06:14:34.165   1 110   2  53   0   0 25.71 °C 40.77 °C
06:14:34.179   1 110   2  52   0   0 25.71 °C 40.70 °C
06:14:34.181   1 112   2  56   0   0 25.86 °C 41.00 °C
06:14:34.182   1 111   2  55   0   0 25.78 °C 40.92 °C
06:14:34.195   1 112   2  55   0   0 25.86 °C 40.92 °C
06:14:34.196   1 110   2  55   0   0 25.71 °C 40.92 °C
06:14:34.211   1 109   2  53   0   0 25.63 °C 40.77 °C
06:14:34.212   1 112   2  56   0   0 25.86 °C 41.00 °C
06:14:34.213   1 112   2  50   0   0 25.86 °C 40.54 °C
06:14:34.226   1 111   2  53   0   0 25.78 °C 40.77 °C
06:14:34.228   1 111   2  51   0   0 25.78 °C 40.62 °C
06:14:34.242   1 111   2  49   0   0 25.78 °C 40.47 °C
06:14:34.244   1 111   2  56   0   0 25.78 °C 41.00 °C
06:14:34.245   1 110   2  56   0   0 25.71 °C 41.00 °C
06:14:34.258   1 111   2  59   0   0 25.78 °C 41.23 °C
06:14:34.259   1 113   2  58   0   0 25.93 °C 41.15 °C
06:14:34.273   1 109   2  56   0   0 25.63 °C 41.00 °C
06:14:34.275   1 112   2  58   0   0 25.86 °C 41.15 °C
06:14:34.276   1 110   2  62   0   0 25.71 °C 41.45 °C
06:14:34.289   1 113   2  56   0   0 25.93 °C 41.00 °C
06:14:34.291   1 110   2  55   0   0 25.71 °C 40.92 °C
06:14:34.304   1 111   2  54   0   0 25.78 °C 40.85 °C
06:14:34.306   1 110   2  54   0   0 25.71 °C 40.85 °C
06:14:34.307   1 111   2  55   0   0 25.78 °C 40.92 °C
06:14:34.320   1 110   2  58   0   0 25.71 °C 41.15 °C
06:14:34.322   1 111   2  60   0   0 25.78 °C 41.30 °C
06:14:34.349   1 111   2  58   0   0 25.78 °C 41.15 °C
06:14:34.351   1 111   2  55   0   0 25.78 °C 40.92 °C
06:14:34.352   1 110   2  54   0   0 25.71 °C 40.85 °C
06:14:34.353   1 109   2  53   0   0 25.63 °C 40.77 °C
06:14:34.354   1 111   2  56   0   0 25.78 °C 41.00 °C
06:14:34.364   1 110   2  55   0   0 25.71 °C 40.92 °C
06:14:34.366   1 111   2  59   0   0 25.78 °C 41.23 °C
06:14:34.380   1 111   2  53   0   0 25.78 °C 40.77 °C
06:14:34.381   1 112   2  56   0   0 25.86 °C 41.00 °C
06:14:34.383   1 113   2  58   0   0 25.93 °C 41.15 °C
06:14:34.396   1 112   2  56   0   0 25.86 °C 41.00 °C
06:14:34.397   1 112   2  59   0   0 25.86 °C 41.23 °C
06:14:34.412   1 110   2  58   0   0 25.71 °C 41.15 °C
06:14:34.413   1 112   2  58   0   0 25.86 °C 41.15 °C
06:14:34.414   1 112   2  57   0   0 25.86 °C 41.07 °C
06:14:34.427   1 110   2  54   0   0 25.71 °C 40.85 °C
06:14:34.428   1 113   2  57   0   0 25.93 °C 41.07 °C
06:14:34.443   1 111   2  58   0   0 25.78 °C 41.15 °C
06:14:34.444   1 113   2  57   0   0 25.93 °C 41.07 °C
06:14:34.445   1 112   2  60   0   0 25.86 °C 41.30 °C
06:14:34.458   1 113   2  59   0   0 25.93 °C 41.23 °C
06:14:34.460   1 112   2  56   0   0 25.86 °C 41.00 °C
06:14:34.474   1 111   2  61   0   0 25.78 °C 41.38 °C
06:14:34.475   1 109   2  56   0   0 25.63 °C 41.00 °C
06:14:34.476   1 110   2  53   0   0 25.71 °C 40.77 °C
06:14:34.489   1 112   2  51   0   0 25.86 °C 40.62 °C
06:14:34.491   1 109   2  52   0   0 25.63 °C 40.70 °C
06:14:34.505   1 112   2  59   0   0 25.86 °C 41.23 °C
06:14:34.507   1 112   2  60   0   0 25.86 °C 41.30 °C
06:14:34.509   1 110   2  58   0   0 25.71 °C 41.15 °C
06:14:34.521   1 112   2  58   0   0 25.86 °C 41.15 °C
06:14:34.522   1 112   2  61   0   0 25.86 °C 41.38 °C
06:14:34.536   1 111   2  56   0   0 25.78 °C 41.00 °C
06:14:34.537   1 110   2  54   0   0 25.71 °C 40.85 °C
06:14:34.538   1 112   2  59   0   0 25.86 °C 41.23 °C
06:14:34.566   1 112   2  59   0   0 25.86 °C 41.23 °C
06:14:34.567   1 114   2  59   0   0 26.01 °C 41.23 °C
06:14:34.568   1 112   2  61   0   0 25.86 °C 41.38 °C
06:14:34.570   1 110   2  57   0   0 25.71 °C 41.07 °C
06:14:34.571   1 112   2  59   0   0 25.86 °C 41.23 °C
06:14:34.581   1 113   2  61   0   0 25.93 °C 41.38 °C
06:14:34.582   1 114   2  60   0   0 26.01 °C 41.30 °C
06:14:34.597   1 112   2  57   0   0 25.86 °C 41.07 °C
06:14:34.598   1 112   2  58   0   0 25.86 °C 41.15 °C
06:14:34.600   1 110   2  59   0   0 25.71 °C 41.23 °C
06:14:34.612   1 111   2  60   0   0 25.78 °C 41.30 °C
06:14:34.614   1 111   2  57   0   0 25.78 °C 41.07 °C
06:14:34.628   1 110   2  60   0   0 25.71 °C 41.30 °C
06:14:34.629   1 112   2  62   0   0 25.86 °C 41.45 °C
06:14:34.630   1 111   2  60   0   0 25.78 °C 41.30 °C
06:14:34.643   1 112   2  61   0   0 25.86 °C 41.38 °C
06:14:34.645   1 113   2  58   0   0 25.93 °C 41.15 °C
06:14:34.659   1 111   2  61   0   0 25.78 °C 41.38 °C
06:14:34.661   1 112   2  65   0   0 25.86 °C 41.68 °C
06:14:34.662   1 112   2  64   0   0 25.86 °C 41.60 °C
06:14:34.675   1 112   2  64   0   0 25.86 °C 41.60 °C
06:14:34.676   1 110   2  64   0   0 25.71 °C 41.60 °C
06:14:34.691   1 110   2  63   0   0 25.71 °C 41.53 °C
06:14:34.692   1 112   2  63   0   0 25.86 °C 41.53 °C
06:14:34.694   1 111   2  65   0   0 25.78 °C 41.68 °C
06:14:34.706   1 113   2  61   0   0 25.93 °C 41.38 °C
06:14:34.708   1 112   2  67   0   0 25.86 °C 41.83 °C
06:14:34.722   1 109   2  61   0   0 25.63 °C 41.38 °C
06:14:34.723   1 110   2  64   0   0 25.71 °C 41.60 °C
06:14:34.724   1 112   2  65   0   0 25.86 °C 41.68 °C
06:14:34.737   1 111   2  64   0   0 25.78 °C 41.60 °C
06:14:34.738   1 112   2  69   0   0 25.86 °C 41.98 °C
06:14:34.753   1 114   2  64   0   0 26.01 °C 41.60 °C
06:14:34.754   1 111   2  64   0   0 25.78 °C 41.60 °C
06:14:34.756   1 112   2  66   0   0 25.86 °C 41.76 °C
06:14:34.768   1 112   2  71   0   0 25.86 °C 42.13 °C
06:14:34.770   1 113   2  68   0   0 25.93 °C 41.91 °C
06:14:34.784   1 114   2  75   0   0 26.01 °C 42.44 °C
06:14:34.786   1 112   2  66   0   0 25.86 °C 41.76 °C
06:14:34.787   1 114   2  69   0   0 26.01 °C 41.98 °C
06:14:34.800   1 113   2  71   0   0 25.93 °C 42.13 °C
06:14:34.801   1 113   2  71   0   0 25.93 °C 42.13 °C
06:14:34.816   1 110   2  68   0   0 25.71 °C 41.91 °C
06:14:34.818   1 110   2  68   0   0 25.71 °C 41.91 °C
06:14:34.819   1 110   2  74   0   0 25.71 °C 42.36 °C
06:14:34.831   1 112   2  71   0   0 25.86 °C 42.13 °C
06:14:34.833   1 113   2  74   0   0 25.93 °C 42.36 °C
06:14:34.846   1 112   2  74   0   0 25.86 °C 42.36 °C
06:14:34.847   1 112   2  76   0   0 25.86 °C 42.51 °C
06:14:34.862   1 111   2  77   0   0 25.78 °C 42.59 °C
06:14:34.863   1 112   2  71   0   0 25.86 °C 42.13 °C
06:14:34.865   1 112   2  72   0   0 25.86 °C 42.21 °C
06:14:34.882   1 112   2  78   0   0 25.86 °C 42.66 °C
06:14:34.884   1 112   2  75   0   0 25.86 °C 42.44 °C
06:14:34.885   1 113   2  82   0   0 25.93 °C 42.97 °C
06:14:34.898   1 113   2  80   0   0 25.93 °C 42.82 °C
06:14:34.900   1 112   2  79   0   0 25.86 °C 42.74 °C
06:14:34.901   1 114   2  81   0   0 26.01 °C 42.89 °C
06:14:34.914   1 113   2  84   0   0 25.93 °C 43.12 °C
06:14:34.915   1 113   2  84   0   0 25.93 °C 43.12 °C
06:14:34.929   1 114   2  83   0   0 26.01 °C 43.04 °C
06:14:34.930   1 114   2  85   0   0 26.01 °C 43.19 °C
06:14:34.932   1 114   2  84   0   0 26.01 °C 43.12 °C
06:14:34.945   1 114   2  84   0   0 26.01 °C 43.12 °C
06:14:34.946   1 115   2  88   0   0 26.09 °C 43.42 °C
06:14:34.961   1 112   2  86   0   0 25.86 °C 43.27 °C
06:14:34.962   1 114   2  88   0   0 26.01 °C 43.42 °C
06:14:34.963   1 115   2  91   0   0 26.09 °C 43.65 °C
06:14:34.976   1 115   2  92   0   0 26.09 °C 43.72 °C
06:14:34.977   1 115   2  92   0   0 26.09 °C 43.72 °C
06:14:34.992   1 114   2  90   0   0 26.01 °C 43.57 °C
06:14:34.993   1 115   2  91   0   0 26.09 °C 43.65 °C
06:14:34.994   1 113   2  89   0   0 25.93 °C 43.50 °C
06:14:35.008   1 114   2  90   0   0 26.01 °C 43.57 °C
06:14:35.009   1 114   2  92   0   0 26.01 °C 43.72 °C
06:14:35.023   1 112   2  96   0   0 25.86 °C 44.03 °C
06:14:35.024   1 112   2  94   0   0 25.86 °C 43.88 °C
06:14:35.026   1 108   2  94   0   0 25.56 °C 43.88 °C
06:14:35.039   1 113   2  98   0   0 25.93 °C 44.18 °C
06:14:35.040   1 115   2  98   0   0 26.09 °C 44.18 °C
06:14:35.054   1 115   2  95   0   0 26.09 °C 43.95 °C
06:14:35.056   1 113   2  97   0   0 25.93 °C 44.10 °C
06:14:35.057   1 113   2  98   0   0 25.93 °C 44.18 °C
06:14:35.070   1 112   2  95   0   0 25.86 °C 43.95 °C
06:14:35.071   1 114   2 100   0   0 26.01 °C 44.33 °C
06:14:35.085   1 112   2  99   0   0 25.86 °C 44.25 °C
06:14:35.087   1 115   2 103   0   0 26.09 °C 44.56 °C
06:14:35.088   1 114   2 103   0   0 26.01 °C 44.56 °C
06:14:35.101   1 116   2 101   0   0 26.16 °C 44.41 °C
06:14:35.102   1 115   2 103   0   0 26.09 °C 44.56 °C
06:14:35.117   1 115   2 107   0   0 26.09 °C 44.86 °C
06:14:35.119   1 114   2 104   0   0 26.01 °C 44.63 °C
06:14:35.121   1 114   2 104   0   0 26.01 °C 44.63 °C
06:14:35.133   1 112   2 104   0   0 25.86 °C 44.63 °C
06:14:35.135   1 113   2 105   0   0 25.93 °C 44.71 °C
06:14:35.148   1 118   2 107   0   0 26.31 °C 44.86 °C
06:14:35.150   1 114   2 108   0   0 26.01 °C 44.94 °C
06:14:35.151   1 116   2 110   0   0 26.16 °C 45.09 °C
06:14:35.164   1 113   2 105   0   0 25.93 °C 44.71 °C
06:14:35.166   1 115   2 112   0   0 26.09 °C 45.24 °C
06:14:35.182   1 114   2 109   0   0 26.01 °C 45.01 °C
06:14:35.183   1 114   2 109   0   0 26.01 °C 45.01 °C
06:14:35.184   1 115   2 111   0   0 26.09 °C 45.16 °C
06:14:35.197   1 115   2 108   0   0 26.09 °C 44.94 °C
06:14:35.199   1 115   2 108   0   0 26.09 °C 44.94 °C
06:14:35.200   1 113   2 112   0   0 25.93 °C 45.24 °C
06:14:35.213   1 113   2 112   0   0 25.93 °C 45.24 °C
06:14:35.214   1 112   2 109   0   0 25.86 °C 45.01 °C
06:14:35.229   1 114   2 117   0   0 26.01 °C 45.62 °C
06:14:35.231   1 114   2 113   0   0 26.01 °C 45.31 °C
06:14:35.232   1 115   2 115   0   0 26.09 °C 45.47 °C
06:14:35.244   1 114   2 113   0   0 26.01 °C 45.31 °C
06:14:35.245   1 115   2 114   0   0 26.09 °C 45.39 °C
06:14:35.260   1 116   2 113   0   0 26.16 °C 45.31 °C
06:14:35.261   1 115   2 116   0   0 26.09 °C 45.54 °C
06:14:35.263   1 115   2 121   0   0 26.09 °C 45.92 °C
06:14:35.275   1 115   2 120   0   0 26.09 °C 45.84 °C
06:14:35.277   1 115   2 122   0   0 26.09 °C 46.00 °C
06:14:35.291   1 115   2 118   0   0 26.09 °C 45.69 °C
06:14:35.293   1 114   2 117   0   0 26.01 °C 45.62 °C
06:14:35.294   1 113   2 123   0   0 25.93 °C 46.07 °C
06:14:35.307   1 115   2 122   0   0 26.09 °C 46.00 °C
06:14:35.308   1 116   2 124   0   0 26.16 °C 46.15 °C
06:14:35.322   1 116   2 124   0   0 26.16 °C 46.15 °C
06:14:35.324   1 114   2 119   0   0 26.01 °C 45.77 °C
06:14:35.325   1 114   2 119   0   0 26.01 °C 45.77 °C
06:14:35.338   1 115   2 122   0   0 26.09 °C 46.00 °C
06:14:35.340   1 115   2 123   0   0 26.09 °C 46.07 °C
06:14:35.353   1 115   2 128   0   0 26.09 °C 46.45 °C
06:14:35.355   1 115   2 127   0   0 26.09 °C 46.37 °C
06:14:35.356   1 114   2 128   0   0 26.01 °C 46.45 °C
06:14:35.369   1 116   2 128   0   0 26.16 °C 46.45 °C
06:14:35.370   1 117   2 129   0   0 26.24 °C 46.53 °C
06:14:35.399   1 117   2 129   0   0 26.24 °C 46.53 °C
06:14:35.401   1 115   2 126   0   0 26.09 °C 46.30 °C
06:14:35.402   1 116   2 137   0   0 26.16 °C 47.13 °C
06:14:35.403   1 115   2 131   0   0 26.09 °C 46.68 °C
06:14:35.404   1 116   2 133   0   0 26.16 °C 46.83 °C
06:14:35.415   1 116   2 134   0   0 26.16 °C 46.90 °C
06:14:35.416   1 116   2 132   0   0 26.16 °C 46.75 °C
06:14:35.418   1 115   2 134   0   0 26.09 °C 46.90 °C
06:14:35.430   1 116   2 132   0   0 26.16 °C 46.75 °C
06:14:35.432   1 117   2 136   0   0 26.24 °C 47.05 °C
06:14:35.446   1 118   2 132   0   0 26.31 °C 46.75 °C
06:14:35.447   1 116   2 135   0   0 26.16 °C 46.98 °C
06:14:35.462   1 115   2 131   0   0 26.09 °C 46.68 °C
06:14:35.463   1 115   2 133   0   0 26.09 °C 46.83 °C
06:14:35.464   1 115   2 135   0   0 26.09 °C 46.98 °C
06:14:35.477   1 114   2 137   0   0 26.01 °C 47.13 °C
06:14:35.478   1 115   2 137   0   0 26.09 °C 47.13 °C
06:14:35.493   1 117   2 138   0   0 26.24 °C 47.21 °C
06:14:35.494   1 118   2 137   0   0 26.31 °C 47.13 °C
06:14:35.495   1 116   2 137   0   0 26.16 °C 47.13 °C
06:14:35.508   1 117   2 138   0   0 26.24 °C 47.21 °C
06:14:35.510   1 117   2 135   0   0 26.24 °C 46.98 °C
06:14:35.524   1 115   2 138   0   0 26.09 °C 47.21 °C
06:14:35.525   1 116   2 137   0   0 26.16 °C 47.13 °C
06:14:35.527   1 117   2 140   0   0 26.24 °C 47.36 °C
06:14:35.540   1 115   2 139   0   0 26.09 °C 47.28 °C
06:14:35.542   1 117   2 143   0   0 26.24 °C 47.58 °C
06:14:35.556   1 117   2 144   0   0 26.24 °C 47.66 °C
06:14:35.558   1 115   2 144   0   0 26.09 °C 47.66 °C
06:14:35.560   1 113   2 132   0   0 25.93 °C 46.75 °C
06:14:35.571   1 117   2 141   0   0 26.24 °C 47.43 °C
06:14:35.573   1 118   2 144   0   0 26.31 °C 47.66 °C
06:14:35.586   1 118   2 148   0   0 26.31 °C 47.96 °C
06:14:35.588   1 117   2 141   0   0 26.24 °C 47.43 °C
06:14:35.589   1 117   2 150   0   0 26.24 °C 48.11 °C
06:14:35.602   1 117   2 144   0   0 26.24 °C 47.66 °C
06:14:35.604   1 116   2 148   0   0 26.16 °C 47.96 °C
06:14:35.618   1 116   2 153   0   0 26.16 °C 48.34 °C
06:14:35.619   1 116   2 151   0   0 26.16 °C 48.19 °C
06:14:35.621   1 115   2 152   0   0 26.09 °C 48.27 °C
06:14:35.633   1 116   2 155   0   0 26.16 °C 48.49 °C
06:14:35.635   1 117   2 153   0   0 26.24 °C 48.34 °C
06:14:35.649   1 116   2 155   0   0 26.16 °C 48.49 °C
06:14:35.650   1 116   2 147   0   0 26.16 °C 47.89 °C
06:14:35.652   1 117   2 155   0   0 26.24 °C 48.49 °C
06:14:35.665   1 118   2 156   0   0 26.31 °C 48.57 °C
06:14:35.666   1 184   2  94   0   0 31.31 °C 43.88 °C
06:14:35.680   1 113   2 156   0   0 25.93 °C 48.57 °C
06:14:35.682   1 184   2 100   0   0 31.31 °C 44.33 °C
06:14:35.683   1 114   2 161   0   0 26.01 °C 48.95 °C
06:14:35.696   1 187   2 104   0   0 31.54 °C 44.63 °C
06:14:35.697   1 116   2 161   0   0 26.16 °C 48.95 °C
06:14:35.711   1 185   2  99   0   0 31.38 °C 44.25 °C
06:14:35.713   1 116   2 161   0   0 26.16 °C 48.95 °C
06:14:35.714   1 186   2 101   0   0 31.46 °C 44.41 °C
06:14:35.727   1 113   2 164   0   0 25.93 °C 49.17 °C
06:14:35.729   1 185   2 106   0   0 31.38 °C 44.78 °C
06:14:35.743   1 114   2 167   0   0 26.01 °C 49.40 °C
06:14:35.744   1 188   2 103   0   0 31.61 °C 44.56 °C
06:14:35.745   1 115   2 165   0   0 26.09 °C 49.25 °C
06:14:35.758   1 186   2 104   0   0 31.46 °C 44.63 °C
06:14:35.759   1 116   2 166   0   0 26.16 °C 49.33 °C
06:14:35.782   1 185   2 105   0   0 31.38 °C 44.71 °C
06:14:35.784   1 114   2 163   0   0 26.01 °C 49.10 °C
06:14:35.785   1 186   2 108   0   0 31.46 °C 44.94 °C
06:14:35.786   1 114   2 164   0   0 26.01 °C 49.17 °C
06:14:35.798   1 187   2 114   0   0 31.54 °C 45.39 °C
06:14:35.799   1 115   2 172   0   0 26.09 °C 49.78 °C
06:14:35.801   1 185   2 109   0   0 31.38 °C 45.01 °C
06:14:35.813   1 118   2 174   0   0 26.31 °C 49.93 °C
06:14:35.815   1 187   2 115   0   0 31.54 °C 45.47 °C
06:14:35.829   1 116   2 171   0   0 26.16 °C 49.70 °C
06:14:35.831   1 185   2 111   0   0 31.38 °C 45.16 °C
06:14:35.832   1 113   2 176   0   0 25.93 °C 50.08 °C
06:14:35.845   1 185   2 111   0   0 31.38 °C 45.16 °C
06:14:35.846   1 114   2 171   0   0 26.01 °C 49.70 °C
06:14:35.861   1 187   2 117   0   0 31.54 °C 45.62 °C
06:14:35.862   1 113   2 172   0   0 25.93 °C 49.78 °C
06:14:35.864   1 187   2 116   0   0 31.54 °C 45.54 °C
06:14:35.876   1 116   2 176   0   0 26.16 °C 50.08 °C
06:14:35.878   1 187   2 124   0   0 31.54 °C 46.15 °C
06:14:35.891   1 116   2 180   0   0 26.16 °C 50.39 °C
06:14:35.893   1 186   2 122   0   0 31.46 °C 46.00 °C
06:14:35.894   1 114   2 174   0   0 26.01 °C 49.93 °C
06:14:35.907   1 187   2 123   0   0 31.54 °C 46.07 °C
06:14:35.909   1 116   2 175   0   0 26.16 °C 50.01 °C
06:14:35.932   1 186   2 119   0   0 31.46 °C 45.77 °C
06:14:35.934   1 117   2 181   0   0 26.24 °C 50.46 °C
06:14:35.935   1 187   2 123   0   0 31.54 °C 46.07 °C
06:14:35.936   1 116   2 182   0   0 26.16 °C 50.54 °C
06:14:35.948   1 186   2 122   0   0 31.46 °C 46.00 °C
06:14:35.949   1 116   2 181   0   0 26.16 °C 50.46 °C
06:14:35.950   1 186   2 123   0   0 31.46 °C 46.07 °C
06:14:35.963   1 115   2 175   0   0 26.09 °C 50.01 °C
06:14:35.965   1 188   2 127   0   0 31.61 °C 46.37 °C
06:14:35.979   1 115   2 177   0   0 26.09 °C 50.16 °C
06:14:35.981   1 186   2 125   0   0 31.46 °C 46.22 °C
06:14:35.983   1 115   2 182   0   0 26.09 °C 50.54 °C
06:14:35.995   1 187   2 125   0   0 31.54 °C 46.22 °C
06:14:35.996   1 115   2 178   0   0 26.09 °C 50.23 °C
06:14:36.010   1 188   2 128   0   0 31.61 °C 46.45 °C
06:14:36.012   1 115   2 182   0   0 26.09 °C 50.54 °C
06:14:36.013   1 187   2 130   0   0 31.54 °C 46.60 °C
06:14:36.026   1 115   2 183   0   0 26.09 °C 50.61 °C
06:14:36.027   1 187   2 126   0   0 31.54 °C 46.30 °C
06:14:36.041   1 116   2 184   0   0 26.16 °C 50.69 °C
06:14:36.043   1 187   2 135   0   0 31.54 °C 46.98 °C
06:14:36.044   1 118   2 181   0   0 26.31 °C 50.46 °C
06:14:36.057   1 187   2 126   0   0 31.54 °C 46.30 °C
06:14:36.058   1 115   2 179   0   0 26.09 °C 50.31 °C
06:14:36.073   1 187   2 128   0   0 31.54 °C 46.45 °C
06:14:36.074   1 115   2 186   0   0 26.09 °C 50.84 °C
06:14:36.075   1 187   2 133   0   0 31.54 °C 46.83 °C
06:14:36.089   1 116   2 185   0   0 26.16 °C 50.76 °C
06:14:36.090   1 187   2 127   0   0 31.54 °C 46.37 °C
06:14:36.104   1 116   2 181   0   0 26.16 °C 50.46 °C
06:14:36.106   1 185   2 131   0   0 31.38 °C 46.68 °C
06:14:36.108   1 118   2 188   0   0 26.31 °C 50.99 °C
06:14:36.120   1 186   2 130   0   0 31.46 °C 46.60 °C
06:14:36.121   1 115   2 186   0   0 26.09 °C 50.84 °C
06:14:36.135   1 188   2 132   0   0 31.61 °C 46.75 °C
06:14:36.137   1 116   2 187   0   0 26.16 °C 50.92 °C
06:14:36.138   1 189   2 132   0   0 31.69 °C 46.75 °C
06:14:36.151   1 117   2 190   0   0 26.24 °C 51.14 °C
06:14:36.152   1 187   2 133   0   0 31.54 °C 46.83 °C
06:14:36.166   1 115   2 184   0   0 26.09 °C 50.69 °C
06:14:36.168   1 185   2 128   0   0 31.38 °C 46.45 °C
06:14:36.169   1 118   2 192   0   0 26.31 °C 51.29 °C
06:14:36.182   1 188   2 131   0   0 31.61 °C 46.68 °C
06:14:36.183   1 116   2 190   0   0 26.16 °C 51.14 °C
06:14:36.197   1 186   2 127   0   0 31.46 °C 46.37 °C
06:14:36.199   1 115   2 187   0   0 26.09 °C 50.92 °C
06:14:36.200   1 187   2 133   0   0 31.54 °C 46.83 °C
06:14:36.213   1 116   2 190   0   0 26.16 °C 51.14 °C
06:14:36.214   1 188   2 130   0   0 31.61 °C 46.60 °C
06:14:36.229   1 115   2 187   0   0 26.09 °C 50.92 °C
06:14:36.230   1 187   2 129   0   0 31.54 °C 46.53 °C
06:14:36.232   1 115   2 186   0   0 26.09 °C 50.84 °C
06:14:36.244   1 188   2 134   0   0 31.61 °C 46.90 °C
06:14:36.246   1 116   2 191   0   0 26.16 °C 51.22 °C
06:14:36.260   1 187   2 132   0   0 31.54 °C 46.75 °C
06:14:36.261   1 116   2 187   0   0 26.16 °C 50.92 °C
06:14:36.263   1 187   2 134   0   0 31.54 °C 46.90 °C
06:14:36.276   1 117   2 192   0   0 26.24 °C 51.29 °C
06:14:36.277   1 188   2 134   0   0 31.61 °C 46.90 °C
06:14:36.291   1 116   2 190   0   0 26.16 °C 51.14 °C
06:14:36.293   1 187   2 131   0   0 31.54 °C 46.68 °C
06:14:36.294   1 115   2 189   0   0 26.09 °C 51.07 °C
06:14:36.307   1 188   2 134   0   0 31.61 °C 46.90 °C
06:14:36.308   1 117   2 190   0   0 26.24 °C 51.14 °C
06:14:36.323   1 188   2 135   0   0 31.61 °C 46.98 °C
06:14:36.324   1 116   2 189   0   0 26.16 °C 51.07 °C
06:14:36.325   1 187   2 133   0   0 31.54 °C 46.83 °C
06:14:36.338   1 116   2 193   0   0 26.16 °C 51.37 °C
06:14:36.340   1 187   2 136   0   0 31.54 °C 47.05 °C
06:14:36.354   1 115   2 189   0   0 26.09 °C 51.07 °C
06:14:36.355   1 187   2 133   0   0 31.54 °C 46.83 °C
06:14:36.356   1 117   2 190   0   0 26.24 °C 51.14 °C
06:14:36.370   1 188   2 136   0   0 31.61 °C 47.05 °C
06:14:36.371   1 117   2 191   0   0 26.24 °C 51.22 °C
06:14:36.399   1 188   2 148   0   0 31.61 °C 47.96 °C
06:14:36.401   1 115   2 190   0   0 26.09 °C 51.14 °C
06:14:36.402   1 187   2 141   0   0 31.54 °C 47.43 °C
06:14:36.404   1 116   2 191   0   0 26.16 °C 51.22 °C
06:14:36.405   1 188   2 142   0   0 31.61 °C 47.51 °C
06:14:36.414   1 117   2 193   0   0 26.24 °C 51.37 °C
06:14:36.415   1 187   2 136   0   0 31.54 °C 47.05 °C
06:14:36.430   1 115   2 190   0   0 26.09 °C 51.14 °C
06:14:36.431   1 187   2 138   0   0 31.54 °C 47.21 °C
06:14:36.433   1 116   2 195   0   0 26.16 °C 51.52 °C
06:14:36.446   1 186   2 143   0   0 31.46 °C 47.58 °C
06:14:36.447   1 117   2 196   0   0 26.24 °C 51.60 °C
06:14:36.465   1 188   2 140   0   0 31.61 °C 47.36 °C
06:14:36.467   1 118   2 199   0   0 26.31 °C 51.82 °C
06:14:36.468   1 188   2 143   0   0 31.61 °C 47.58 °C
06:14:36.469   1 117   2 197   0   0 26.24 °C 51.67 °C
06:14:36.481   1 193   2 143   0   0 31.99 °C 47.58 °C
06:14:36.483   1 116   2 195   0   0 26.16 °C 51.52 °C
06:14:36.497   1 187   2 146   0   0 31.54 °C 47.81 °C
06:14:36.498   1 118   2 199   0   0 26.31 °C 51.82 °C
06:14:36.500   1 189   2 144   0   0 31.69 °C 47.66 °C
06:14:36.512   1 117   2 199   0   0 26.24 °C 51.82 °C
06:14:36.513   1 188   2 144   0   0 31.61 °C 47.66 °C
06:14:36.528   1 118   2 202   0   0 26.31 °C 52.05 °C
06:14:36.529   1 188   2 146   0   0 31.61 °C 47.81 °C
06:14:36.531   1 117   2 205   0   0 26.24 °C 52.28 °C
06:14:36.543   1 189   2 150   0   0 31.69 °C 48.11 °C
06:14:36.545   1 118   2 203   0   0 26.31 °C 52.13 °C
06:14:36.559   1 188   2 146   0   0 31.61 °C 47.81 °C
06:14:36.560   1 116   2 203   0   0 26.16 °C 52.13 °C
06:14:36.562   1 189   2 150   0   0 31.69 °C 48.11 °C
06:14:36.575   1 116   2 205   0   0 26.16 °C 52.28 °C
06:14:36.576   1 188   2 146   0   0 31.61 °C 47.81 °C
06:14:36.590   1 117   2 205   0   0 26.24 °C 52.28 °C
06:14:36.592   1 188   2 151   0   0 31.61 °C 48.19 °C
06:14:36.593   1 118   2 211   0   0 26.31 °C 52.73 °C
06:14:36.606   1 190   2 153   0   0 31.76 °C 48.34 °C
06:14:36.608   1 116   2 208   0   0 26.16 °C 52.51 °C
06:14:36.622   1 188   2 149   0   0 31.61 °C 48.04 °C
06:14:36.623   1 116   2 208   0   0 26.16 °C 52.51 °C
06:14:36.624   1 188   2 155   0   0 31.61 °C 48.49 °C
06:14:36.637   1 117   2 210   0   0 26.24 °C 52.66 °C
06:14:36.639   1 188   2 153   0   0 31.61 °C 48.34 °C
06:14:36.653   1 116   2 210   0   0 26.16 °C 52.66 °C
06:14:36.654   1 190   2 158   0   0 31.76 °C 48.72 °C
06:14:36.656   1 186   2 160   0   0 31.46 °C 48.87 °C
06:14:36.668   1 186   2 160   0   0 31.46 °C 48.87 °C
06:14:36.670   1 186   2 161   0   0 31.46 °C 48.95 °C
06:14:36.684   1 184   2 160   0   0 31.31 °C 48.87 °C
06:14:36.686   1 185   2 165   0   0 31.38 °C 49.25 °C
06:14:36.687   1 185   2 163   0   0 31.38 °C 49.10 °C
06:14:36.700   1 187   2 168   0   0 31.54 °C 49.48 °C
06:14:36.701   1 187   2 166   0   0 31.54 °C 49.33 °C
06:14:36.715   1 184   2 168   0   0 31.31 °C 49.48 °C
06:14:36.717   1 187   2 166   0   0 31.54 °C 49.33 °C
06:14:36.718   1 184   2 166   0   0 31.31 °C 49.33 °C
06:14:36.731   1 187   2 170   0   0 31.54 °C 49.63 °C
06:14:36.733   1 185   2 169   0   0 31.38 °C 49.55 °C
06:14:36.747   1 186   2 170   0   0 31.46 °C 49.63 °C
06:14:36.748   1 186   2 169   0   0 31.46 °C 49.55 °C
06:14:36.749   1 184   2 167   0   0 31.31 °C 49.40 °C
06:14:36.762   1 186   2 172   0   0 31.46 °C 49.78 °C
06:14:36.763   1 185   2 172   0   0 31.38 °C 49.78 °C
06:14:36.778   1 187   2 171   0   0 31.54 °C 49.70 °C
06:14:36.779   1 185   2 173   0   0 31.38 °C 49.86 °C
06:14:36.781   1 186   2 177   0   0 31.46 °C 50.16 °C
06:14:36.793   1 187   2 181   0   0 31.54 °C 50.46 °C
06:14:36.795   1 188   2 176   0   0 31.61 °C 50.08 °C
06:14:36.809   1 186   2 177   0   0 31.46 °C 50.16 °C
06:14:36.810   1 187   2 176   0   0 31.54 °C 50.08 °C
06:14:36.812   1 185   2 176   0   0 31.38 °C 50.08 °C
06:14:36.825   1 186   2 177   0   0 31.46 °C 50.16 °C
06:14:36.826   1 184   2 179   0   0 31.31 °C 50.31 °C
06:14:36.840   1 186   2 179   0   0 31.46 °C 50.31 °C
06:14:36.842   1 187   2 186   0   0 31.54 °C 50.84 °C
06:14:36.843   1 188   2 183   0   0 31.61 °C 50.61 °C
06:14:36.856   1 188   2 188   0   0 31.61 °C 50.99 °C
06:14:36.857   1 187   2 184   0   0 31.54 °C 50.69 °C
06:14:36.871   1 188   2 184   0   0 31.61 °C 50.69 °C
06:14:36.873   1 189   2 185   0   0 31.69 °C 50.76 °C
06:14:36.874   1 187   2 184   0   0 31.54 °C 50.69 °C
06:14:36.887   1 186   2 187   0   0 31.46 °C 50.92 °C
06:14:36.889   1 187   2 185   0   0 31.54 °C 50.76 °C
06:14:36.903   1 188   2 185   0   0 31.61 °C 50.76 °C
06:14:36.904   1 186   2 184   0   0 31.46 °C 50.69 °C
06:14:36.906   1 189   2 189   0   0 31.69 °C 51.07 °C
06:14:36.918   1 187   2 191   0   0 31.54 °C 51.22 °C
06:14:36.920   1 189   2 187   0   0 31.69 °C 50.92 °C
06:14:36.934   1 188   2 192   0   0 31.61 °C 51.29 °C
06:14:36.936   1 188   2 188   0   0 31.61 °C 50.99 °C
06:14:36.938   1 187   2 196   0   0 31.54 °C 51.60 °C
06:14:36.950   1 187   2 193   0   0 31.54 °C 51.37 °C
06:14:36.952   1 188   2 188   0   0 31.61 °C 50.99 °C
06:14:36.965   1 187   2 193   0   0 31.54 °C 51.37 °C
06:14:36.967   1 188   2 196   0   0 31.61 °C 51.60 °C
06:14:36.979   1 190   2 198   0   0 31.76 °C 51.75 °C
06:14:36.982   1 188   2 193   0   0 31.61 °C 51.37 °C
06:14:36.983   1 188   2 199   0   0 31.61 °C 51.82 °C
06:14:36.995   1 187   2 195   0   0 31.54 °C 51.52 °C
06:14:36.997   1 189   2 194   0   0 31.69 °C 51.45 °C
06:14:37.016   1 186   2 195   0   0 31.46 °C 51.52 °C
06:14:37.017   1 188   2 190   0   0 31.61 °C 51.14 °C
06:14:37.019   1 187   2 195   0   0 31.54 °C 51.52 °C
06:14:37.020   1 188   2 197   0   0 31.61 °C 51.67 °C
06:14:37.032   1 190   2 197   0   0 31.76 °C 51.67 °C
06:14:37.033   1 186   2 199   0   0 31.46 °C 51.82 °C
06:14:37.047   1 188   2 199   0   0 31.61 °C 51.82 °C
06:14:37.049   1 188   2 201   0   0 31.61 °C 51.98 °C
06:14:37.050   1 188   2 198   0   0 31.61 °C 51.75 °C
06:14:37.063   1 188   2 202   0   0 31.61 °C 52.05 °C
06:14:37.064   1 188   2 199   0   0 31.61 °C 51.82 °C
06:14:37.078   1 189   2 199   0   0 31.69 °C 51.82 °C
06:14:37.080   1 188   2 198   0   0 31.61 °C 51.75 °C
06:14:37.081   1 188   2 201   0   0 31.61 °C 51.98 °C
06:14:37.095   1 189   2 200   0   0 31.69 °C 51.90 °C
06:14:37.097   1 188   2 204   0   0 31.61 °C 52.20 °C
06:14:37.110   1 189   2 206   0   0 31.69 °C 52.35 °C
06:14:37.111   1 188   2 203   0   0 31.61 °C 52.13 °C
06:14:37.113   1 189   2 201   0   0 31.69 °C 51.98 °C
06:14:37.126   1 189   2 203   0   0 31.69 °C 52.13 °C
06:14:37.128   1 190   2 204   0   0 31.76 °C 52.20 °C
06:14:37.142   1 188   2 202   0   0 31.61 °C 52.05 °C
06:14:37.143   1 188   2 205   0   0 31.61 °C 52.28 °C
06:14:37.145   1 188   2 202   0   0 31.61 °C 52.05 °C
06:14:37.170   1 189   2 204   0   0 31.69 °C 52.20 °C
06:14:37.171   1 189   2 204   0   0 31.69 °C 52.20 °C
06:14:37.172   1 189   2 203   0   0 31.69 °C 52.13 °C
06:14:37.174   1 184   2 207   0   0 31.31 °C 52.43 °C
06:14:37.186   1 189   2 205   0   0 31.69 °C 52.28 °C
06:14:37.187   1 188   2 205   0   0 31.61 °C 52.28 °C
06:14:37.188   1 189   2 205   0   0 31.69 °C 52.28 °C
06:14:37.201   1 189   2 206   0   0 31.69 °C 52.35 °C
06:14:37.203   1 188   2 208   0   0 31.61 °C 52.51 °C
06:14:37.217   1 188   2 208   0   0 31.61 °C 52.51 °C
06:14:37.219   1 188   2 205   0   0 31.61 °C 52.28 °C
06:14:37.220   1 187   2 205   0   0 31.54 °C 52.28 °C
06:14:37.233   1 190   2 207   0   0 31.76 °C 52.43 °C
06:14:37.234   1 189   2 209   0   0 31.69 °C 52.58 °C
06:14:37.248   1 187   2 213   0   0 31.54 °C 52.88 °C
06:14:37.250   1 190   2 205   0   0 31.76 °C 52.28 °C
06:14:37.251   1 188   2 211   0   0 31.61 °C 52.73 °C
06:14:37.264   1 188   2 207   0   0 31.61 °C 52.43 °C
06:14:37.265   1 187   2 211   0   0 31.54 °C 52.73 °C
06:14:37.279   1 187   2 209   0   0 31.54 °C 52.58 °C
06:14:37.281   1 190   2 209   0   0 31.76 °C 52.58 °C
06:14:37.282   1 190   2 211   0   0 31.76 °C 52.73 °C
06:14:37.295   1 187   2 213   0   0 31.54 °C 52.88 °C
06:14:37.297   1 192   2 211   0   0 31.91 °C 52.73 °C
06:14:37.311   1 192   2 225   0   0 31.91 °C 53.79 °C
06:14:37.312   1 191   2 212   0   0 31.84 °C 52.81 °C
06:14:37.313   1 189   2 215   0   0 31.69 °C 53.04 °C
06:14:37.326   1 189   2 211   0   0 31.69 °C 52.73 °C
06:14:37.328   1 187   2 214   0   0 31.54 °C 52.96 °C
06:14:37.342   1 188   2 209   0   0 31.61 °C 52.58 °C
06:14:37.343   1 190   2 216   0   0 31.76 °C 53.11 °C
06:14:37.345   1 189   2 215   0   0 31.69 °C 53.04 °C
06:14:37.358   1 190   2 212   0   0 31.76 °C 52.81 °C
06:14:37.359   1 190   2 213   0   0 31.76 °C 52.88 °C
06:14:37.373   1 189   2 213   0   0 31.69 °C 52.88 °C
06:14:37.374   1 191   2 216   0   0 31.84 °C 53.11 °C
06:14:37.376   1 190   2 214   0   0 31.76 °C 52.96 °C
06:14:37.389   1 189   2 215   0   0 31.69 °C 53.04 °C
06:14:37.390   1 190   2 215   0   0 31.76 °C 53.04 °C
06:14:37.404   1 188   2 213   0   0 31.61 °C 52.88 °C
06:14:37.406   1 188   2 216   0   0 31.61 °C 53.11 °C
06:14:37.407   1 189   2 216   0   0 31.69 °C 53.11 °C
06:14:37.420   1 189   2 213   0   0 31.69 °C 52.88 °C
06:14:37.422   1 191   2 213   0   0 31.84 °C 52.88 °C
06:14:37.436   1 189   2 217   0   0 31.69 °C 53.19 °C
06:14:37.437   1 187   2 217   0   0 31.54 °C 53.19 °C
06:14:37.438   1 189   2 217   0   0 31.69 °C 53.19 °C
06:14:37.451   1 186   2 220   0   0 31.46 °C 53.41 °C
06:14:37.453   1 187   2 217   0   0 31.54 °C 53.19 °C
06:14:37.467   1 189   2 215   0   0 31.69 °C 53.04 °C
06:14:37.469   1 189   2 211   0   0 31.69 °C 52.73 °C
06:14:37.471   1 189   2 217   0   0 31.69 °C 53.19 °C
06:14:37.483   1 190   2 216   0   0 31.76 °C 53.11 °C
06:14:37.484   1 189   2 216   0   0 31.69 °C 53.11 °C
06:14:37.499   1 190   2 215   0   0 31.76 °C 53.04 °C
06:14:37.500   1 190   2 216   0   0 31.76 °C 53.11 °C
06:14:37.501   1 190   2 215   0   0 31.76 °C 53.04 °C
06:14:37.514   1 191   2 216   0   0 31.84 °C 53.11 °C
06:14:37.516   1 188   2 216   0   0 31.61 °C 53.11 °C
06:14:37.532   1 189   2 221   0   0 31.69 °C 53.49 °C
06:14:37.533   1 190   2 214   0   0 31.76 °C 52.96 °C
06:14:37.534   1 190   2 219   0   0 31.76 °C 53.34 °C
06:14:37.548   1 189   2 213   0   0 31.69 °C 52.88 °C
06:14:37.550   1 188   2 220   0   0 31.61 °C 53.41 °C
06:14:37.552   1 189   2 218   0   0 31.69 °C 53.26 °C
06:14:37.563   1 192   2 225   0   0 31.91 °C 53.79 °C
06:14:37.564   1 190   2 216   0   0 31.76 °C 53.11 °C
06:14:37.579   1 188   2 223   0   0 31.61 °C 53.64 °C
06:14:37.581   1 192   2 218   0   0 31.91 °C 53.26 °C
06:14:37.582   1 189   2 221   0   0 31.69 °C 53.49 °C
06:14:37.595   1 192   2 220   0   0 31.91 °C 53.41 °C
06:14:37.597   1 190   2 216   0   0 31.76 °C 53.11 °C
06:14:37.615   1 188   2 220   0   0 31.61 °C 53.41 °C
06:14:37.617   1 190   2 215   0   0 31.76 °C 53.04 °C
06:14:37.618   1 189   2 217   0   0 31.69 °C 53.19 °C
06:14:37.619   1 190   2 215   0   0 31.76 °C 53.04 °C
06:14:37.630   1 189   2 218   0   0 31.69 °C 53.26 °C
06:14:37.632   1 189   2 216   0   0 31.69 °C 53.11 °C
06:14:37.646   1 188   2 218   0   0 31.61 °C 53.26 °C
06:14:37.648   1 190   2 220   0   0 31.76 °C 53.41 °C
06:14:37.649   1 190   2 219   0   0 31.76 °C 53.34 °C
06:14:37.662   1 191   2 219   0   0 31.84 °C 53.34 °C
06:14:37.663   1 189   2 222   0   0 31.69 °C 53.57 °C
06:14:37.677   1 189   2 214   0   0 31.69 °C 52.96 °C
06:14:37.679   1 188   2 217   0   0 31.61 °C 53.19 °C
06:14:37.680   1 190   2 217   0   0 31.76 °C 53.19 °C
06:14:37.693   1 189   2 221   0   0 31.69 °C 53.49 °C
06:14:37.694   1 188   2 218   0   0 31.61 °C 53.26 °C
06:14:37.709   1 189   2 220   0   0 31.69 °C 53.41 °C
06:14:37.710   1 188   2 218   0   0 31.61 °C 53.26 °C
06:14:37.711   1 190   2 220   0   0 31.76 °C 53.41 °C
06:14:37.724   1 188   2 217   0   0 31.61 °C 53.19 °C
06:14:37.726   1 190   2 220   0   0 31.76 °C 53.41 °C
06:14:37.740   1 187   2 218   0   0 31.54 °C 53.26 °C
06:14:37.741   1 188   2 219   0   0 31.61 °C 53.34 °C
06:14:37.742   1 189   2 219   0   0 31.69 °C 53.34 °C
06:14:37.755   1 189   2 220   0   0 31.69 °C 53.41 °C
06:14:37.757   1 191   2 215   0   0 31.84 °C 53.04 °C
06:14:37.771   1 188   2 219   0   0 31.61 °C 53.34 °C
06:14:37.772   1 189   2 214   0   0 31.69 °C 52.96 °C
06:14:37.774   1 190   2 222   0   0 31.76 °C 53.57 °C
06:14:37.787   1 187   2 217   0   0 31.54 °C 53.19 °C
06:14:37.788   1 188   2 216   0   0 31.61 °C 53.11 °C
06:14:37.802   1 190   2 214   0   0 31.76 °C 52.96 °C
06:14:37.804   1 188   2 214   0   0 31.61 °C 52.96 °C
06:14:37.805   1 188   2 221   0   0 31.61 °C 53.49 °C
06:14:37.818   1 191   2 219   0   0 31.84 °C 53.34 °C
06:14:37.819   1 188   2 218   0   0 31.61 °C 53.26 °C
06:14:37.833   1 189   2 215   0   0 31.69 °C 53.04 °C
06:14:37.835   1 189   2 221   0   0 31.69 °C 53.49 °C
06:14:37.836   1 190   2 221   0   0 31.76 °C 53.49 °C
06:14:37.849   1 188   2 217   0   0 31.61 °C 53.19 °C
06:14:37.851   1 189   2 219   0   0 31.69 °C 53.34 °C
06:14:37.865   1 189   2 215   0   0 31.69 °C 53.04 °C
06:14:37.866   1 191   2 218   0   0 31.84 °C 53.26 °C
06:14:37.868   1 189   2 217   0   0 31.69 °C 53.19 °C
06:14:37.880   1 189   2 216   0   0 31.69 °C 53.11 °C
06:14:37.882   1 187   2 219   0   0 31.54 °C 53.34 °C
06:14:37.896   1 189   2 215   0   0 31.69 °C 53.04 °C
06:14:37.898   1 191   2 219   0   0 31.84 °C 53.34 °C
06:14:37.899   1 188   2 217   0   0 31.61 °C 53.19 °C
06:14:37.911   1 190   2 218   0   0 31.76 °C 53.26 °C
06:14:37.913   1 187   2 211   0   0 31.54 °C 52.73 °C
06:14:37.927   1 187   2 211   0   0 31.54 °C 52.73 °C
06:14:37.929   1 191   2 216   0   0 31.84 °C 53.11 °C
06:14:37.930   1 189   2 218   0   0 31.69 °C 53.26 °C
06:14:37.943   1 190   2 218   0   0 31.76 °C 53.26 °C
06:14:37.945   1 189   2 222   0   0 31.69 °C 53.57 °C
06:14:37.958   1 190   2 219   0   0 31.76 °C 53.34 °C
06:14:37.960   1 189   2 216   0   0 31.69 °C 53.11 °C
06:14:37.961   1 189   2 215   0   0 31.69 °C 53.04 °C
06:14:37.974   1 189   2 213   0   0 31.69 °C 52.88 °C
06:14:37.975   1 189   2 213   0   0 31.69 °C 52.88 °C
06:14:37.990   1 189   2 218   0   0 31.69 °C 53.26 °C
06:14:37.992   1 188   2 213   0   0 31.61 °C 52.88 °C
06:14:37.993   1 189   2 217   0   0 31.69 °C 53.19 °C
06:14:38.005   1 188   2 211   0   0 31.61 °C 52.73 °C
06:14:38.006   1 189   2 218   0   0 31.69 °C 53.26 °C
06:14:38.020   1 190   2 218   0   0 31.76 °C 53.26 °C
06:14:38.022   1 189   2 216   0   0 31.69 °C 53.11 °C
06:14:38.049   1 189   2 218   0   0 31.69 °C 53.26 °C
06:14:38.051   1 188   2 213   0   0 31.61 °C 52.88 °C
06:14:38.052   1 190   2 216   0   0 31.76 °C 53.11 °C
06:14:38.053   1 192   2 217   0   0 31.91 °C 53.19 °C
06:14:38.054   1 188   2 215   0   0 31.61 °C 53.04 °C
06:14:38.064   1 189   2 213   0   0 31.69 °C 52.88 °C
06:14:38.066   1 188   2 216   0   0 31.61 °C 53.11 °C
06:14:38.067   1 189   2 216   0   0 31.69 °C 53.11 °C
06:14:38.080   1 190   2 218   0   0 31.76 °C 53.26 °C
06:14:38.081   1 187   2 213   0   0 31.54 °C 52.88 °C
06:14:38.096   1 189   2 220   0   0 31.69 °C 53.41 °C
06:14:38.097   1 190   2 218   0   0 31.76 °C 53.26 °C
06:14:38.099   1 192   2 223   0   0 31.91 °C 53.64 °C
06:14:38.111   1 190   2 215   0   0 31.76 °C 53.04 °C
06:14:38.113   1 188   2 215   0   0 31.61 °C 53.04 °C
06:14:38.127   1 190   2 213   0   0 31.76 °C 52.88 °C
06:14:38.128   1 190   2 220   0   0 31.76 °C 53.41 °C
06:14:38.130   1 189   2 221   0   0 31.69 °C 53.49 °C
06:14:38.143   1 190   2 224   0   0 31.76 °C 53.72 °C
06:14:38.144   1 189   2 219   0   0 31.69 °C 53.34 °C
06:14:38.158   1 189   2 221   0   0 31.69 °C 53.49 °C
06:14:38.161   1 192   2 229   0   0 31.91 °C 54.10 °C
06:14:38.162   1 190   2 220   0   0 31.76 °C 53.41 °C
06:14:38.174   1 189   2 216   0   0 31.69 °C 53.11 °C
06:14:38.175   1 189   2 221   0   0 31.69 °C 53.49 °C
06:14:38.189   1 191   2 221   0   0 31.84 °C 53.49 °C
06:14:38.190   1 189   2 217   0   0 31.69 °C 53.19 °C
06:14:38.216   1 189   2 218   0   0 31.69 °C 53.26 °C
06:14:38.217   1 189   2 224   0   0 31.69 °C 53.72 °C
06:14:38.219   1 191   2 225   0   0 31.84 °C 53.79 °C
06:14:38.220   1 189   2 220   0   0 31.69 °C 53.41 °C
06:14:38.221   1 189   2 223   0   0 31.69 °C 53.64 °C
06:14:38.231   1 191   2 225   0   0 31.84 °C 53.79 °C
06:14:38.232   1 189   2 221   0   0 31.69 °C 53.49 °C
06:14:38.247   1 190   2 223   0   0 31.76 °C 53.64 °C
06:14:38.248   1 188   2 226   0   0 31.61 °C 53.87 °C
06:14:38.250   1 191   2 225   0   0 31.84 °C 53.79 °C
06:14:38.262   1 190   2 223   0   0 31.76 °C 53.64 °C
06:14:38.263   1 189   2 225   0   0 31.69 °C 53.79 °C
06:14:38.278   1 189   2 225   0   0 31.69 °C 53.79 °C
06:14:38.279   1 191   2 227   0   0 31.84 °C 53.94 °C
06:14:38.280   1 190   2 225   0   0 31.76 °C 53.79 °C
06:14:38.293   1 188   2 226   0   0 31.61 °C 53.87 °C
06:14:38.295   1 188   2 226   0   0 31.61 °C 53.87 °C
06:14:38.309   1 190   2 228   0   0 31.76 °C 54.02 °C
06:14:38.310   1 188   2 227   0   0 31.61 °C 53.94 °C
06:14:38.312   1 189   2 227   0   0 31.69 °C 53.94 °C
06:14:38.325   1 192   2 231   0   0 31.91 °C 54.25 °C
06:14:38.326   1 189   2 224   0   0 31.69 °C 53.72 °C
06:14:38.340   1 191   2 229   0   0 31.84 °C 54.10 °C
06:14:38.342   1 190   2 224   0   0 31.76 °C 53.72 °C
06:14:38.343   1 188   2 224   0   0 31.61 °C 53.72 °C
06:14:38.356   1 190   2 232   0   0 31.76 °C 54.32 °C
06:14:38.357   1 190   2 229   0   0 31.76 °C 54.10 °C
06:14:38.371   1 190   2 229   0   0 31.76 °C 54.10 °C
06:14:38.373   1 192   2 233   0   0 31.91 °C 54.40 °C
06:14:38.374   1 189   2 226   0   0 31.69 °C 53.87 °C
06:14:38.387   1 191   2 234   0   0 31.84 °C 54.47 °C
06:14:38.388   1 189   2 231   0   0 31.69 °C 54.25 °C
06:14:38.403   1 191   2 233   0   0 31.84 °C 54.40 °C
06:14:38.404   1 192   2 233   0   0 31.91 °C 54.40 °C
06:14:38.406   1 191   2 238   0   0 31.84 °C 54.78 °C
06:14:38.418   1 192   2 236   0   0 31.91 °C 54.63 °C
06:14:38.420   1 192   2 234   0   0 31.91 °C 54.47 °C
06:14:38.434   1 191   2 232   0   0 31.84 °C 54.32 °C
06:14:38.435   1 190   2 233   0   0 31.76 °C 54.40 °C
06:14:38.437   1 188   2 234   0   0 31.61 °C 54.47 °C
06:14:38.450   1 190   2 232   0   0 31.76 °C 54.32 °C
06:14:38.451   1 189   2 235   0   0 31.69 °C 54.55 °C
06:14:38.465   1 189   2 237   0   0 31.69 °C 54.70 °C
06:14:38.467   1 192   2 238   0   0 31.91 °C 54.78 °C
06:14:38.468   1 192   2 239   0   0 31.91 °C 54.85 °C
06:14:38.481   1 189   2 238   0   0 31.69 °C 54.78 °C
06:14:38.482   1 192   2 233   0   0 31.91 °C 54.40 °C
06:14:38.497   1 193   2 244   0   0 31.99 °C 55.23 °C
06:14:38.498   1 190   2 232   0   0 31.76 °C 54.32 °C
06:14:38.499   1 190   2 240   0   0 31.76 °C 54.93 °C
06:14:38.512   1 191   2 237   0   0 31.84 °C 54.70 °C
06:14:38.513   1 192   2 240   0   0 31.91 °C 54.93 °C
06:14:38.528   1 190   2 234   0   0 31.76 °C 54.47 °C
06:14:38.530   1 192   2 240   0   0 31.91 °C 54.93 °C
06:14:38.531   1 192   2 237   0   0 31.91 °C 54.70 °C
06:14:38.543   1 190   2 242   0   0 31.76 °C 55.08 °C
06:14:38.545   1 191   2 237   0   0 31.84 °C 54.70 °C
06:14:38.558   1 190   2 240   0   0 31.76 °C 54.93 °C
06:14:38.560   1 191   2 242   0   0 31.84 °C 55.08 °C
06:14:38.561   1 192   2 242   0   0 31.91 °C 55.08 °C
06:14:38.582   1 190   2 236   0   0 31.76 °C 54.63 °C
06:14:38.583   1 191   2 240   0   0 31.84 °C 54.93 °C
06:14:38.584   1 191   2 240   0   0 31.84 °C 54.93 °C
06:14:38.598   1 190   2 242   0   0 31.76 °C 55.08 °C
06:14:38.599   1 190   2 238   0   0 31.76 °C 54.78 °C
06:14:38.600   1 191   2 241   0   0 31.84 °C 55.00 °C
06:14:38.613   1 190   2 235   0   0 31.76 °C 54.55 °C
06:14:38.614   1 191   2 237   0   0 31.84 °C 54.70 °C
06:14:38.629   1 192   2 239   0   0 31.91 °C 54.85 °C
06:14:38.632   1 192   2 238   0   0 31.91 °C 54.78 °C
06:14:38.634   1 189   2 236   0   0 31.69 °C 54.63 °C
Start time: 12-Jul-2023 06:14:27.137
End Time: 12-Jul-2023 06:14:38.636
