  0  47 0.037875
  0 156 0.125714
  1  22 0.224029
  1 145 0.323150
  2  16 0.425495
  2 138 0.523810
  3   7 0.624542
  3 129 0.722857
  3 253 0.822784
  4 121 0.922711
  4 245 1.022637
  5 112 1.121758
  5 234 1.220073
  6 104 1.321612
  6 228 1.421538
  7  97 1.522271
  7 220 1.621392
  8  90 1.722930
  8 215 1.823663
  9  84 1.924396
  9 207 2.023516
 10  75 2.123443
 10 198 2.222564
 11  67 2.323297
 11 189 2.421612
 12  56 2.520733
 12 179 2.619853
 13  45 2.718168
 13 169 2.818095
 14  39 2.919634
 14 163 3.019560
