  0   0 0.000000
  0  34 0.027399
  0  80 0.064469
  0 120 0.096703
  0 163 0.131355
  0 207 0.166813
  0 250 0.201465
  1  38 0.236923
  1  79 0.269963
  1 124 0.306227
  1 166 0.340073
  1 210 0.375531
  1 253 0.410183
  2  41 0.445641
  2  85 0.481099
  2 128 0.515751
  2 173 0.552015
  2 218 0.588278
  3   9 0.626154
  3  48 0.657582
  3  93 0.693846
  3 134 0.726886
  3 181 0.764762
  3 225 0.800220
  4  13 0.835678
  4  54 0.868718
  4 101 0.906593
  4 144 0.941245
  4 188 0.976703
  4 232 1.012161
  5  19 1.046813
