  0  95 0.076557
  0 128 0.103150
  0 159 0.128132
  0 193 0.155531
  0 223 0.179707
  1   1 0.207106
  1  34 0.233700
  1  67 0.260293
  1 103 0.289304
  1 138 0.317509
  1 171 0.344103
  1 206 0.372308
  1 238 0.398095
  2  13 0.423077
  2  47 0.450476
  2  81 0.477875
  2 111 0.502051
  2 145 0.529451
  2 177 0.555238
  2 211 0.582637
  2 246 0.610842
  3  20 0.635018
  3  52 0.660806
  3  84 0.686593
  3 115 0.711575
  3 148 0.738168
  3 182 0.765568
  3 217 0.793773
  3 252 0.821978
  4  31 0.850183
  4  63 0.875971
  4  95 0.901758
  4 126 0.926740
  4 158 0.952527
  4 192 0.979927
  4 225 1.006520
  5   3 1.033919
  5  38 1.062125
  5  71 1.088718
  5 104 1.115311
  5 136 1.141099
  5 168 1.166886
  5 200 1.192674
  5 233 1.219267
  6  10 1.245861
  6  44 1.273260
  6  80 1.302271
  6 114 1.329670
  6 146 1.355458
  6 179 1.382051
  6 210 1.407033
  6 243 1.433626
  7  19 1.459414
  7  52 1.486007
  7  85 1.512601
  7 120 1.540806
  7 154 1.568205
  7 186 1.593993
  7 217 1.618974
  7 249 1.644762
  8  27 1.672161
  8  59 1.697949
  8  92 1.724542
  8 126 1.751941
  8 161 1.780147
  8 195 1.807546
  8 227 1.833333
  9   2 1.858315
  9  34 1.884103
  9  67 1.910696
  9  99 1.936484
  9 132 1.963077
  9 165 1.989670
  9 199 2.017070
  9 233 2.044469
 10  10 2.071062
 10  42 2.096850
 10  73 2.121832
 10 105 2.147619
 10 138 2.174212
 10 172 2.201612
 10 204 2.227399
 10 239 2.255604
 11  17 2.283004
 11  51 2.310403
 11  83 2.336190
 11 115 2.361978
 11 148 2.388571
 11 180 2.414359
 11 208 2.436923
 11 203 2.432894
 11 219 2.445788
