  0  92 0.074139
  0 123 0.099121
  0 155 0.124908
  0 191 0.153919
  0 224 0.180513
  1   4 0.209524
  1  38 0.236923
  1  68 0.261099
  1 101 0.287692
  1 134 0.314286
  1 165 0.339267
  1 200 0.367473
  1 233 0.394066
  2  10 0.420659
  2  46 0.449670
  2  79 0.476264
  2 112 0.502857
  2 143 0.527839
  2 173 0.552015
  2 205 0.577802
  2 239 0.605201
  3  14 0.630183
  3  48 0.657582
  3  84 0.686593
  3 118 0.713993
  3 151 0.740586
  3 185 0.767985
  3 216 0.792967
  3 248 0.818755
  4  25 0.845348
  4  58 0.871941
  4  91 0.898535
  4 123 0.924322
  4 158 0.952527
  4 193 0.980733
  4 226 1.007326
  5   3 1.033919
  5  34 1.058901
  5  66 1.084689
  5  99 1.111282
  5 132 1.137875
  5 165 1.164469
  5 200 1.192674
  5 235 1.220879
  6  13 1.248278
  6  46 1.274872
  6  78 1.300659
  6 109 1.325641
  6 142 1.352234
  6 175 1.378828
  6 208 1.405421
  6 241 1.432015
  7  19 1.459414
  7  54 1.487619
  7  87 1.514212
  7 118 1.539194
  7 149 1.564176
  7 182 1.590769
  7 214 1.616557
  7 247 1.643150
  8  25 1.670549
  8  60 1.698755
  8  95 1.726960
  8 130 1.755165
  8 161 1.780147
  8 193 1.805934
  8 223 1.830110
  9   0 1.856703
  9  32 1.882491
  9  65 1.909084
  9  99 1.936484
  9 133 1.963883
  9 166 1.990476
  9 200 2.017875
  9 232 2.043663
 10   8 2.069451
 10  39 2.094432
 10  72 2.121026
 10 104 2.146813
 10 137 2.173407
 10 171 2.200806
 10 205 2.228205
 10 240 2.256410
 11  18 2.283810
 11  50 2.309597
 11  82 2.335385
 11 114 2.361172
 11 146 2.386960
 11 179 2.413553
 11 208 2.436923
 11 202 2.432088
 11 216 2.443370
