  0  85 0.068498
  0 112 0.090256
  0 146 0.117656
  0 180 0.145055
  0 212 0.170842
  0 248 0.199853
  1  28 0.228864
  1  60 0.254652
  1  93 0.281245
  1 126 0.307839
  1 157 0.332821
  1 191 0.360220
  1 223 0.386007
  2   0 0.412601
  2  34 0.440000
  2  67 0.466593
  2 101 0.493993
  2 136 0.522198
  2 166 0.546374
  2 199 0.572967
  2 232 0.599560
  3   7 0.624542
  3  41 0.651941
  3  75 0.679341
  3 107 0.705128
  3 142 0.733333
  3 176 0.760733
  3 211 0.788938
  3 244 0.815531
  4  20 0.841319
  4  51 0.866300
  4  83 0.892088
  4 116 0.918681
  4 148 0.944469
  4 182 0.971868
  4 216 0.999267
  4 252 1.028278
  5  31 1.056484
  5  63 1.082271
  5  96 1.108864
  5 128 1.134652
  5 161 1.161245
  5 193 1.187033
  5 225 1.212821
  6   4 1.241026
  6  39 1.269231
  6  73 1.296630
  6 107 1.324029
  6 139 1.349817
  6 171 1.375604
  6 203 1.401392
  6 235 1.427179
  7  13 1.454579
  7  45 1.480366
  7  78 1.506960
  7 114 1.535971
  7 149 1.564176
  7 182 1.590769
  7 214 1.616557
  7 246 1.642344
  8  23 1.668938
  8  54 1.693919
  8  88 1.721319
  8 121 1.747912
  8 155 1.775311
  8 189 1.802711
  8 222 1.829304
  9   0 1.856703
  9  32 1.882491
  9  65 1.909084
  9  96 1.934066
  9 128 1.959853
  9 161 1.986447
  9 193 2.012234
  9 226 2.038828
 10   5 2.067033
 10  40 2.095238
 10  74 2.122637
 10 106 2.148425
 10 137 2.173407
 10 170 2.200000
 10 202 2.225788
 10 235 2.252381
 11  12 2.278974
 11  45 2.305568
 11  80 2.333773
 11 115 2.361978
 11 149 2.389377
 11 182 2.415971
 11 210 2.438535
 11 208 2.436923
 11 205 2.434505
