  0  16 0.012894
  0  61 0.049158
  0 111 0.089451
  0 161 0.129744
  0 212 0.170842
  1   6 0.211136
  1  55 0.250623
  1 104 0.290110
  1 154 0.330403
  1 205 0.371502
  2   1 0.413407
  2  51 0.453700
  2 100 0.493187
  2 150 0.533480
  2 200 0.573773
  2 251 0.614872
  3  45 0.655165
  3  95 0.695458
  3 145 0.735751
  3 196 0.776850
  3 246 0.817143
  4  41 0.858242
  4  90 0.897729
  4 141 0.938828
  4 190 0.978315
  4 240 1.018608
  5  34 1.058901
  5  82 1.097582
  5 133 1.138681
  5 184 1.179780
  5 235 1.220879
