  0  14 0.011282
  0  60 0.048352
  0 111 0.089451
  0 160 0.128938
  0 211 0.170037
  1   6 0.211136
  1  56 0.251429
  1 105 0.290916
  1 154 0.330403
  1 205 0.371502
  2   0 0.412601
  2  50 0.452894
  2  99 0.492381
  2 149 0.532674
  2 200 0.573773
  2 251 0.614872
  3  45 0.655165
  3  96 0.696264
  3 146 0.736557
  3 195 0.776044
  3 246 0.817143
  4  40 0.857436
  4  89 0.896923
  4 140 0.938022
  4 189 0.977509
  4 240 1.018608
  5  35 1.059707
  5  84 1.099194
  5 135 1.140293
  5 184 1.179780
  5 235 1.220879
