  0  15 0.012088
  0  61 0.049158
  0 110 0.088645
  0 161 0.129744
  0 213 0.171648
  1   6 0.211136
  1  56 0.251429
  1 104 0.290110
  1 154 0.330403
  1 205 0.371502
  2   0 0.412601
  2  50 0.452894
  2  99 0.492381
  2 150 0.533480
  2 200 0.573773
  2 252 0.615678
  3  46 0.655971
  3  96 0.696264
  3 146 0.736557
  3 196 0.776850
  3 246 0.817143
  4  40 0.857436
  4  89 0.896923
  4 140 0.938022
  4 190 0.978315
  4 241 1.019414
  5  35 1.059707
  5  85 1.100000
  5 134 1.139487
  5 184 1.179780
  5 235 1.220879
