  0  16 0.012894
  0  62 0.049963
  0 111 0.089451
  0 161 0.129744
  0 212 0.170842
  1   6 0.211136
  1  56 0.251429
  1 104 0.290110
  1 154 0.330403
  1 205 0.371502
  2   0 0.412601
  2  51 0.453700
  2 100 0.493187
  2 151 0.534286
  2 201 0.574579
  2 252 0.615678
  3  46 0.655971
  3  95 0.695458
  3 146 0.736557
  3 195 0.776044
  3 246 0.817143
  4  41 0.858242
  4  91 0.898535
  4 141 0.938828
  4 191 0.979121
  4 241 1.019414
  5  35 1.059707
  5  84 1.099194
  5 133 1.138681
  5 183 1.178974
  5 235 1.220879
