  0  15 0.012088
  0  61 0.049158
  0 111 0.089451
  0 160 0.128938
  0 212 0.170842
  1   6 0.211136
  1  56 0.251429
  1 105 0.290916
  1 155 0.331209
  1 205 0.371502
  2   0 0.412601
  2  51 0.453700
  2  99 0.492381
  2 149 0.532674
  2 200 0.573773
  2 251 0.614872
  3  46 0.655971
  3  96 0.696264
  3 146 0.736557
  3 195 0.776044
  3 245 0.816337
  4  41 0.858242
  4  90 0.897729
  4 140 0.938022
  4 190 0.978315
  4 241 1.019414
  5  34 1.058901
  5  84 1.099194
  5 134 1.139487
  5 184 1.179780
  5 235 1.220879
