  0  15 0.012088
  0  61 0.049158
  0 110 0.088645
  0 161 0.129744
  0 212 0.170842
  1   6 0.211136
  1  57 0.252234
  1 105 0.290916
  1 155 0.331209
  1 204 0.370696
  2   0 0.412601
  2  50 0.452894
  2  99 0.492381
  2 150 0.533480
  2 200 0.573773
  2 252 0.615678
  3  46 0.655971
  3  96 0.696264
  3 145 0.735751
  3 195 0.776044
  3 246 0.817143
  4  41 0.858242
  4  90 0.897729
  4 141 0.938828
  4 190 0.978315
  4 241 1.019414
  5  35 1.059707
  5  85 1.100000
  5 134 1.139487
  5 184 1.179780
  5 235 1.220879
