  0  11 0.008864
  0 111 0.089451
  0 212 0.170842
  1  59 0.253846
  1 162 0.336850
  2   8 0.419048
  2 109 0.500440
  2 209 0.581026
  3  54 0.662418
  3 155 0.743810
  4   2 0.826813
  4 104 0.909011
  4 205 0.990403
  5  52 1.073407
  5 154 1.155604
  6   3 1.240220
  6 103 1.320806
  6 205 1.403004
  7  50 1.484396
  7 151 1.565788
  7 252 1.647179
  8  98 1.729377
  8 201 1.812381
  9  48 1.895385
  9 149 1.976777
  9 250 2.058168
 10  95 2.139560
 10 196 2.220952
 11  40 2.301538
 11 141 2.382930
 11 243 2.465128
