  0  12 0.009670
  0 112 0.090256
  0 213 0.171648
  1  59 0.253846
  1 161 0.336044
  2   7 0.418242
  2 108 0.499634
  2 209 0.581026
  3  55 0.663223
  3 156 0.744615
  4   3 0.827619
  4 104 0.909011
  4 205 0.990403
  5  51 1.072601
  5 153 1.154799
  6   1 1.238608
  6 102 1.320000
  6 206 1.403810
  7  51 1.485201
  7 152 1.566593
  7 253 1.647985
  8  99 1.730183
  8 200 1.811575
  9  47 1.894579
  9 148 1.975971
  9 249 2.057363
 10  96 2.140366
 10 196 2.220952
 11  41 2.302344
 11 142 2.383736
 11 242 2.464322
