  0  13 0.010476
  0 113 0.091062
  0 214 0.172454
  1  59 0.253846
  1 161 0.336044
  2   7 0.418242
  2 108 0.499634
  2 208 0.580220
  3  54 0.662418
  3 156 0.744615
  4   3 0.827619
  4 105 0.909817
  4 205 0.990403
  5  51 1.072601
  5 153 1.154799
  6   1 1.238608
  6 102 1.320000
  6 204 1.402198
  7  52 1.486007
  7 153 1.567399
  7 253 1.647985
  8  99 1.730183
  8 201 1.812381
  9  47 1.894579
  9 148 1.975971
  9 249 2.057363
 10  95 2.139560
 10 196 2.220952
 11  41 2.302344
 11 142 2.383736
 11 243 2.465128
