  0  12 0.009670
  0 112 0.090256
  0 213 0.171648
  1  58 0.253040
  1 162 0.336850
  2   8 0.419048
  2 109 0.500440
  2 209 0.581026
  3  54 0.662418
  3 155 0.743810
  4   2 0.826813
  4 104 0.909011
  4 205 0.990403
  5  53 1.074212
  5 155 1.156410
  6   2 1.239414
  6 103 1.320806
  6 204 1.402198
  7  50 1.484396
  7 151 1.565788
  7 253 1.647985
  8  99 1.730183
  8 201 1.812381
  9  48 1.895385
  9 148 1.975971
  9 249 2.057363
 10  94 2.138755
 10 195 2.220147
 11  40 2.301538
 11 142 2.383736
 11 244 2.465934
