  0  12 0.009670
  0 111 0.089451
  0 212 0.170842
  1  59 0.253846
  1 162 0.336850
  2   8 0.419048
  2 110 0.501245
  2 209 0.581026
  3  54 0.662418
  3 155 0.743810
  4   1 0.826007
  4 104 0.909011
  4 205 0.990403
  5  52 1.073407
  5 155 1.156410
  6   2 1.239414
  6 103 1.320806
  6 205 1.403004
  7  50 1.484396
  7 151 1.565788
  7 252 1.647179
  8  99 1.730183
  8 201 1.812381
  9  48 1.895385
  9 149 1.976777
  9 249 2.057363
 10  95 2.139560
 10 195 2.220147
 11  40 2.301538
 11 141 2.382930
 11 244 2.465934
