  0  13 0.010476
  0 113 0.091062
  0 213 0.171648
  1  59 0.253846
  1 161 0.336044
  2   7 0.418242
  2 109 0.500440
  2 209 0.581026
  3  55 0.663223
  3 156 0.744615
  4   2 0.826813
  4 104 0.909011
  4 204 0.989597
  5  51 1.072601
  5 154 1.155604
  6   2 1.239414
  6 104 1.321612
  6 205 1.403004
  7  51 1.485201
  7 152 1.566593
  7 252 1.647179
  8  99 1.730183
  8 200 1.811575
  9  48 1.895385
  9 148 1.975971
  9 250 2.058168
 10  96 2.140366
 10 195 2.220147
 11  40 2.301538
 11 141 2.382930
 11 243 2.465128
