  0  12 0.009670
  0 113 0.091062
  0 214 0.172454
  1  60 0.254652
  1 162 0.336850
  2   7 0.418242
  2 108 0.499634
  2 208 0.580220
  3  54 0.662418
  3 156 0.744615
  4   3 0.827619
  4 105 0.909817
  4 206 0.991209
  5  52 1.073407
  5 154 1.155604
  6   1 1.238608
  6 102 1.320000
  6 204 1.402198
  7  50 1.484396
  7 152 1.566593
  7 254 1.648791
  8  99 1.730183
  8 201 1.812381
  9  48 1.895385
  9 148 1.975971
  9 249 2.057363
 10  94 2.138755
 10 196 2.220952
 11  41 2.302344
 11 143 2.384542
 11 243 2.465128
