  0  12 0.009670
  0 112 0.090256
  0 212 0.170842
  1  58 0.253040
  1 161 0.336044
  2   7 0.418242
  2 109 0.500440
  2 209 0.581026
  3  55 0.663223
  3 155 0.743810
  4   2 0.826813
  4 104 0.909011
  4 205 0.990403
  5  51 1.072601
  5 154 1.155604
  6   2 1.239414
  6 104 1.321612
  6 205 1.403004
  7  51 1.485201
  7 152 1.566593
  7 252 1.647179
  8  98 1.729377
  8 200 1.811575
  9  47 1.894579
  9 148 1.975971
  9 250 2.058168
 10  96 2.140366
 10 197 2.221758
 11  41 2.302344
 11 142 2.383736
 11 243 2.465128
