  0  11 0.008864
  0 112 0.090256
  0 213 0.171648
  1  60 0.254652
  1 162 0.336850
  2   8 0.419048
  2 109 0.500440
  2 208 0.580220
  3  54 0.662418
  3 155 0.743810
  4   2 0.826813
  4 105 0.909817
  4 206 0.991209
  5  52 1.073407
  5 154 1.155604
  6   2 1.239414
  6 102 1.320000
  6 204 1.402198
  7  50 1.484396
  7 152 1.566593
  7 253 1.647985
  8 100 1.730989
  8 201 1.812381
  9  48 1.895385
  9 148 1.975971
  9 248 2.056557
 10  94 2.138755
 10 195 2.220147
 11  41 2.302344
 11 142 2.383736
 11 245 2.466740
