  0  49 0.039487
  0  79 0.063663
  0 114 0.091868
  0 149 0.120073
  0 182 0.146667
  0 217 0.174872
  0 251 0.202271
  1  27 0.228059
  1  60 0.254652
  1  93 0.281245
  1 124 0.306227
  1 160 0.335238
  1 194 0.362637
  1 227 0.389231
  2   6 0.417436
  2  39 0.444029
  2  72 0.470623
  2 106 0.498022
  2 137 0.523004
  2 169 0.548791
  2 203 0.576190
  2 235 0.601978
  3  13 0.629377
  3  49 0.658388
  3  81 0.684176
  3 114 0.710769
  3 147 0.737363
  3 180 0.763956
  3 213 0.790549
  3 246 0.817143
  4  25 0.845348
  4  58 0.871941
  4  92 0.899341
  4 126 0.926740
  4 160 0.954139
  4 192 0.979927
  4 225 1.006520
  5   2 1.033114
  5  35 1.059707
  5  69 1.087106
  5 103 1.114505
  5 138 1.142711
  5 173 1.170916
  5 206 1.197509
  5 239 1.224103
  6  16 1.250696
  6  49 1.277289
  6  82 1.303883
  6 115 1.330476
  6 149 1.357875
  6 184 1.386081
  6 217 1.412674
  6 251 1.440073
  7  28 1.466667
  7  60 1.492454
  7  92 1.518242
  7 125 1.544835
  7 158 1.571429
  7 191 1.598022
  7 225 1.625421
  8   5 1.654432
  8  38 1.681026
  8  72 1.708425
  8 104 1.734212
  8 137 1.760806
  8 170 1.787399
  8 202 1.813187
  8 234 1.838974
  9  13 1.867179
  9  48 1.895385
  9  82 1.922784
  9 114 1.948571
  9 147 1.975165
  9 179 2.000952
  9 211 2.026740
  9 244 2.053333
 10  21 2.079927
 10  55 2.107326
 10  88 2.133919
 10 123 2.162125
 10 157 2.189524
 10 190 2.216117
 10 222 2.241905
 10 255 2.268498
 11  32 2.295092
 11  64 2.320879
 11  98 2.348278
 11 131 2.374872
 11 166 2.403077
 11 196 2.427253
 11 195 2.426447
 11 198 2.428864
