  0  54 0.043516
  0  82 0.066081
  0 115 0.092674
  0 150 0.120879
  0 181 0.145861
  0 216 0.174066
  0 251 0.202271
  1  27 0.228059
  1  61 0.255458
  1  94 0.282051
  1 125 0.307033
  1 160 0.335238
  1 193 0.361832
  1 226 0.388425
  2   5 0.416630
  2  39 0.444029
  2  73 0.471429
  2 107 0.498828
  2 138 0.523810
  2 170 0.549597
  2 203 0.576190
  2 235 0.601978
  3  12 0.628571
  3  47 0.656777
  3  80 0.683370
  3 114 0.710769
  3 149 0.738974
  3 183 0.766374
  3 215 0.792161
  3 248 0.818755
  4  25 0.845348
  4  57 0.871136
  4  90 0.897729
  4 124 0.925128
  4 158 0.952527
  4 193 0.980733
  4 227 1.008132
  5   4 1.034725
  5  37 1.061319
  5  70 1.087912
  5 104 1.115311
  5 137 1.141905
  5 170 1.168498
  5 203 1.195092
  5 237 1.222491
  6  18 1.252308
  6  52 1.279707
  6  84 1.305495
  6 117 1.332088
  6 150 1.358681
  6 183 1.385275
  6 215 1.411062
  6 248 1.437656
  7  26 1.465055
  7  60 1.492454
  7  94 1.519853
  7 127 1.546447
  7 160 1.573040
  7 192 1.598828
  7 224 1.624615
  8   3 1.652821
  8  35 1.678608
  8  69 1.706007
  8 104 1.734212
  8 138 1.761612
  8 172 1.789011
  8 204 1.814799
  8 235 1.839780
  9  13 1.867179
  9  46 1.893773
  9  78 1.919560
  9 112 1.946960
  9 145 1.973553
  9 179 2.000952
  9 213 2.028352
  9 246 2.054945
 10  24 2.082344
 10  56 2.108132
 10  88 2.133919
 10 121 2.160513
 10 154 2.187106
 10 187 2.213700
 10 220 2.240293
 10 254 2.267692
 11  33 2.295897
 11  67 2.323297
 11 100 2.349890
 11 133 2.376484
 11 166 2.403077
 11 194 2.425641
 11 194 2.425641
 11 185 2.418388
