  0  55 0.044322
  0  84 0.067692
  0 118 0.095092
  0 151 0.121685
  0 181 0.145861
  0 215 0.173260
  0 249 0.200659
  1  25 0.226447
  1  59 0.253846
  1  93 0.281245
  1 126 0.307839
  1 163 0.337656
  1 196 0.364249
  1 228 0.390037
  2   6 0.417436
  2  37 0.442418
  2  70 0.469011
  2 105 0.497216
  2 136 0.522198
  2 170 0.549597
  2 205 0.577802
  2 238 0.604396
  3  16 0.631795
  3  49 0.658388
  3  80 0.683370
  3 113 0.709963
  3 146 0.736557
  3 179 0.763150
  3 213 0.790549
  3 247 0.817949
  4  26 0.846154
  4  60 0.873553
  4  93 0.900147
  4 125 0.925934
  4 159 0.953333
  4 191 0.979121
  4 224 1.005714
  5   2 1.033114
  5  35 1.059707
  5  70 1.087912
  5 105 1.116117
  5 140 1.144322
  5 173 1.170916
  5 205 1.196703
  5 237 1.222491
  6  15 1.249890
  6  49 1.277289
  6  82 1.303883
  6 115 1.330476
  6 150 1.358681
  6 185 1.386886
  6 218 1.413480
  6 251 1.440073
  7  27 1.465861
  7  59 1.491648
  7  92 1.518242
  7 124 1.544029
  7 158 1.571429
  7 192 1.598828
  7 225 1.625421
  8   5 1.654432
  8  38 1.681026
  8  71 1.707619
  8 104 1.734212
  8 136 1.760000
  8 169 1.786593
  8 202 1.813187
  8 234 1.838974
  9  13 1.867179
  9  48 1.895385
  9  81 1.921978
  9 115 1.949377
  9 146 1.974359
  9 178 2.000147
  9 211 2.026740
  9 244 2.053333
 10  21 2.079927
 10  55 2.107326
 10  89 2.134725
 10 123 2.162125
 10 157 2.189524
 10 189 2.215311
 10 222 2.241905
 10 254 2.267692
 11  32 2.295092
 11  64 2.320879
 11  97 2.347473
 11 131 2.374872
 11 165 2.402271
 11 196 2.427253
 11 198 2.428864
 11 195 2.426447
