  0  54 0.043516
  0  82 0.066081
  0 115 0.092674
  0 150 0.120879
  0 182 0.146667
  0 217 0.174872
  0 251 0.202271
  1  27 0.228059
  1  60 0.254652
  1  93 0.281245
  1 124 0.306227
  1 160 0.335238
  1 194 0.362637
  1 226 0.388425
  2   7 0.418242
  2  40 0.444835
  2  73 0.471429
  2 107 0.498828
  2 137 0.523004
  2 169 0.548791
  2 203 0.576190
  2 234 0.601172
  3  13 0.629377
  3  48 0.657582
  3  81 0.684176
  3 116 0.712381
  3 149 0.738974
  3 182 0.765568
  3 214 0.791355
  3 247 0.817949
  4  24 0.844542
  4  57 0.871136
  4  90 0.897729
  4 125 0.925934
  4 159 0.953333
  4 193 0.980733
  4 227 1.008132
  5   4 1.034725
  5  36 1.060513
  5  70 1.087912
  5 103 1.114505
  5 136 1.141099
  5 170 1.168498
  5 205 1.196703
  5 239 1.224103
  6  18 1.252308
  6  51 1.278901
  6  84 1.305495
  6 116 1.331282
  6 149 1.357875
  6 182 1.384469
  6 216 1.411868
  6 249 1.438462
  7  27 1.465861
  7  61 1.493260
  7  94 1.519853
  7 126 1.545641
  7 159 1.572234
  7 191 1.598022
  7 224 1.624615
  8   2 1.652015
  8  36 1.679414
  8  71 1.707619
  8 105 1.735018
  8 138 1.761612
  8 172 1.789011
  8 203 1.813993
  8 234 1.838974
  9  12 1.866374
  9  45 1.892967
  9  80 1.921172
  9 113 1.947766
  9 147 1.975165
  9 180 2.001758
  9 213 2.028352
  9 245 2.054139
 10  22 2.080733
 10  54 2.106520
 10  87 2.133114
 10 121 2.160513
 10 155 2.187912
 10 189 2.215311
 10 224 2.243516
 11   0 2.269304
 11  33 2.295897
 11  66 2.322491
 11  98 2.348278
 11 131 2.374872
 11 164 2.401465
 11 194 2.425641
 11 195 2.426447
 11 197 2.428059
