  0  55 0.044322
  0  84 0.067692
  0 117 0.094286
  0 150 0.120879
  0 181 0.145861
  0 214 0.172454
  0 249 0.200659
  1  26 0.227253
  1  61 0.255458
  1  95 0.282857
  1 126 0.307839
  1 161 0.336044
  1 194 0.362637
  1 226 0.388425
  2   5 0.416630
  2  38 0.443223
  2  71 0.469817
  2 107 0.498828
  2 139 0.524615
  2 171 0.550403
  2 205 0.577802
  2 235 0.601978
  3  12 0.628571
  3  47 0.656777
  3  79 0.682564
  3 113 0.709963
  3 149 0.738974
  3 182 0.765568
  3 215 0.792161
  3 248 0.818755
  4  25 0.845348
  4  57 0.871136
  4  90 0.897729
  4 123 0.924322
  4 158 0.952527
  4 193 0.980733
  4 227 1.008132
  5   5 1.035531
  5  37 1.061319
  5  70 1.087912
  5 104 1.115311
  5 137 1.141905
  5 170 1.168498
  5 204 1.195897
  5 237 1.222491
  6  17 1.251502
  6  51 1.278901
  6  84 1.305495
  6 116 1.331282
  6 149 1.357875
  6 182 1.384469
  6 215 1.411062
  6 249 1.438462
  7  27 1.465861
  7  61 1.493260
  7  94 1.519853
  7 126 1.545641
  7 160 1.573040
  7 191 1.598022
  7 224 1.624615
  8   2 1.652015
  8  36 1.679414
  8  70 1.706813
  8 105 1.735018
  8 138 1.761612
  8 171 1.788205
  8 203 1.813993
  8 234 1.838974
  9  12 1.866374
  9  46 1.893773
  9  79 1.920366
  9 114 1.948571
  9 147 1.975165
  9 180 2.001758
  9 212 2.027546
  9 245 2.054139
 10  22 2.080733
 10  54 2.106520
 10  87 2.133114
 10 121 2.160513
 10 155 2.187912
 10 190 2.216117
 10 223 2.242711
 11   0 2.269304
 11  32 2.295092
 11  65 2.321685
 11  98 2.348278
 11 131 2.374872
 11 165 2.402271
 11 195 2.426447
 11 191 2.423223
 11 191 2.423223
