  0  53 0.042711
  0  81 0.065275
  0 115 0.092674
  0 150 0.120879
  0 183 0.147473
  0 217 0.174872
  0 251 0.202271
  1  27 0.228059
  1  61 0.255458
  1  93 0.281245
  1 125 0.307033
  1 159 0.334432
  1 192 0.361026
  1 226 0.388425
  2   6 0.417436
  2  40 0.444835
  2  72 0.470623
  2 107 0.498828
  2 138 0.523810
  2 169 0.548791
  2 203 0.576190
  2 235 0.601978
  3  12 0.628571
  3  46 0.655971
  3  80 0.683370
  3 115 0.711575
  3 149 0.738974
  3 182 0.765568
  3 214 0.791355
  3 247 0.817949
  4  25 0.845348
  4  57 0.871136
  4  90 0.897729
  4 123 0.924322
  4 159 0.953333
  4 194 0.981538
  4 227 1.008132
  5   4 1.034725
  5  37 1.061319
  5  70 1.087912
  5 103 1.114505
  5 137 1.141905
  5 170 1.168498
  5 204 1.195897
  5 238 1.223297
  6  17 1.251502
  6  51 1.278901
  6  84 1.305495
  6 116 1.331282
  6 149 1.357875
  6 183 1.385275
  6 216 1.411868
  6 249 1.438462
  7  27 1.465861
  7  60 1.492454
  7  94 1.519853
  7 127 1.546447
  7 159 1.572234
  7 191 1.598022
  7 224 1.624615
  8   2 1.652015
  8  35 1.678608
  8  70 1.706813
  8 105 1.735018
  8 139 1.762418
  8 172 1.789011
  8 204 1.814799
  8 235 1.839780
  9  13 1.867179
  9  46 1.893773
  9  78 1.919560
  9 112 1.946960
  9 146 1.974359
  9 179 2.000952
  9 213 2.028352
  9 246 2.054945
 10  23 2.081538
 10  55 2.107326
 10  87 2.133114
 10 120 2.159707
 10 154 2.187106
 10 187 2.213700
 10 221 2.241099
 11   0 2.269304
 11  34 2.296703
 11  67 2.323297
 11  99 2.349084
 11 132 2.375678
 11 165 2.402271
 11 193 2.424835
 11 190 2.422418
 11 191 2.423223
