  0  55 0.044322
  0  82 0.066081
  0 116 0.093480
  0 150 0.120879
  0 181 0.145861
  0 215 0.173260
  0 251 0.202271
  1  26 0.227253
  1  61 0.255458
  1  94 0.282051
  1 125 0.307033
  1 161 0.336044
  1 193 0.361832
  1 226 0.388425
  2   6 0.417436
  2  39 0.444029
  2  72 0.470623
  2 107 0.498828
  2 137 0.523004
  2 170 0.549597
  2 204 0.576996
  2 235 0.601978
  3  13 0.629377
  3  47 0.656777
  3  80 0.683370
  3 115 0.711575
  3 149 0.738974
  3 181 0.764762
  3 214 0.791355
  3 247 0.817949
  4  25 0.845348
  4  58 0.871941
  4  91 0.898535
  4 124 0.925128
  4 158 0.952527
  4 193 0.980733
  4 226 1.007326
  5   4 1.034725
  5  37 1.061319
  5  70 1.087912
  5 103 1.114505
  5 137 1.141905
  5 170 1.168498
  5 204 1.195897
  5 238 1.223297
  6  17 1.251502
  6  52 1.279707
  6  84 1.305495
  6 116 1.331282
  6 149 1.357875
  6 182 1.384469
  6 215 1.411062
  6 248 1.437656
  7  27 1.465861
  7  61 1.493260
  7  94 1.519853
  7 128 1.547253
  7 160 1.573040
  7 192 1.598828
  7 224 1.624615
  8   2 1.652015
  8  35 1.678608
  8  69 1.706007
  8 104 1.734212
  8 138 1.761612
  8 172 1.789011
  8 204 1.814799
  8 236 1.840586
  9  13 1.867179
  9  46 1.893773
  9  79 1.920366
  9 112 1.946960
  9 145 1.973553
  9 179 2.000952
  9 213 2.028352
  9 246 2.054945
 10  24 2.082344
 10  56 2.108132
 10  88 2.133919
 10 121 2.160513
 10 154 2.187106
 10 187 2.213700
 10 221 2.241099
 11   0 2.269304
 11  33 2.295897
 11  67 2.323297
 11 100 2.349890
 11 132 2.375678
 11 165 2.402271
 11 193 2.424835
 11 187 2.420000
 11 186 2.419194
