  0  54 0.043516
  0  82 0.066081
  0 117 0.094286
  0 151 0.121685
  0 182 0.146667
  0 216 0.174066
  0 249 0.200659
  1  25 0.226447
  1  59 0.253846
  1  93 0.281245
  1 125 0.307033
  1 161 0.336044
  1 195 0.363443
  1 228 0.390037
  2   7 0.418242
  2  39 0.444029
  2  71 0.469817
  2 105 0.497216
  2 136 0.522198
  2 169 0.548791
  2 204 0.576996
  2 236 0.602784
  3  15 0.630989
  3  49 0.658388
  3  81 0.684176
  3 114 0.710769
  3 147 0.737363
  3 179 0.763150
  3 213 0.790549
  3 247 0.817949
  4  25 0.845348
  4  59 0.872747
  4  93 0.900147
  4 126 0.926740
  4 160 0.954139
  4 192 0.979927
  4 224 1.005714
  5   2 1.033114
  5  35 1.059707
  5  69 1.087106
  5 104 1.115311
  5 138 1.142711
  5 173 1.170916
  5 206 1.197509
  5 238 1.223297
  6  16 1.250696
  6  49 1.277289
  6  82 1.303883
  6 115 1.330476
  6 149 1.357875
  6 183 1.385275
  6 218 1.413480
  6 251 1.440073
  7  28 1.466667
  7  60 1.492454
  7  92 1.518242
  7 125 1.544835
  7 158 1.571429
  7 191 1.598022
  7 224 1.624615
  8   4 1.653626
  8  38 1.681026
  8  72 1.708425
  8 105 1.735018
  8 137 1.760806
  8 170 1.787399
  8 202 1.813187
  8 234 1.838974
  9  12 1.866374
  9  46 1.893773
  9  80 1.921172
  9 114 1.948571
  9 148 1.975971
  9 179 2.000952
  9 212 2.027546
  9 244 2.053333
 10  21 2.079927
 10  54 2.106520
 10  88 2.133919
 10 121 2.160513
 10 156 2.188718
 10 190 2.216117
 10 222 2.241905
 11   0 2.269304
 11  32 2.295092
 11  65 2.321685
 11  98 2.348278
 11 131 2.374872
 11 164 2.401465
 11 194 2.425641
 11 192 2.424029
 11 192 2.424029
