  0  56 0.045128
  0  83 0.066886
  0 116 0.093480
  0 150 0.120879
  0 181 0.145861
  0 215 0.173260
  0 249 0.200659
  1  26 0.227253
  1  61 0.255458
  1  95 0.282857
  1 126 0.307839
  1 161 0.336044
  1 194 0.362637
  1 225 0.387619
  2   5 0.416630
  2  38 0.443223
  2  71 0.469817
  2 107 0.498828
  2 138 0.523810
  2 170 0.549597
  2 204 0.576996
  2 236 0.602784
  3  13 0.629377
  3  47 0.656777
  3  79 0.682564
  3 114 0.710769
  3 148 0.738168
  3 182 0.765568
  3 216 0.792967
  3 248 0.818755
  4  25 0.845348
  4  57 0.871136
  4  91 0.898535
  4 123 0.924322
  4 158 0.952527
  4 192 0.979927
  4 226 1.007326
  5   5 1.035531
  5  37 1.061319
  5  70 1.087912
  5 103 1.114505
  5 136 1.141099
  5 170 1.168498
  5 204 1.195897
  5 237 1.222491
  6  17 1.251502
  6  52 1.279707
  6  84 1.305495
  6 117 1.332088
  6 150 1.358681
  6 182 1.384469
  6 215 1.411062
  6 248 1.437656
  7  26 1.465055
  7  61 1.493260
  7  95 1.520659
  7 128 1.547253
  7 160 1.573040
  7 192 1.598828
  7 224 1.624615
  8   2 1.652015
  8  35 1.678608
  8  69 1.706007
  8 104 1.734212
  8 138 1.761612
  8 172 1.789011
  8 204 1.814799
  8 235 1.839780
  9  12 1.866374
  9  46 1.893773
  9  79 1.920366
  9 112 1.946960
  9 145 1.973553
  9 179 2.000952
  9 213 2.028352
  9 246 2.054945
 10  23 2.081538
 10  56 2.108132
 10  87 2.133114
 10 120 2.159707
 10 154 2.187106
 10 188 2.214505
 10 222 2.241905
 11   0 2.269304
 11  34 2.296703
 11  67 2.323297
 11  99 2.349084
 11 132 2.375678
 11 165 2.402271
 11 194 2.425641
 11 187 2.420000
 11 186 2.419194
