  0  54 0.043516
  0  82 0.066081
  0 117 0.094286
  0 152 0.122491
  0 183 0.147473
  0 216 0.174066
  0 250 0.201465
  1  25 0.226447
  1  58 0.253040
  1  92 0.280440
  1 125 0.307033
  1 161 0.336044
  1 195 0.363443
  1 228 0.390037
  2   8 0.419048
  2  39 0.444029
  2  71 0.469817
  2 105 0.497216
  2 136 0.522198
  2 168 0.547985
  2 203 0.576190
  2 235 0.601978
  3  14 0.630183
  3  49 0.658388
  3  82 0.684982
  3 115 0.711575
  3 147 0.737363
  3 180 0.763956
  3 213 0.790549
  3 246 0.817143
  4  24 0.844542
  4  58 0.871941
  4  92 0.899341
  4 126 0.926740
  4 160 0.954139
  4 193 0.980733
  4 225 1.006520
  5   2 1.033114
  5  35 1.059707
  5  69 1.087106
  5 103 1.114505
  5 138 1.142711
  5 172 1.170110
  5 206 1.197509
  5 238 1.223297
  6  16 1.250696
  6  49 1.277289
  6  83 1.304689
  6 115 1.330476
  6 149 1.357875
  6 183 1.385275
  6 216 1.411868
  6 251 1.440073
  7  28 1.466667
  7  61 1.493260
  7  93 1.519048
  7 126 1.545641
  7 158 1.571429
  7 191 1.598022
  7 224 1.624615
  8   3 1.652821
  8  37 1.680220
  8  71 1.707619
  8 105 1.735018
  8 138 1.761612
  8 170 1.787399
  8 203 1.813993
  8 234 1.838974
  9  13 1.867179
  9  46 1.893773
  9  80 1.921172
  9 113 1.947766
  9 148 1.975971
  9 180 2.001758
  9 213 2.028352
  9 244 2.053333
 10  22 2.080733
 10  54 2.106520
 10  87 2.133114
 10 121 2.160513
 10 155 2.187912
 10 189 2.215311
 10 224 2.243516
 11   0 2.269304
 11  32 2.295092
 11  65 2.321685
 11  98 2.348278
 11 131 2.374872
 11 164 2.401465
 11 194 2.425641
 11 189 2.421612
 11 188 2.420806
