  0  44 0.035458
  0  61 0.049158
  0  83 0.066886
  0 105 0.084615
  0 125 0.100733
  0 147 0.118462
  0 170 0.136996
  0 192 0.154725
  0 215 0.173260
  0 239 0.192601
  1   6 0.211136
  1  29 0.229670
  1  51 0.247399
  1  70 0.262711
  1  93 0.281245
  1 115 0.298974
  1 136 0.315897
  1 159 0.334432
  1 181 0.352161
  1 204 0.370696
  1 227 0.389231
  1 248 0.406154
  2  14 0.423883
  2  36 0.441612
  2  58 0.459341
  2  80 0.477070
  2 103 0.495604
  2 125 0.513333
  2 148 0.531868
  2 171 0.550403
  2 193 0.568132
  2 215 0.585861
  2 236 0.602784
  3   2 0.620513
  3  25 0.639048
  3  47 0.656777
  3  69 0.674505
  3  92 0.693040
  3 114 0.710769
  3 137 0.729304
  3 160 0.747839
  3 182 0.765568
  3 203 0.782491
  3 224 0.799414
  3 246 0.817143
  4  13 0.835678
  4  36 0.854212
  4  59 0.872747
  4  82 0.891282
  4 105 0.909817
  4 127 0.927546
  4 148 0.944469
  4 170 0.962198
  4 191 0.979121
  4 213 0.996850
  4 235 1.014579
  5   2 1.033114
  5  25 1.051648
  5  48 1.070183
  5  71 1.088718
  5  92 1.105641
  5 113 1.122564
  5 136 1.141099
  5 158 1.158828
  5 180 1.176557
  5 202 1.194286
  5 229 1.216044
  5 246 1.229744
  6  14 1.249084
  6  37 1.267619
  6  58 1.284542
  6  79 1.301465
  6 100 1.318388
  6 122 1.336117
  6 144 1.353846
  6 168 1.373187
  6 188 1.389304
  6 212 1.408645
  6 234 1.426374
  7   0 1.444103
  7  22 1.461832
  7  43 1.478755
  7  65 1.496484
  7  87 1.514212
  7 109 1.531941
  7 131 1.549670
  7 155 1.569011
  7 177 1.586740
  7 200 1.605275
  7 222 1.623004
  7 237 1.635092
  7 223 1.623810
