  0  43 0.034652
  0  61 0.049158
  0  83 0.066886
  0 105 0.084615
  0 126 0.101538
  0 148 0.119267
  0 172 0.138608
  0 194 0.156337
  0 217 0.174872
  0 240 0.193407
  1   5 0.210330
  1  29 0.229670
  1  49 0.245788
  1  70 0.262711
  1  93 0.281245
  1 115 0.298974
  1 137 0.316703
  1 161 0.336044
  1 183 0.353773
  1 205 0.371502
  1 228 0.390037
  1 247 0.405348
  2  14 0.423883
  2  36 0.441612
  2  57 0.458535
  2  80 0.477070
  2 103 0.495604
  2 126 0.514139
  2 149 0.532674
  2 172 0.551209
  2 194 0.568938
  2 215 0.585861
  2 236 0.602784
  3   2 0.620513
  3  24 0.638242
  3  46 0.655971
  3  69 0.674505
  3  93 0.693846
  3 115 0.711575
  3 137 0.729304
  3 160 0.747839
  3 181 0.764762
  3 203 0.782491
  3 225 0.800220
  3 247 0.817949
  4  14 0.836484
  4  37 0.855018
  4  60 0.873553
  4  82 0.891282
  4 104 0.909011
  4 126 0.926740
  4 148 0.944469
  4 169 0.961392
  4 191 0.979121
  4 214 0.997656
  4 236 1.015385
  5   3 1.033919
  5  26 1.052454
  5  48 1.070183
  5  70 1.087912
  5  92 1.105641
  5 113 1.122564
  5 136 1.141099
  5 158 1.158828
  5 180 1.176557
  5 202 1.194286
  5 225 1.212821
  5 247 1.230549
  6  15 1.249890
  6  35 1.266007
  6  57 1.283736
  6  79 1.301465
  6 100 1.318388
  6 122 1.336117
  6 144 1.353846
  6 167 1.372381
  6 190 1.390916
  6 212 1.408645
  6 234 1.426374
  7   0 1.444103
  7  21 1.461026
  7  43 1.478755
  7  65 1.496484
  7  87 1.514212
  7 109 1.531941
  7 132 1.550476
  7 155 1.569011
  7 178 1.587546
  7 200 1.605275
  7 221 1.622198
  7 232 1.631062
  7 237 1.635092
