  0  41 0.033040
  0  60 0.048352
  0  84 0.067692
  0 107 0.086227
  0 127 0.102344
  0 149 0.120073
  0 170 0.136996
  0 192 0.154725
  0 214 0.172454
  0 236 0.190183
  1   2 0.207912
  1  27 0.228059
  1  50 0.246593
  1  72 0.264322
  1  95 0.282857
  1 116 0.299780
  1 137 0.316703
  1 160 0.335238
  1 180 0.351355
  1 202 0.369084
  1 225 0.387619
  1 246 0.404542
  2  15 0.424689
  2  38 0.443223
  2  59 0.460147
  2  81 0.477875
  2 103 0.495604
  2 125 0.513333
  2 147 0.531062
  2 169 0.548791
  2 192 0.567326
  2 214 0.585055
  2 237 0.603590
  3   3 0.621319
  3  25 0.639048
  3  47 0.656777
  3  69 0.674505
  3  91 0.692234
  3 113 0.709963
  3 136 0.728498
  3 158 0.746227
  3 181 0.764762
  3 204 0.783297
  3 227 0.801832
  3 248 0.818755
  4  14 0.836484
  4  36 0.854212
  4  58 0.871941
  4  80 0.889670
  4 102 0.907399
  4 125 0.925934
  4 146 0.942857
  4 171 0.963004
  4 193 0.980733
  4 215 0.998462
  4 236 1.015385
  5   1 1.032308
  5  24 1.050842
  5  45 1.067766
  5  67 1.085495
  5  91 1.104835
  5 115 1.124176
  5 137 1.141905
  5 160 1.160440
  5 181 1.177363
  5 203 1.195092
  5 224 1.212015
  5 245 1.228938
  6  12 1.247473
  6  34 1.265201
  6  57 1.283736
  6  80 1.302271
  6 102 1.320000
  6 124 1.337729
  6 146 1.355458
  6 168 1.373187
  6 188 1.389304
  6 210 1.407033
  6 232 1.424762
  6 254 1.442491
  7  21 1.461026
  7  44 1.479560
  7  67 1.498095
  7  89 1.515824
  7 111 1.533553
  7 132 1.550476
  7 154 1.568205
  7 176 1.585934
  7 197 1.602857
  7 219 1.620586
  7 231 1.630256
  7 225 1.625421
