  0  42 0.033846
  0  61 0.049158
  0  82 0.066081
  0 104 0.083810
  0 125 0.100733
  0 147 0.118462
  0 170 0.136996
  0 191 0.153919
  0 214 0.172454
  0 238 0.191795
  1   3 0.208718
  1  28 0.228864
  1  49 0.245788
  1  69 0.261905
  1  92 0.280440
  1 113 0.297363
  1 136 0.315897
  1 159 0.334432
  1 181 0.352161
  1 202 0.369084
  1 226 0.388425
  1 248 0.406154
  2  14 0.423883
  2  36 0.441612
  2  57 0.458535
  2  79 0.476264
  2 101 0.493993
  2 123 0.511722
  2 146 0.530256
  2 170 0.549597
  2 192 0.567326
  2 215 0.585861
  2 236 0.602784
  3   2 0.620513
  3  24 0.638242
  3  46 0.655971
  3  68 0.673700
  3  90 0.691429
  3 112 0.709158
  3 135 0.727692
  3 159 0.747033
  3 182 0.765568
  3 203 0.782491
  3 225 0.800220
  3 246 0.817143
  4  13 0.835678
  4  35 0.853407
  4  57 0.871136
  4  80 0.889670
  4 103 0.908205
  4 126 0.926740
  4 148 0.944469
  4 170 0.962198
  4 191 0.979121
  4 213 0.996850
  4 235 1.014579
  5   1 1.032308
  5  24 1.050842
  5  46 1.068571
  5  69 1.087106
  5  93 1.106447
  5 115 1.124176
  5 136 1.141099
  5 157 1.158022
  5 179 1.175751
  5 202 1.194286
  5 223 1.211209
  5 244 1.228132
  6  13 1.248278
  6  36 1.266813
  6  58 1.284542
  6  80 1.302271
  6 101 1.319194
  6 123 1.336923
  6 144 1.353846
  6 166 1.371575
  6 190 1.390916
  6 210 1.407033
  6 232 1.424762
  7   0 1.444103
  7  22 1.461832
  7  44 1.479560
  7  66 1.497289
  7  87 1.514212
  7 108 1.531136
  7 131 1.549670
  7 153 1.567399
  7 176 1.585934
  7 199 1.604469
  7 221 1.622198
  7 237 1.635092
  7 225 1.625421
