  0  41 0.033040
  0  59 0.047546
  0  81 0.065275
  0 105 0.084615
  0 126 0.101538
  0 148 0.119267
  0 171 0.137802
  0 192 0.154725
  0 214 0.172454
  0 236 0.190183
  1   2 0.207912
  1  26 0.227253
  1  48 0.244982
  1  71 0.263516
  1  94 0.282051
  1 116 0.299780
  1 137 0.316703
  1 159 0.334432
  1 179 0.350549
  1 201 0.368278
  1 224 0.386813
  1 245 0.403736
  2  13 0.423077
  2  37 0.442418
  2  59 0.460147
  2  82 0.478681
  2 104 0.496410
  2 125 0.513333
  2 146 0.530256
  2 168 0.547985
  2 190 0.565714
  2 212 0.583443
  2 234 0.601172
  3   2 0.620513
  3  26 0.639853
  3  48 0.657582
  3  69 0.674505
  3  92 0.693040
  3 113 0.709963
  3 135 0.727692
  3 157 0.745421
  3 180 0.763956
  3 202 0.781685
  3 225 0.800220
  3 248 0.818755
  4  15 0.837289
  4  37 0.855018
  4  58 0.871941
  4  80 0.889670
  4 102 0.907399
  4 124 0.925128
  4 146 0.942857
  4 169 0.961392
  4 192 0.979927
  4 214 0.997656
  4 236 1.015385
  5   2 1.033114
  5  24 1.050842
  5  45 1.067766
  5  68 1.086300
  5  90 1.104029
  5 113 1.122564
  5 136 1.141099
  5 159 1.159634
  5 182 1.178168
  5 203 1.195092
  5 224 1.212015
  5 245 1.228938
  6  12 1.247473
  6  34 1.265201
  6  56 1.282930
  6  78 1.300659
  6 101 1.319194
  6 124 1.337729
  6 147 1.356264
  6 168 1.373187
  6 189 1.390110
  6 210 1.407033
  6 231 1.423956
  6 254 1.442491
  7  20 1.460220
  7  43 1.478755
  7  66 1.497289
  7  89 1.515824
  7 111 1.533553
  7 133 1.551282
  7 155 1.569011
  7 176 1.585934
  7 197 1.602857
  7 220 1.621392
  7 235 1.633480
  7 238 1.635897
