  0   0 0.000000
  0  25 0.020147
  0  61 0.049158
  0  94 0.075751
  0 129 0.103956
  0 164 0.132161
  0 197 0.158755
  0 232 0.186960
  1   9 0.213553
  1  41 0.239341
  1  72 0.264322
  1 107 0.292527
  1 138 0.317509
  1 169 0.342491
  1 203 0.369890
  1 233 0.394066
  2  10 0.420659
  2  43 0.447253
  2  73 0.471429
  2 105 0.497216
  2 135 0.521392
  2 168 0.547985
  2 197 0.571355
  2 228 0.596337
  3   5 0.622930
  3  34 0.646300
  3  66 0.672088
  3  96 0.696264
  3 124 0.718828
  3 157 0.745421
  3 199 0.779267
