  0   0 0.000000
  0  27 0.021758
  0  60 0.048352
  0  96 0.077363
  0 126 0.101538
  0 159 0.128132
  0 194 0.156337
  0 221 0.178095
  0 255 0.205495
  1  32 0.232088
  1  62 0.256264
  1  94 0.282051
  1 126 0.307839
  1 157 0.332821
  1 189 0.358608
  1 224 0.386813
  1 253 0.410183
  2  29 0.435971
  2  64 0.464176
  2 104 0.496410
  2 142 0.527033
  2 183 0.560073
  2 222 0.591502
  3   8 0.625348
  3  46 0.655971
  3  85 0.687399
  3 115 0.711575
  3 143 0.734139
  3 173 0.758315
  3 205 0.784103
  3 231 0.805055
