  0   0 0.000000
  0  31 0.024982
  0  62 0.049963
  0  95 0.076557
  0 128 0.103150
  0 160 0.128938
  0 192 0.154725
  0 222 0.178901
  1   0 0.206300
  1  31 0.231282
  1  62 0.256264
  1  95 0.282857
  1 125 0.307033
  1 155 0.331209
  1 189 0.358608
  1 225 0.387619
  2   9 0.419853
  2  49 0.452088
  2  87 0.482711
  2 126 0.514139
  2 165 0.545568
  2 204 0.576996
  2 236 0.602784
  3  11 0.627766
  3  43 0.653553
  3  72 0.676923
  3 104 0.702711
  3 133 0.726081
  3 163 0.750256
  3 196 0.776850
  3 222 0.797802
