  0   0 0.000000
  0  32 0.025788
  0  62 0.049963
  0  94 0.075751
  0 127 0.102344
  0 159 0.128132
  0 191 0.153919
  0 222 0.178901
  0 255 0.205495
  1  32 0.232088
  1  63 0.257070
  1  94 0.282051
  1 127 0.308645
  1 159 0.334432
  1 190 0.359414
  1 221 0.384396
  1 251 0.408571
  2  28 0.435165
  2  67 0.466593
  2 109 0.500440
  2 143 0.527839
  2 187 0.563297
  2 226 0.594725
  3  10 0.626960
  3  52 0.660806
  3  85 0.687399
  3 113 0.709963
  3 144 0.734945
  3 172 0.757509
  3 201 0.780879
  3 232 0.805861
