  0   0 0.000000
  0  28 0.022564
  0  61 0.049158
  0  97 0.078168
  0 128 0.103150
  0 163 0.131355
  0 197 0.158755
  0 230 0.185348
  1   8 0.212747
  1  39 0.237729
  1  73 0.265128
  1 102 0.288498
  1 135 0.315092
  1 168 0.341685
  1 197 0.365055
  1 231 0.392454
  2   6 0.417436
  2  37 0.442418
  2  68 0.467399
  2 101 0.493993
  2 132 0.518974
  2 164 0.544762
  2 195 0.569744
  2 224 0.593114
  3   0 0.618901
  3  30 0.643077
  3  59 0.666447
  3  91 0.692234
  3 121 0.716410
  3 163 0.750256
  3 209 0.787326
