  0   0 0.000000
  0  31 0.024982
  0  64 0.051575
  0  97 0.078168
  0 133 0.107179
  0 167 0.134579
  0 202 0.162784
  0 235 0.189377
  1  10 0.214359
  1  44 0.241758
  1  76 0.267546
  1 106 0.291722
  1 138 0.317509
  1 173 0.345714
  1 204 0.370696
  1 238 0.398095
  2  12 0.422271
  2  45 0.448864
  2  72 0.470623
  2 109 0.500440
  2 137 0.523004
  2 167 0.547179
  2 202 0.575385
  2 231 0.598755
  3   4 0.622125
  3  38 0.649524
  3  67 0.672894
  3  99 0.698681
  3 132 0.725275
  3 176 0.760733
  3 218 0.794579
