  0   0 0.000000
  0  30 0.024176
  0  60 0.048352
  0  92 0.074139
  0 123 0.099121
  0 154 0.124103
  0 184 0.148278
  0 224 0.180513
  0 254 0.204689
  1  33 0.232894
  1  75 0.266740
  1 108 0.293333
  1 147 0.324762
  1 182 0.352967
  1 214 0.378755
  1 246 0.404542
  2  22 0.430330
  2  51 0.453700
  2  83 0.479487
  2 116 0.506081
  2 144 0.528645
  2 177 0.555238
  2 211 0.582637
  2 240 0.606007
  3  14 0.630183
  3  46 0.655971
  3  75 0.679341
  3 104 0.702711
  3 140 0.731722
  3 164 0.751062
  3 194 0.775238
