  0   0 0.000000
  0  31 0.024982
  0  62 0.049963
  0  94 0.075751
  0 126 0.101538
  0 159 0.128132
  0 191 0.153919
  0 224 0.180513
  1   0 0.206300
  1  29 0.229670
  1  64 0.257875
  1  95 0.282857
  1 123 0.305421
  1 158 0.333626
  1 188 0.357802
  1 217 0.381172
  1 252 0.409377
  2  28 0.435165
  2  57 0.458535
  2  90 0.485128
  2 129 0.516557
  2 169 0.548791
  2 210 0.581832
  2 250 0.614066
  3  34 0.646300
  3  73 0.677729
  3 113 0.709963
  3 142 0.733333
  3 171 0.756703
  3 203 0.782491
  3 230 0.804249
