  0   0 0.000000
  0  33 0.026593
  0  63 0.050769
  0  94 0.075751
  0 129 0.103956
  0 161 0.129744
  0 193 0.155531
  0 227 0.182930
  1   2 0.207912
  1  34 0.233700
  1  66 0.259487
  1  99 0.286081
  1 129 0.310256
  1 160 0.335238
  1 193 0.361832
  1 225 0.387619
  1 254 0.410989
  2  30 0.436777
  2  64 0.464176
  2  92 0.486740
  2 126 0.514139
  2 157 0.539121
  2 189 0.564908
  2 229 0.597143
  3  13 0.629377
  3  53 0.661612
  3  95 0.695458
  3 135 0.727692
  3 175 0.759927
  3 219 0.795385
  3 245 0.816337
