  0   0 0.000000
  0  31 0.024982
  0  63 0.050769
  0  94 0.075751
  0 128 0.103150
  0 160 0.128938
  0 190 0.153114
  0 224 0.180513
  1   0 0.206300
  1  30 0.230476
  1  64 0.257875
  1  95 0.282857
  1 125 0.307033
  1 160 0.335238
  1 189 0.358608
  1 222 0.385201
  1 252 0.409377
  2  28 0.435165
  2  64 0.464176
  2 106 0.498022
  2 146 0.530256
  2 182 0.559267
  2 225 0.593919
  3  11 0.627766
  3  49 0.658388
  3  84 0.686593
  3 112 0.709158
  3 140 0.731722
  3 169 0.755092
  3 200 0.780073
  3 229 0.803443
