  0   0 0.000000
  0  27 0.021758
  0  59 0.047546
  0  93 0.074945
  0 123 0.099121
  0 155 0.124908
  0 190 0.153114
  0 222 0.178901
  1   2 0.207912
  1  39 0.237729
  1  72 0.264322
  1 113 0.297363
  1 150 0.327179
  1 177 0.348938
  1 213 0.377949
  1 245 0.403736
  2  20 0.428718
  2  54 0.456117
  2  84 0.480293
  2 114 0.504469
  2 149 0.532674
  2 176 0.554432
  2 207 0.579414
  2 244 0.609231
  3  16 0.631795
  3  48 0.657582
  3  78 0.681758
  3 108 0.705934
  3 138 0.730110
  3 170 0.755897
  3 197 0.777656
