  0   0 0.000000
  0  28 0.022564
  0  58 0.046740
  0  93 0.074945
  0 126 0.101538
  0 160 0.128938
  0 195 0.157143
  0 231 0.186154
  1  11 0.215165
  1  43 0.240952
  1  74 0.265934
  1 107 0.292527
  1 136 0.315897
  1 166 0.340073
  1 200 0.367473
  1 233 0.394066
  2  11 0.421465
  2  43 0.447253
  2  74 0.472234
  2 104 0.496410
  2 136 0.522198
  2 166 0.546374
  2 198 0.572161
  2 228 0.596337
  3   4 0.622125
  3  35 0.647106
  3  64 0.670476
  3  93 0.693846
  3 125 0.719634
  3 156 0.744615
  3 190 0.772015
