  0   0 0.000000
  0  32 0.025788
  0  63 0.050769
  0  92 0.074139
  0 129 0.103956
  0 163 0.131355
  0 196 0.157949
  0 232 0.186960
  1  11 0.215165
  1  42 0.240147
  1  73 0.265128
  1 108 0.293333
  1 137 0.316703
  1 169 0.342491
  1 205 0.371502
  1 234 0.394872
  2   9 0.419853
  2  42 0.446447
  2  74 0.472234
  2 104 0.496410
  2 136 0.522198
  2 167 0.547179
  2 197 0.571355
  2 230 0.597949
  3   2 0.620513
  3  33 0.645495
  3  65 0.671282
  3  93 0.693846
  3 123 0.718022
  3 156 0.744615
  3 190 0.772015
