  0   0 0.000000
  0  30 0.024176
  0  61 0.049158
  0  91 0.073333
  0 129 0.103956
  0 161 0.129744
  0 195 0.157143
  0 237 0.190989
  1  12 0.215971
  1  41 0.239341
  1  75 0.266740
  1 106 0.291722
  1 137 0.316703
  1 172 0.344908
  1 204 0.370696
  1 235 0.395678
  2  14 0.423883
  2  45 0.448864
  2  76 0.473846
  2 109 0.500440
  2 141 0.526227
  2 170 0.549597
  2 201 0.574579
  2 231 0.598755
  3   7 0.624542
  3  40 0.651136
  3  69 0.674505
  3 101 0.700293
  3 130 0.723663
  3 161 0.748645
  3 203 0.782491
