  0   0 0.000000
  0  29 0.023370
  0  61 0.049158
  0  95 0.076557
  0 125 0.100733
  0 156 0.125714
  0 187 0.150696
  0 222 0.178901
  0 251 0.202271
  1  28 0.228864
  1  60 0.254652
  1  91 0.279634
  1 122 0.304615
  1 154 0.330403
  1 185 0.355385
  1 223 0.386007
  2   4 0.415824
  2  42 0.446447
  2  85 0.481099
  2 122 0.510916
  2 159 0.540733
  2 200 0.573773
  2 232 0.599560
  3   4 0.622125
  3  38 0.649524
  3  64 0.670476
  3  97 0.697070
  3 124 0.718828
  3 155 0.743810
  3 185 0.767985
  3 216 0.792967
