  0   0 0.000000
  0  29 0.023370
  0  61 0.049158
  0  93 0.074945
  0 123 0.099121
  0 157 0.126520
  0 187 0.150696
  0 224 0.180513
  1   1 0.207106
  1  37 0.236117
  1  74 0.265934
  1 111 0.295751
  1 147 0.324762
  1 180 0.351355
  1 210 0.375531
  1 243 0.402125
  2  19 0.427912
  2  51 0.453700
  2  84 0.480293
  2 114 0.504469
  2 144 0.528645
  2 178 0.556044
  2 206 0.578608
  2 240 0.606007
  3  11 0.627766
  3  44 0.654359
  3  74 0.678535
  3 106 0.704322
  3 136 0.728498
  3 165 0.751868
  3 198 0.778462
