  0   0 0.000000
  0  31 0.024982
  0  63 0.050769
  0  96 0.077363
  0 130 0.104762
  0 160 0.128938
  0 196 0.157949
  0 225 0.181319
  1   2 0.207912
  1  35 0.234505
  1  66 0.259487
  1  97 0.284469
  1 130 0.311062
  1 161 0.336044
  1 195 0.363443
  1 225 0.387619
  2   1 0.413407
  2  35 0.440806
  2  66 0.465788
  2  96 0.489963
  2 130 0.517363
  2 171 0.550403
  2 211 0.582637
  2 252 0.615678
  3  35 0.647106
  3  78 0.681758
  3 115 0.711575
  3 159 0.747033
  3 186 0.768791
  3 212 0.789744
  3 245 0.816337
