  0   0 0.000000
  0  29 0.023370
  0  62 0.049963
  0  91 0.073333
  0 124 0.099927
  0 155 0.124908
  0 184 0.148278
  0 220 0.177289
  0 254 0.204689
  1  32 0.232088
  1  69 0.261905
  1 106 0.291722
  1 141 0.319927
  1 181 0.352161
  1 216 0.380366
  1 246 0.404542
  2  25 0.432747
  2  54 0.456117
  2  84 0.480293
  2 118 0.507692
  2 148 0.531868
  2 178 0.556044
  2 211 0.582637
  2 242 0.607619
  3  18 0.633407
  3  47 0.656777
  3  78 0.681758
  3 109 0.706740
  3 140 0.731722
  3 170 0.755897
  3 201 0.780879
