  0   0 0.000000
  0  28 0.022564
  0  60 0.048352
  0  89 0.071722
  0 122 0.098315
  0 155 0.124908
  0 186 0.149890
  0 222 0.178901
  1   0 0.206300
  1  36 0.235311
  1  73 0.265128
  1 108 0.293333
  1 146 0.323956
  1 184 0.354579
  1 213 0.377949
  1 248 0.406154
  2  24 0.431941
  2  53 0.455311
  2  88 0.483516
  2 120 0.509304
  2 149 0.532674
  2 182 0.559267
  2 211 0.582637
  2 243 0.608425
  3  20 0.635018
  3  48 0.657582
  3  80 0.683370
  3 109 0.706740
  3 141 0.732527
  3 172 0.757509
  3 202 0.781685
