  0   0 0.000000
  0  28 0.022564
  0  63 0.050769
  0  91 0.073333
  0 127 0.102344
  0 160 0.128938
  0 191 0.153919
  0 222 0.178901
  0 254 0.204689
  1  28 0.228864
  1  64 0.257875
  1  92 0.280440
  1 122 0.304615
  1 159 0.334432
  1 188 0.357802
  1 225 0.387619
  2   8 0.419048
  2  46 0.449670
  2  84 0.480293
  2 126 0.514139
  2 161 0.542344
  2 202 0.575385
  2 239 0.605201
  3  14 0.630183
  3  43 0.653553
  3  74 0.678535
  3 105 0.703516
  3 134 0.726886
  3 165 0.751868
  3 197 0.777656
  3 225 0.800220
