  0 165 0.132967
  0  96 0.077363
  0  78 0.062857
  0  81 0.065275
  0  85 0.068498
  0  88 0.070916
  0  92 0.074139
  0  95 0.076557
  0  99 0.079780
  0 103 0.083004
  0 106 0.085421
  0 111 0.089451
  0 114 0.091868
  0 119 0.095897
  0 122 0.098315
  0 126 0.101538
  0 130 0.104762
  0 133 0.107179
  0 137 0.110403
  0 140 0.112821
  0 144 0.116044
  0 148 0.119267
  0 151 0.121685
  0 156 0.125714
  0 180 0.145055
  0 184 0.148278
  0 188 0.151502
  0 192 0.154725
  0 195 0.157143
  0 199 0.160366
  0 202 0.162784
