  0 113 0.091062
  0  75 0.060440
  0  77 0.062051
  0  81 0.065275
  0  85 0.068498
  0  88 0.070916
  0  92 0.074139
  0  96 0.077363
  0  99 0.079780
  0 103 0.083004
  0 107 0.086227
  0 111 0.089451
  0 115 0.092674
  0 118 0.095092
  0 122 0.098315
  0 125 0.100733
  0 129 0.103956
  0 133 0.107179
  0 137 0.110403
  0 140 0.112821
  0 144 0.116044
  0 148 0.119267
  0 151 0.121685
  0 155 0.124908
  0 159 0.128132
  0 183 0.147473
  0 187 0.150696
  0 191 0.153919
  0 195 0.157143
  0 199 0.160366
  0 203 0.163590
