  0  86 0.069304
  0  73 0.058828
  0  77 0.062051
  0  81 0.065275
  0  85 0.068498
  0  89 0.071722
  0  93 0.074945
  0  96 0.077363
  0 100 0.080586
  0 103 0.083004
  0 107 0.086227
  0 111 0.089451
  0 115 0.092674
  0 118 0.095092
  0 120 0.096703
  0 125 0.100733
  0 129 0.103956
  0 133 0.107179
  0 136 0.109597
  0 140 0.112821
  0 144 0.116044
  0 148 0.119267
  0 152 0.122491
  0 155 0.124908
  0 159 0.128132
  0 183 0.147473
  0 188 0.151502
  0 191 0.153919
  0 195 0.157143
  0 198 0.159560
  0 202 0.162784
