  0  88 0.070916
  0  75 0.060440
  0  77 0.062051
  0  81 0.065275
  0  84 0.067692
  0  88 0.070916
  0  91 0.073333
  0  95 0.076557
  0  99 0.079780
  0 103 0.083004
  0 107 0.086227
  0 111 0.089451
  0 114 0.091868
  0 118 0.095092
  0 121 0.097509
  0 125 0.100733
  0 129 0.103956
  0 132 0.106374
  0 136 0.109597
  0 140 0.112821
  0 142 0.114432
  0 147 0.118462
  0 151 0.121685
  0 155 0.124908
  0 158 0.127326
  0 183 0.147473
  0 187 0.150696
  0 191 0.153919
  0 194 0.156337
  0 198 0.159560
  0 202 0.162784
