  0  85 0.068498
  0  73 0.058828
  0  76 0.061245
  0  80 0.064469
  0  83 0.066886
  0  88 0.070916
  0  92 0.074139
  0  97 0.078168
  0  99 0.079780
  0 103 0.083004
  0 105 0.084615
  0 110 0.088645
  0 113 0.091062
  0 116 0.093480
  0 121 0.097509
  0 125 0.100733
  0 129 0.103956
  0 132 0.106374
  0 136 0.109597
  0 140 0.112821
  0 144 0.116044
  0 147 0.118462
  0 151 0.121685
  0 155 0.124908
  0 158 0.127326
  0 183 0.147473
  0 187 0.150696
  0 191 0.153919
  0 195 0.157143
  0 199 0.160366
  0 202 0.162784
