  0  84 0.067692
  0  74 0.059634
  0  76 0.061245
  0  81 0.065275
  0  85 0.068498
  0  88 0.070916
  0  92 0.074139
  0  95 0.076557
  0  98 0.078974
  0 103 0.083004
  0 107 0.086227
  0 110 0.088645
  0 114 0.091868
  0 118 0.095092
  0 121 0.097509
  0 125 0.100733
  0 129 0.103956
  0 133 0.107179
  0 136 0.109597
  0 140 0.112821
  0 143 0.115238
  0 147 0.118462
  0 151 0.121685
  0 155 0.124908
  0 158 0.127326
  0 183 0.147473
  0 187 0.150696
  0 191 0.153919
  0 195 0.157143
  0 199 0.160366
  0 201 0.161978
