  0  85 0.068498
  0  73 0.058828
  0  77 0.062051
  0  81 0.065275
  0  85 0.068498
  0  89 0.071722
  0  92 0.074139
  0  96 0.077363
  0  99 0.079780
  0 103 0.083004
  0 106 0.085421
  0 110 0.088645
  0 114 0.091868
  0 118 0.095092
  0 121 0.097509
  0 125 0.100733
  0 129 0.103956
  0 132 0.106374
  0 136 0.109597
  0 140 0.112821
  0 144 0.116044
  0 147 0.118462
  0 151 0.121685
  0 154 0.124103
  0 180 0.145055
  0 184 0.148278
  0 187 0.150696
  0 191 0.153919
  0 194 0.156337
  0 198 0.159560
  0 202 0.162784
