  0  85 0.068498
  0  74 0.059634
  0  77 0.062051
  0  80 0.064469
  0  84 0.067692
  0  89 0.071722
  0  92 0.074139
  0  96 0.077363
  0  99 0.079780
  0 103 0.083004
  0 107 0.086227
  0 110 0.088645
  0 114 0.091868
  0 117 0.094286
  0 121 0.097509
  0 125 0.100733
  0 129 0.103956
  0 133 0.107179
  0 136 0.109597
  0 140 0.112821
  0 144 0.116044
  0 147 0.118462
  0 151 0.121685
  0 155 0.124908
  0 158 0.127326
  0 184 0.148278
  0 188 0.151502
  0 191 0.153919
  0 195 0.157143
  0 198 0.159560
  0 202 0.162784
