  0 109 0.087839
  0  74 0.059634
  0  77 0.062051
  0  82 0.066081
  0  85 0.068498
  0  89 0.071722
  0  93 0.074945
  0  96 0.077363
  0 100 0.080586
  0 103 0.083004
  0 106 0.085421
  0 110 0.088645
  0 115 0.092674
  0 118 0.095092
  0 122 0.098315
  0 126 0.101538
  0 129 0.103956
  0 134 0.107985
  0 137 0.110403
  0 141 0.113626
  0 145 0.116850
  0 147 0.118462
  0 151 0.121685
  0 155 0.124908
  0 159 0.128132
  0 184 0.148278
  0 188 0.151502
  0 192 0.154725
  0 195 0.157143
  0 199 0.160366
  0 202 0.162784
