  0   5 0.004029
  0 119 0.095897
  0 231 0.186154
  1  88 0.277216
  1 202 0.369084
  2  60 0.460952
  2 172 0.551209
  3  27 0.640659
  3 140 0.731722
  3 253 0.822784
  4 112 0.915458
  4 225 1.006520
  5  83 1.098388
  5 197 1.190256
  6  55 1.282125
  6 170 1.374799
  7  25 1.464249
  7 138 1.555311
  7 250 1.645568
  8 109 1.738242
  8 222 1.829304
  9  80 1.921172
  9 193 2.012234
 10  53 2.105714
 10 165 2.195971
 11  22 2.287033
 11 133 2.376484
 11 245 2.466740
 12 102 2.557802
 12 215 2.648864
 13  72 2.739927
