  0   5 0.004029
  0 118 0.095092
  0 231 0.186154
  1  89 0.278022
  1 202 0.369084
  2  60 0.460952
  2 172 0.551209
  3  27 0.640659
  3 140 0.731722
  3 253 0.822784
  4 112 0.915458
  4 225 1.006520
  5  82 1.097582
  5 196 1.189451
  6  55 1.282125
  6 170 1.374799
  7  26 1.465055
  7 139 1.556117
  7 253 1.647985
  8 109 1.738242
  8 222 1.829304
  9  80 1.921172
  9 193 2.012234
 10  52 2.104908
 10 164 2.195165
 11  23 2.287839
 11 134 2.377289
 11 246 2.467546
 12 102 2.557802
 12 215 2.648864
 13  72 2.739927
