  0   5 0.004029
  0 118 0.095092
  0 231 0.186154
  1  88 0.277216
  1 203 0.369890
  2  60 0.460952
  2 173 0.552015
  3  27 0.640659
  3 140 0.731722
  3 253 0.822784
  4 111 0.914652
  4 225 1.006520
  5  82 1.097582
  5 195 1.188645
  6  55 1.282125
  6 170 1.374799
  7  26 1.465055
  7 139 1.556117
  7 252 1.647179
  8 109 1.738242
  8 222 1.829304
  9  79 1.920366
  9 193 2.012234
 10  52 2.104908
 10 164 2.195165
 11  22 2.287033
 11 134 2.377289
 11 245 2.466740
 12 102 2.557802
 12 214 2.648059
 13  72 2.739927
