  0   5 0.004029
  0 118 0.095092
  0 230 0.185348
  1  87 0.276410
  1 201 0.368278
  2  59 0.460147
  2 172 0.551209
  3  28 0.641465
  3 140 0.731722
  3 253 0.822784
  4 112 0.915458
  4 225 1.006520
  5  82 1.097582
  5 195 1.188645
  6  54 1.281319
  6 169 1.373993
  7  25 1.464249
  7 139 1.556117
  7 252 1.647179
  8 110 1.739048
  8 223 1.830110
  9  82 1.922784
  9 193 2.012234
 10  52 2.104908
 10 164 2.195165
 11  21 2.286227
 11 133 2.376484
 11 245 2.466740
 12 104 2.559414
 12 216 2.649670
 13  72 2.739927
