  0   5 0.004029
  0 118 0.095092
  0 232 0.186960
  1  88 0.277216
  1 203 0.369890
  2  60 0.460952
  2 172 0.551209
  3  27 0.640659
  3 140 0.731722
  3 253 0.822784
  4 111 0.914652
  4 225 1.006520
  5  80 1.095971
  5 196 1.189451
  6  55 1.282125
  6 169 1.373993
  7  26 1.465055
  7 139 1.556117
  7 252 1.647179
  8 109 1.738242
  8 221 1.828498
  9  80 1.921172
  9 193 2.012234
 10  52 2.104908
 10 165 2.195971
 11  22 2.287033
 11 134 2.377289
 11 246 2.467546
 12 102 2.557802
 12 215 2.648864
 13  71 2.739121
