  0   6 0.004835
  0 118 0.095092
  0 231 0.186154
  1  88 0.277216
  1 202 0.369084
  2  59 0.460147
  2 172 0.551209
  3  27 0.640659
  3 140 0.731722
  3 253 0.822784
  4 112 0.915458
  4 226 1.007326
  5  83 1.098388
  5 196 1.189451
  6  54 1.281319
  6 169 1.373993
  7  25 1.464249
  7 139 1.556117
  7 252 1.647179
  8 110 1.739048
  8 222 1.829304
  9  80 1.921172
  9 194 2.013040
 10  53 2.105714
 10 164 2.195165
 11  21 2.286227
 11 133 2.376484
 11 245 2.466740
 12 102 2.557802
 12 214 2.648059
 13  73 2.740733
