  0   5 0.004029
  0 117 0.094286
  0 230 0.185348
  1  88 0.277216
  1 202 0.369084
  2  60 0.460952
  2 173 0.552015
  3  28 0.641465
  3 140 0.731722
  3 253 0.822784
  4 112 0.915458
  4 225 1.006520
  5  82 1.097582
  5 196 1.189451
  6  54 1.281319
  6 169 1.373993
  7  26 1.465055
  7 140 1.556923
  7 252 1.647179
  8 110 1.739048
  8 222 1.829304
  9  79 1.920366
  9 197 2.015458
 10  52 2.104908
 10 164 2.195165
 11  21 2.286227
 11 134 2.377289
 11 247 2.468352
 12 103 2.558608
 12 215 2.648864
 13  72 2.739927
