  0   0 0.000000
  0  29 0.023370
  0  76 0.061245
  0 117 0.094286
  0 163 0.131355
  0 203 0.163590
  0 243 0.195824
  1  33 0.232894
  1  74 0.265934
  1 120 0.303004
  1 162 0.336850
  1 206 0.372308
  1 249 0.406960
  2  39 0.444029
  2  85 0.481099
  2 128 0.515751
  2 172 0.551209
  2 217 0.587473
  3   5 0.622930
  3  49 0.658388
  3  97 0.697070
  3 142 0.733333
  3 186 0.768791
  3 237 0.809890
  4  22 0.842930
  4  72 0.883223
  4 116 0.918681
  4 159 0.953333
  4 207 0.992015
  4 254 1.029890
  5  42 1.065348
