  0   0 0.000000
  0  37 0.029817
  0  88 0.070916
  0 141 0.113626
  0 186 0.149890
  0 237 0.190989
  1  35 0.234505
  1  81 0.271575
  1 130 0.311062
  1 185 0.355385
  1 232 0.393260
  2  24 0.431941
  2  75 0.473040
  2 135 0.521392
  2 179 0.556850
  2 231 0.598755
  3  24 0.638242
  3  84 0.686593
  3 131 0.724469
  3 181 0.764762
  3 232 0.805861
  4  28 0.847766
  4  81 0.890476
  4 133 0.932381
  4 186 0.975092
  4 237 1.016190
  5  35 1.059707
  5  86 1.100806
  5 134 1.139487
  5 192 1.186227
  5 242 1.226520
