  0   0 0.000000
  0  35 0.028205
  0  79 0.063663
  0 122 0.098315
  0 170 0.136996
  0 214 0.172454
  1   3 0.208718
  1  45 0.242564
  1  90 0.278828
  1 140 0.319121
  1 179 0.350549
  1 232 0.393260
  2  17 0.426300
  2  65 0.464982
  2 112 0.502857
  2 160 0.541538
  2 201 0.574579
  2 245 0.610037
  3  37 0.648718
  3  81 0.684176
  3 125 0.719634
  3 171 0.756703
  3 218 0.794579
  4   8 0.831648
  4  56 0.870330
  4 103 0.908205
  4 147 0.943663
  4 189 0.977509
  4 237 1.016190
  5  30 1.055678
  5  76 1.092747
