  0   0 0.000000
  0  40 0.032234
  0  90 0.072527
  0 135 0.108791
  0 184 0.148278
  0 236 0.190183
  1  31 0.231282
  1  80 0.270769
  1 125 0.307033
  1 175 0.347326
  1 226 0.388425
  2  20 0.428718
  2  65 0.464982
  2 118 0.507692
  2 166 0.546374
  2 216 0.586667
  3  10 0.626960
  3  62 0.668864
  3 112 0.709158
  3 160 0.747839
  3 204 0.783297
  3 252 0.821978
  4  54 0.868718
  4  99 0.904982
  4 148 0.944469
  4 192 0.979927
  4 246 1.023443
  5  42 1.065348
  5  89 1.103223
  5 142 1.145934
  5 188 1.183004
