  0  93 0.074945
  0  72 0.058022
  0 101 0.081392
  0 131 0.105568
  0 161 0.129744
  0 200 0.161172
  0 230 0.185348
  1   3 0.208718
  1  33 0.232894
  1  57 0.252234
  1  88 0.277216
  1 117 0.300586
  1 147 0.324762
  1 177 0.348938
  1 218 0.381978
  1 249 0.406960
  2  22 0.430330
  2  52 0.454505
  2  75 0.473040
  2 105 0.497216
  2 134 0.520586
  2 164 0.544762
  2 205 0.577802
  2 236 0.602784
  3   9 0.626154
  3  39 0.650330
  3  63 0.669670
  3  92 0.693040
  3 121 0.716410
  3 151 0.740586
  3 181 0.764762
