  0  74 0.059634
  0  72 0.058022
  0 105 0.084615
  0 131 0.105568
  0 161 0.129744
  0 201 0.161978
  0 230 0.185348
  1   4 0.209524
  1  34 0.233700
  1  58 0.253040
  1  88 0.277216
  1 118 0.301392
  1 147 0.324762
  1 177 0.348938
  1 218 0.381978
  1 248 0.406154
  2  22 0.430330
  2  52 0.454505
  2  75 0.473040
  2 105 0.497216
  2 134 0.520586
  2 165 0.545568
  2 205 0.577802
  2 235 0.601978
  3   9 0.626154
  3  39 0.650330
  3  62 0.668864
  3  92 0.693040
  3 121 0.716410
  3 151 0.740586
  3 181 0.764762
