  0  69 0.055604
  0  71 0.057216
  0 101 0.081392
  0 131 0.105568
  0 161 0.129744
  0 201 0.161978
  0 231 0.186154
  1   4 0.209524
  1  34 0.233700
  1  58 0.253040
  1  87 0.276410
  1 117 0.300586
  1 147 0.324762
  1 177 0.348938
  1 217 0.381172
  1 248 0.406154
  2  22 0.430330
  2  53 0.455311
  2  75 0.473040
  2 105 0.497216
  2 135 0.521392
  2 164 0.544762
  2 204 0.576996
  2 235 0.601978
  3   9 0.626154
  3  39 0.650330
  3  63 0.669670
  3  91 0.692234
  3 121 0.716410
  3 151 0.740586
  3 181 0.764762
