  0  71 0.057216
  0  72 0.058022
  0 101 0.081392
  0 130 0.104762
  0 160 0.128938
  0 200 0.161172
  0 231 0.186154
  1   4 0.209524
  1  34 0.233700
  1  58 0.253040
  1  88 0.277216
  1 118 0.301392
  1 147 0.324762
  1 177 0.348938
  1 217 0.381172
  1 247 0.405348
  2  22 0.430330
  2  52 0.454505
  2  75 0.473040
  2 104 0.496410
  2 134 0.520586
  2 164 0.544762
  2 205 0.577802
  2 235 0.601978
  3   9 0.626154
  3  38 0.649524
  3  62 0.668864
  3  91 0.692234
  3 120 0.715604
  3 151 0.740586
  3 181 0.764762
