  0  77 0.062051
  0  73 0.058828
  0 104 0.083810
  0 133 0.107179
  0 164 0.132161
  0 204 0.164396
  0 234 0.188571
  1   7 0.211941
  1  37 0.236117
  1  60 0.254652
  1  90 0.278828
  1 119 0.302198
  1 149 0.326374
  1 179 0.350549
  1 220 0.383590
  1 250 0.407766
  2  24 0.431941
  2  54 0.456117
  2  77 0.474652
  2 107 0.498828
  2 136 0.522198
  2 165 0.545568
  2 205 0.577802
  2 236 0.602784
  3  10 0.626960
  3  40 0.651136
  3  62 0.668864
  3  93 0.693846
  3 122 0.717216
  3 151 0.740586
  3 181 0.764762
