  0  72 0.058022
  0  74 0.059634
  0 104 0.083810
  0 134 0.107985
  0 164 0.132161
  0 204 0.164396
  0 233 0.187766
  1   7 0.211941
  1  36 0.235311
  1  60 0.254652
  1  90 0.278828
  1 119 0.302198
  1 149 0.326374
  1 178 0.349744
  1 219 0.382784
  1 249 0.406960
  2  24 0.431941
  2  54 0.456117
  2  77 0.474652
  2 107 0.498828
  2 136 0.522198
  2 165 0.545568
  2 206 0.578608
  2 235 0.601978
  3   9 0.626154
  3  39 0.650330
  3  62 0.668864
  3  92 0.693040
  3 121 0.716410
  3 148 0.738168
  3 181 0.764762
