  0  71 0.057216
  0  73 0.058828
  0 103 0.083004
  0 132 0.106374
  0 162 0.130549
  0 202 0.162784
  0 232 0.186960
  1   6 0.211136
  1  35 0.234505
  1  60 0.254652
  1  90 0.278828
  1 119 0.302198
  1 149 0.326374
  1 179 0.350549
  1 219 0.382784
  1 248 0.406154
  2  23 0.431136
  2  53 0.455311
  2  76 0.473846
  2 105 0.497216
  2 135 0.521392
  2 165 0.545568
  2 205 0.577802
  2 235 0.601978
  3   9 0.626154
  3  38 0.649524
  3  62 0.668864
  3  91 0.692234
  3 121 0.716410
  3 151 0.740586
  3 180 0.763956
