  0  72 0.058022
  0  74 0.059634
  0 102 0.082198
  0 132 0.106374
  0 162 0.130549
  0 202 0.162784
  0 232 0.186960
  1   5 0.210330
  1  35 0.234505
  1  59 0.253846
  1  89 0.278022
  1 119 0.302198
  1 148 0.325568
  1 178 0.349744
  1 219 0.382784
  1 249 0.406960
  2  23 0.431136
  2  55 0.456923
  2  76 0.473846
  2 106 0.498022
  2 135 0.521392
  2 165 0.545568
  2 205 0.577802
  2 236 0.602784
  3   9 0.626154
  3  39 0.650330
  3  62 0.668864
  3  91 0.692234
  3 120 0.715604
  3 151 0.740586
  3 180 0.763956
