  0  37 0.029817
  0  57 0.045934
  0  80 0.064469
  0 103 0.083004
  0 125 0.100733
  0 149 0.120073
  0 171 0.137802
  0 192 0.154725
  0 215 0.173260
  0 237 0.190989
  1   2 0.207912
  1  25 0.226447
  1  46 0.243370
  1  69 0.261905
  1  94 0.282051
  1 116 0.299780
  1 137 0.316703
  1 159 0.334432
  1 179 0.350549
  1 201 0.368278
  1 224 0.386813
  1 245 0.403736
  2  14 0.423883
  2  37 0.442418
  2  59 0.460147
  2  81 0.477875
  2 102 0.494799
  2 124 0.512527
  2 146 0.530256
  2 168 0.547985
  2 190 0.565714
  2 213 0.584249
  2 236 0.602784
  3   3 0.621319
  3  26 0.639853
  3  47 0.656777
  3  69 0.674505
  3  90 0.691429
  3 112 0.709158
  3 138 0.730110
  3 157 0.745421
  3 180 0.763956
  3 204 0.783297
  3 226 0.801026
  3 247 0.817949
  4  14 0.836484
  4  35 0.853407
  4  57 0.871136
  4  79 0.888864
  4 102 0.907399
  4 125 0.925934
  4 147 0.943663
  4 170 0.962198
  4 192 0.979927
  4 213 0.996850
  4 235 1.014579
  5   1 1.032308
  5  23 1.050037
  5  45 1.067766
  5  68 1.086300
  5  92 1.105641
  5 115 1.124176
  5 136 1.141099
  5 158 1.158828
  5 179 1.175751
  5 201 1.193480
  5 223 1.211209
  5 244 1.228132
  6  12 1.247473
  6  36 1.266813
  6  58 1.284542
  6  80 1.302271
  6 101 1.319194
  6 122 1.336117
  6 144 1.353846
  6 166 1.371575
  6 188 1.389304
  6 210 1.407033
  6 232 1.424762
  7   0 1.444103
  7  22 1.461832
  7  44 1.479560
  7  65 1.496484
  7  86 1.513407
  7 109 1.531941
  7 131 1.549670
  7 153 1.567399
  7 176 1.585934
  7 199 1.604469
  7 222 1.623004
  7 237 1.635092
  7 237 1.635092
