  0  42 0.033846
  0  61 0.049158
  0  85 0.068498
  0 109 0.087839
  0 129 0.103956
  0 151 0.121685
  0 173 0.139414
  0 193 0.155531
  0 216 0.174066
  0 237 0.190989
  1   4 0.209524
  1  28 0.228864
  1  51 0.247399
  1  73 0.265128
  1  96 0.283663
  1 118 0.301392
  1 138 0.317509
  1 161 0.336044
  1 182 0.352967
  1 203 0.369890
  1 226 0.388425
  1 248 0.406154
  2  16 0.425495
  2  39 0.444029
  2  60 0.460952
  2  82 0.478681
  2 104 0.496410
  2 126 0.514139
  2 148 0.531868
  2 170 0.549597
  2 192 0.567326
  2 216 0.586667
  2 238 0.604396
  3   5 0.622930
  3  27 0.640659
  3  48 0.657582
  3  69 0.674505
  3  92 0.693040
  3 114 0.710769
  3 136 0.728498
  3 159 0.747033
  3 183 0.766374
  3 206 0.784908
  3 228 0.802637
  3 248 0.818755
  4  14 0.836484
  4  37 0.855018
  4  58 0.871941
  4  80 0.889670
  4 103 0.908205
  4 126 0.926740
  4 150 0.946081
  4 172 0.963810
  4 193 0.980733
  4 215 0.998462
  4 236 1.015385
  5   2 1.033114
  5  25 1.051648
  5  46 1.068571
  5  69 1.087106
  5  92 1.105641
  5 115 1.124176
  5 138 1.142711
  5 160 1.160440
  5 181 1.177363
  5 202 1.194286
  5 224 1.212015
  5 245 1.228938
  6  13 1.248278
  6  36 1.266813
  6  58 1.284542
  6  81 1.303077
  6 102 1.320000
  6 124 1.337729
  6 145 1.354652
  6 167 1.372381
  6 188 1.389304
  6 209 1.406227
  6 232 1.424762
  6 255 1.443297
  7  22 1.461832
  7  45 1.480366
  7  67 1.498095
  7  88 1.515018
  7 110 1.532747
  7 132 1.550476
  7 154 1.568205
  7 176 1.585934
  7 197 1.602857
  7 220 1.621392
  7 237 1.635092
  7 232 1.631062
