  0  44 0.035458
  0  63 0.050769
  0  85 0.068498
  0 109 0.087839
  0 129 0.103956
  0 153 0.123297
  0 175 0.141026
  0 193 0.155531
  0 217 0.174872
  0 239 0.192601
  1   4 0.209524
  1  29 0.229670
  1  51 0.247399
  1  74 0.265934
  1  97 0.284469
  1 121 0.303810
  1 140 0.319121
  1 163 0.337656
  1 182 0.352967
  1 204 0.370696
  1 227 0.389231
  1 247 0.405348
  2  15 0.424689
  2  39 0.444029
  2  61 0.461758
  2  85 0.481099
  2 106 0.498022
  2 127 0.514945
  2 149 0.532674
  2 171 0.550403
  2 193 0.568132
  2 215 0.585861
  2 238 0.604396
  3   5 0.622930
  3  28 0.641465
  3  50 0.659194
  3  71 0.676117
  3  93 0.693846
  3 115 0.711575
  3 137 0.729304
  3 160 0.747839
  3 183 0.766374
  3 205 0.784103
  3 228 0.802637
  3 249 0.819560
  4  17 0.838901
  4  38 0.855824
  4  61 0.874359
  4  81 0.890476
  4 103 0.908205
  4 126 0.926740
  4 148 0.944469
  4 171 0.963004
  4 194 0.981538
  4 216 0.999267
  4 237 1.016190
  5   4 1.034725
  5  25 1.051648
  5  47 1.069377
  5  69 1.087106
  5  91 1.104835
  5 114 1.123370
  5 137 1.141905
  5 161 1.161245
  5 183 1.178974
  5 204 1.195897
  5 225 1.212821
  5 246 1.229744
  6  13 1.248278
  6  35 1.266007
  6  57 1.283736
  6  80 1.302271
  6 102 1.320000
  6 126 1.339341
  6 146 1.355458
  6 168 1.373187
  6 189 1.390110
  6 210 1.407033
  6 232 1.424762
  6 254 1.442491
  7  21 1.461026
  7  44 1.479560
  7  67 1.498095
  7  90 1.516630
  7 112 1.534359
  7 132 1.550476
  7 154 1.568205
  7 176 1.585934
  7 198 1.603663
  7 219 1.620586
  7 235 1.633480
  7 237 1.635092
