  0  44 0.035458
  0  61 0.049158
  0  85 0.068498
  0 108 0.087033
  0 129 0.103956
  0 150 0.120879
  0 173 0.139414
  0 194 0.156337
  0 217 0.174872
  0 239 0.192601
  1   5 0.210330
  1  29 0.229670
  1  52 0.248205
  1  74 0.265934
  1  97 0.284469
  1 118 0.301392
  1 139 0.318315
  1 161 0.336044
  1 181 0.352161
  1 203 0.369890
  1 226 0.388425
  1 248 0.406154
  2  15 0.424689
  2  40 0.444835
  2  62 0.462564
  2  84 0.480293
  2 105 0.497216
  2 126 0.514139
  2 148 0.531868
  2 171 0.550403
  2 192 0.567326
  2 214 0.585055
  2 237 0.603590
  3   5 0.622930
  3  28 0.641465
  3  50 0.659194
  3  72 0.676923
  3  93 0.693846
  3 115 0.711575
  3 137 0.729304
  3 159 0.747033
  3 181 0.764762
  3 204 0.783297
  3 227 0.801832
  3 249 0.819560
  4  16 0.838095
  4  38 0.855824
  4  59 0.872747
  4  81 0.890476
  4 103 0.908205
  4 124 0.925128
  4 148 0.944469
  4 171 0.963004
  4 193 0.980733
  4 216 0.999267
  4 238 1.016996
  5   3 1.033919
  5  25 1.051648
  5  47 1.069377
  5  69 1.087106
  5  91 1.104835
  5 114 1.123370
  5 137 1.141905
  5 160 1.160440
  5 183 1.178974
  5 204 1.195897
  5 225 1.212821
  5 246 1.229744
  6  13 1.248278
  6  35 1.266007
  6  57 1.283736
  6  79 1.301465
  6 102 1.320000
  6 124 1.337729
  6 147 1.356264
  6 168 1.373187
  6 190 1.390916
  6 211 1.407839
  6 232 1.424762
  6 254 1.442491
  7  21 1.461026
  7  43 1.478755
  7  66 1.497289
  7  89 1.515824
  7 112 1.534359
  7 134 1.552088
  7 155 1.569011
  7 176 1.585934
  7 198 1.603663
  7 220 1.621392
  7 235 1.633480
  7 223 1.623810
