  0  40 0.032234
  0  58 0.046740
  0  82 0.066081
  0 105 0.084615
  0 126 0.101538
  0 146 0.117656
  0 168 0.135385
  0 190 0.153114
  0 213 0.171648
  0 236 0.190183
  1   2 0.207912
  1  26 0.227253
  1  49 0.245788
  1  72 0.264322
  1  94 0.282051
  1 113 0.297363
  1 137 0.316703
  1 158 0.333626
  1 178 0.349744
  1 200 0.367473
  1 224 0.386813
  1 246 0.404542
  2  13 0.423077
  2  38 0.443223
  2  59 0.460147
  2  80 0.477070
  2 101 0.493993
  2 124 0.512527
  2 146 0.530256
  2 168 0.547985
  2 190 0.565714
  2 213 0.584249
  2 236 0.602784
  3   2 0.620513
  3  25 0.639048
  3  47 0.656777
  3  68 0.673700
  3  91 0.692234
  3 112 0.709158
  3 134 0.726886
  3 157 0.745421
  3 181 0.764762
  3 204 0.783297
  3 225 0.800220
  3 247 0.817949
  4  13 0.835678
  4  35 0.853407
  4  57 0.871136
  4  80 0.889670
  4 102 0.907399
  4 125 0.925934
  4 148 0.944469
  4 171 0.963004
  4 192 0.979927
  4 213 0.996850
  4 235 1.014579
  5   1 1.032308
  5  23 1.050037
  5  46 1.068571
  5  68 1.086300
  5  92 1.105641
  5 115 1.124176
  5 137 1.141905
  5 159 1.159634
  5 180 1.176557
  5 202 1.194286
  5 223 1.211209
  5 244 1.228132
  6  11 1.246667
  6  35 1.266007
  6  57 1.283736
  6  80 1.302271
  6 102 1.320000
  6 123 1.336923
  6 145 1.354652
  6 166 1.371575
  6 188 1.389304
  6 210 1.407033
  6 231 1.423956
  6 255 1.443297
  7  22 1.461832
  7  45 1.480366
  7  67 1.498095
  7  88 1.515018
  7 110 1.532747
  7 132 1.550476
  7 153 1.567399
  7 176 1.585934
  7 197 1.602857
  7 220 1.621392
  7 237 1.635092
  7 229 1.628645
