  0   8 0.006447
  0   3 0.002418
  0   5 0.004029
  0   6 0.004835
  0   6 0.004835
  0   8 0.006447
  0   8 0.006447
  0  10 0.008059
  0   7 0.005641
  0   7 0.005641
  0  12 0.009670
  0  11 0.008864
  0  12 0.009670
  0  12 0.009670
  0  12 0.009670
  0  13 0.010476
  0  14 0.011282
  0  11 0.008864
  0  12 0.009670
  0  11 0.008864
  0  14 0.011282
  0  13 0.010476
  0  13 0.010476
  0  14 0.011282
  0  15 0.012088
  0  17 0.013700
  0  18 0.014505
  0  12 0.009670
  0  13 0.010476
  0  14 0.011282
  0  21 0.016923
  0  20 0.016117
  0  17 0.013700
  0  20 0.016117
  0  22 0.017729
  0  17 0.013700
  0  21 0.016923
  0  19 0.015311
  0  17 0.013700
  0  21 0.016923
  0  22 0.017729
  0  24 0.019341
  0  22 0.017729
  0  25 0.020147
  0  22 0.017729
  0  21 0.016923
  0  23 0.018535
  0  25 0.020147
  0  24 0.019341
  0  25 0.020147
  0  26 0.020952
  0  30 0.024176
  0  25 0.020147
  0  29 0.023370
  0  28 0.022564
  0  28 0.022564
  0  29 0.023370
  0  27 0.021758
  0  30 0.024176
  0  26 0.020952
  0  31 0.024982
  0  33 0.026593
  0  30 0.024176
  0  32 0.025788
  0  32 0.025788
  0  31 0.024982
  0  33 0.026593
  0  30 0.024176
  0  30 0.024176
  0  31 0.024982
  0  33 0.026593
  0  34 0.027399
  0  35 0.028205
  0  34 0.027399
  0  35 0.028205
  0  37 0.029817
  0  35 0.028205
  0  34 0.027399
  0  36 0.029011
  0  35 0.028205
  0  38 0.030623
  0  38 0.030623
  0  41 0.033040
  0  41 0.033040
  0  41 0.033040
  0  40 0.032234
  0  41 0.033040
  0  40 0.032234
  0  40 0.032234
  0  39 0.031429
  0  44 0.035458
  0  43 0.034652
  0  42 0.033846
  0  43 0.034652
  0  43 0.034652
  0  43 0.034652
  0  43 0.034652
  0  43 0.034652
  0  41 0.033040
  0  42 0.033846
  0  47 0.037875
  0  48 0.038681
  0  46 0.037070
  0  48 0.038681
  0  47 0.037875
  0  48 0.038681
  0  47 0.037875
  0  48 0.038681
  0  48 0.038681
  0  48 0.038681
  0  52 0.041905
  0  52 0.041905
  0  51 0.041099
  0  51 0.041099
  0  52 0.041905
  0  51 0.041099
  0  51 0.041099
  0  52 0.041905
  0  52 0.041905
  0  53 0.042711
  0  57 0.045934
  0  55 0.044322
  0  55 0.044322
  0  56 0.045128
  0  55 0.044322
  0  55 0.044322
  0  58 0.046740
  0  58 0.046740
  0  56 0.045128
  0  57 0.045934
  0  60 0.048352
  0  59 0.047546
  0  59 0.047546
  0  59 0.047546
  0  60 0.048352
  0  60 0.048352
  0  61 0.049158
  0  61 0.049158
  0  61 0.049158
  0  61 0.049158
  0  63 0.050769
  0  64 0.051575
  0  64 0.051575
  0  65 0.052381
  0  64 0.051575
  0  64 0.051575
  0  64 0.051575
  0  64 0.051575
  0  64 0.051575
  0  63 0.050769
  0  66 0.053187
  0  68 0.054799
  0  70 0.056410
  0  69 0.055604
  0  70 0.056410
  0  69 0.055604
  0  68 0.054799
  0  69 0.055604
  0  68 0.054799
  0  68 0.054799
  0  71 0.057216
  0  72 0.058022
  0  72 0.058022
  0  71 0.057216
  0  72 0.058022
  0  73 0.058828
  0  73 0.058828
  0  72 0.058022
  0  71 0.057216
  0  72 0.058022
  0  74 0.059634
  0  78 0.062857
  0  78 0.062857
  0  79 0.063663
  0  77 0.062051
  0  76 0.061245
  0  75 0.060440
  0  74 0.059634
  0  77 0.062051
  0  77 0.062051
  0  83 0.066886
  0  83 0.066886
  0  81 0.065275
  0  79 0.063663
  0  79 0.063663
  0  79 0.063663
  0  80 0.064469
  0  82 0.066081
  0  82 0.066081
  0  82 0.066081
  0  83 0.066886
  0  84 0.067692
  0  84 0.067692
  0  85 0.068498
  0  85 0.068498
  0  84 0.067692
  0  82 0.066081
  0  86 0.069304
  0  86 0.069304
  0  85 0.068498
  0  87 0.070110
  0  88 0.070916
  0  89 0.071722
  0  91 0.073333
  0  87 0.070110
  0  89 0.071722
  0  89 0.071722
  0  91 0.073333
  0  88 0.070916
  0  88 0.070916
  0  89 0.071722
  0  94 0.075751
  0  93 0.074945
  0  93 0.074945
  0  91 0.073333
  0  93 0.074945
  0  93 0.074945
  0  96 0.077363
  0  92 0.074139
  0  91 0.073333
  0  96 0.077363
  0  98 0.078974
  0  97 0.078168
  0 100 0.080586
  0  95 0.076557
  0  96 0.077363
  0  96 0.077363
  0  98 0.078974
  0  98 0.078974
  0  97 0.078168
  0 100 0.080586
  0 100 0.080586
  0 101 0.081392
  0 101 0.081392
  0 102 0.082198
  0 101 0.081392
  0 102 0.082198
  0  98 0.078974
  0  99 0.079780
  0 100 0.080586
  0 106 0.085421
  0 108 0.087033
  0 107 0.086227
  0 108 0.087033
  0 103 0.083004
  0 103 0.083004
  0 103 0.083004
  0 104 0.083810
  0 103 0.083004
  0 102 0.082198
  0 109 0.087839
  0 109 0.087839
  0 108 0.087033
  0 108 0.087033
  0 106 0.085421
  0 107 0.086227
  0 109 0.087839
  0 107 0.086227
  0 107 0.086227
  0 108 0.087033
  0 111 0.089451
  0 112 0.090256
  0 112 0.090256
  0 111 0.089451
  0 113 0.091062
  0 115 0.092674
  0 113 0.091062
  0 115 0.092674
  0 115 0.092674
  0 112 0.090256
  0 115 0.092674
  0 117 0.094286
  0 120 0.096703
  0 117 0.094286
  0 115 0.092674
  0 117 0.094286
  0 119 0.095897
  0 116 0.093480
  0 119 0.095897
  0 120 0.096703
  0 119 0.095897
  0 123 0.099121
  0 119 0.095897
  0 120 0.096703
  0 123 0.099121
  0 120 0.096703
  0 123 0.099121
  0 119 0.095897
  0 123 0.099121
  0 119 0.095897
  0 127 0.102344
  0 123 0.099121
  0 127 0.102344
  0 127 0.102344
  0 127 0.102344
  0 127 0.102344
  0 124 0.099927
  0 127 0.102344
  0 124 0.099927
  0 127 0.102344
  0 130 0.104762
  0 131 0.105568
  0 131 0.105568
  0 129 0.103956
  0 131 0.105568
  0 129 0.103956
  0 129 0.103956
  0 131 0.105568
  0 128 0.103150
  0 130 0.104762
  0 136 0.109597
  0 134 0.107985
  0 135 0.108791
  0 135 0.108791
  0 132 0.106374
  0 134 0.107985
  0 134 0.107985
  0 133 0.107179
  0 135 0.108791
  0 135 0.108791
  0 139 0.112015
  0 138 0.111209
  0 139 0.112015
  0 138 0.111209
  0 137 0.110403
  0 138 0.111209
  0 139 0.112015
  0 139 0.112015
  0 138 0.111209
  0 137 0.110403
  0 143 0.115238
  0 143 0.115238
  0 143 0.115238
  0 142 0.114432
  0 142 0.114432
  0 142 0.114432
  0 142 0.114432
  0 143 0.115238
  0 143 0.115238
  0 141 0.113626
  0 145 0.116850
  0 146 0.117656
  0 145 0.116850
  0 147 0.118462
  0 147 0.118462
  0 147 0.118462
  0 147 0.118462
  0 147 0.118462
  0 147 0.118462
  0 146 0.117656
  0 150 0.120879
  0 149 0.120073
  0 149 0.120073
  0 149 0.120073
  0 152 0.122491
  0 152 0.122491
  0 151 0.121685
  0 150 0.120879
  0 149 0.120073
  0 150 0.120879
  0 154 0.124103
  0 154 0.124103
  0 154 0.124103
  0 154 0.124103
  0 155 0.124908
  0 155 0.124908
  0 154 0.124103
  0 154 0.124103
  0 154 0.124103
  0 154 0.124103
  0 158 0.127326
  0 161 0.129744
  0 160 0.128938
  0 158 0.127326
  0 158 0.127326
  0 158 0.127326
  0 158 0.127326
  0 158 0.127326
  0 157 0.126520
  0 157 0.126520
  0 162 0.130549
  0 164 0.132161
  0 164 0.132161
  0 163 0.131355
  0 163 0.131355
  0 160 0.128938
  0 162 0.130549
  0 163 0.131355
  0 162 0.130549
  0 163 0.131355
  0 169 0.136190
  0 167 0.134579
  0 166 0.133773
  0 167 0.134579
  0 166 0.133773
  0 165 0.132967
  0 166 0.133773
  0 167 0.134579
  0 166 0.133773
  0 166 0.133773
  0 169 0.136190
  0 170 0.136996
  0 171 0.137802
  0 169 0.136190
  0 172 0.138608
  0 171 0.137802
  0 173 0.139414
  0 172 0.138608
  0 170 0.136996
  0 170 0.136996
  0 174 0.140220
  0 175 0.141026
  0 175 0.141026
  0 176 0.141832
  0 172 0.138608
  0 175 0.141026
  0 175 0.141026
  0 176 0.141832
  0 175 0.141026
  0 177 0.142637
  0 180 0.145055
  0 179 0.144249
  0 179 0.144249
  0 177 0.142637
  0 178 0.143443
  0 178 0.143443
  0 180 0.145055
  0 180 0.145055
  0 179 0.144249
  0 178 0.143443
  0 181 0.145861
  0 182 0.146667
  0 183 0.147473
  0 187 0.150696
  0 184 0.148278
  0 184 0.148278
  0 181 0.145861
  0 183 0.147473
  0 183 0.147473
  0 186 0.149890
  0 186 0.149890
  0 187 0.150696
  0 189 0.152308
  0 189 0.152308
  0 187 0.150696
  0 187 0.150696
  0 185 0.149084
  0 189 0.152308
  0 188 0.151502
  0 188 0.151502
  0 190 0.153114
  0 193 0.155531
  0 193 0.155531
  0 194 0.156337
  0 190 0.153114
  0 191 0.153919
  0 191 0.153919
  0 192 0.154725
  0 191 0.153919
  0 193 0.155531
  0 193 0.155531
  0 197 0.158755
  0 197 0.158755
  0 196 0.157949
  0 192 0.154725
  0 193 0.155531
  0 194 0.156337
  0 198 0.159560
  0 197 0.158755
  0 196 0.157949
  0 199 0.160366
  0 199 0.160366
  0 199 0.160366
  0 201 0.161978
  0 201 0.161978
  0 199 0.160366
  0 198 0.159560
  0 198 0.159560
  0 199 0.160366
  0 199 0.160366
  0 206 0.166007
  0 204 0.164396
  0 204 0.164396
  0 203 0.163590
  0 202 0.162784
  0 203 0.163590
  0 201 0.161978
  0 205 0.165201
  0 205 0.165201
  0 205 0.165201
  0 209 0.168425
  0 210 0.169231
  0 210 0.169231
  0 207 0.166813
  0 208 0.167619
  0 209 0.168425
  0 208 0.167619
  0 209 0.168425
  0 207 0.166813
  0 207 0.166813
  0 213 0.171648
  0 213 0.171648
  0 215 0.173260
  0 215 0.173260
  0 215 0.173260
  0 214 0.172454
  0 214 0.172454
  0 212 0.170842
  0 209 0.168425
  0 211 0.170037
  0 214 0.172454
  0 215 0.173260
  0 219 0.176484
  0 219 0.176484
  0 217 0.174872
  0 214 0.172454
  0 216 0.174066
  0 217 0.174872
  0 215 0.173260
  0 216 0.174066
  0 223 0.179707
  0 219 0.176484
  0 219 0.176484
  0 222 0.178901
  0 218 0.175678
  0 222 0.178901
  0 220 0.177289
  0 220 0.177289
  0 221 0.178095
  0 220 0.177289
  0 227 0.182930
  0 223 0.179707
  0 225 0.181319
  0 223 0.179707
  0 225 0.181319
  0 223 0.179707
  0 222 0.178901
  0 224 0.180513
  0 224 0.180513
  0 227 0.182930
  0 227 0.182930
  0 229 0.184542
  0 229 0.184542
  0 228 0.183736
  0 228 0.183736
  0 226 0.182125
  0 229 0.184542
  0 229 0.184542
  0 229 0.184542
  0 230 0.185348
  0 232 0.186960
  0 234 0.188571
  0 232 0.186960
  0 231 0.186154
  0 233 0.187766
  0 233 0.187766
  0 232 0.186960
  0 234 0.188571
  0 233 0.187766
  0 231 0.186154
  0 237 0.190989
  0 236 0.190183
  0 235 0.189377
  0 235 0.189377
  0 237 0.190989
  0 236 0.190183
  0 237 0.190989
  0 238 0.191795
  0 237 0.190989
  0 236 0.190183
  0 240 0.193407
  0 240 0.193407
  0 242 0.195018
  0 242 0.195018
  0 241 0.194212
  0 241 0.194212
  0 240 0.193407
  0 240 0.193407
  0 240 0.193407
  0 241 0.194212
  0 244 0.196630
  0 244 0.196630
  0 245 0.197436
  0 245 0.197436
  0 245 0.197436
  0 244 0.196630
  0 244 0.196630
  0 245 0.197436
  0 243 0.195824
  0 245 0.197436
  0 249 0.200659
  0 250 0.201465
  0 250 0.201465
  0 250 0.201465
  0 249 0.200659
  0 248 0.199853
  0 248 0.199853
  0 248 0.199853
  0 248 0.199853
  0 249 0.200659
  0 254 0.204689
  0 254 0.204689
  0 253 0.203883
  0 253 0.203883
  0 253 0.203883
  0 253 0.203883
  0 253 0.203883
  0 253 0.203883
  0 252 0.203077
  0 254 0.204689
  1   3 0.208718
  1   1 0.207106
  1   1 0.207106
  1   2 0.207912
  1   0 0.206300
  1   1 0.207106
  1   1 0.207106
  1   1 0.207106
  1   2 0.207912
  1   3 0.208718
  1   7 0.211941
  1   6 0.211136
  1   6 0.211136
  1   5 0.210330
  1   4 0.209524
  1   6 0.211136
  1   6 0.211136
  1   6 0.211136
  1   6 0.211136
  1   7 0.211941
  1   9 0.213553
  1   9 0.213553
  1  10 0.214359
  1   9 0.213553
  1   9 0.213553
  1   9 0.213553
  1   9 0.213553
  1  10 0.214359
  1   9 0.213553
  1   8 0.212747
  1  13 0.216777
  1  12 0.215971
  1  13 0.216777
  1  13 0.216777
  1  12 0.215971
  1  14 0.217582
  1  13 0.216777
  1  14 0.217582
  1  14 0.217582
  1  14 0.217582
  1  19 0.221612
  1  17 0.220000
  1  17 0.220000
  1  17 0.220000
  1  18 0.220806
  1  17 0.220000
  1  19 0.221612
  1  20 0.222418
  1  17 0.220000
  1  16 0.219194
  1  20 0.222418
  1  22 0.224029
  1  21 0.223223
  1  24 0.225641
  1  23 0.224835
  1  23 0.224835
  1  22 0.224029
  1  20 0.222418
  1  21 0.223223
  1  19 0.221612
  1  27 0.228059
  1  28 0.228864
  1  28 0.228864
  1  26 0.227253
  1  24 0.225641
  1  23 0.224835
  1  26 0.227253
  1  26 0.227253
  1  25 0.226447
  1  26 0.227253
  1  31 0.231282
  1  30 0.230476
  1  32 0.232088
  1  30 0.230476
  1  28 0.228864
  1  28 0.228864
  1  31 0.231282
  1  32 0.232088
  1  31 0.231282
  1  29 0.229670
  1  35 0.234505
  1  35 0.234505
  1  34 0.233700
  1  32 0.232088
  1  34 0.233700
  1  35 0.234505
  1  37 0.236117
  1  34 0.233700
  1  34 0.233700
  1  34 0.233700
  1  40 0.238535
  1  39 0.237729
  1  37 0.236117
  1  35 0.234505
  1  37 0.236117
  1  41 0.239341
  1  40 0.238535
  1  39 0.237729
  1  37 0.236117
  1  37 0.236117
  1  40 0.238535
  1  44 0.241758
  1  43 0.240952
  1  43 0.240952
  1  40 0.238535
  1  42 0.240147
  1  41 0.239341
  1  45 0.242564
  1  43 0.240952
  1  42 0.240147
  1  46 0.243370
  1  44 0.241758
  1  45 0.242564
  1  46 0.243370
  1  48 0.244982
  1  47 0.244176
  1  48 0.244982
  1  45 0.242564
  1  45 0.242564
  1  44 0.241758
  1  49 0.245788
  1  51 0.247399
  1  51 0.247399
  1  52 0.248205
  1  50 0.246593
  1  49 0.245788
  1  52 0.248205
  1  51 0.247399
  1  51 0.247399
  1  51 0.247399
  1  54 0.249817
  1  58 0.253040
  1  57 0.252234
  1  56 0.251429
  1  57 0.252234
  1  53 0.249011
  1  51 0.247399
  1  54 0.249817
  1  54 0.249817
  1  53 0.249011
  1  60 0.254652
  1  61 0.255458
  1  59 0.253846
  1  59 0.253846
  1  60 0.254652
  1  57 0.252234
  1  57 0.252234
  1  59 0.253846
  1  60 0.254652
  1  58 0.253040
  1  64 0.257875
  1  64 0.257875
  1  63 0.257070
  1  61 0.255458
  1  65 0.258681
  1  62 0.256264
  1  63 0.257070
  1  64 0.257875
  1  63 0.257070
  1  64 0.257875
  1  65 0.258681
  1  69 0.261905
  1  65 0.258681
  1  68 0.261099
  1  64 0.257875
  1  68 0.261099
  1  66 0.259487
  1  69 0.261905
  1  66 0.259487
  1  68 0.261099
  1  69 0.261905
  1  70 0.262711
  1  73 0.265128
  1  70 0.262711
  1  72 0.264322
  1  70 0.262711
  1  71 0.263516
  1  71 0.263516
  1  70 0.262711
  1  72 0.264322
  1  73 0.265128
  1  75 0.266740
  1  75 0.266740
  1  73 0.265128
  1  76 0.267546
  1  76 0.267546
  1  75 0.266740
  1  76 0.267546
  1  75 0.266740
  1  74 0.265934
  1  80 0.270769
  1  78 0.269158
  1  78 0.269158
  1  80 0.270769
  1  80 0.270769
  1  79 0.269963
  1  79 0.269963
  1  79 0.269963
  1  78 0.269158
  1  78 0.269158
  1  84 0.273993
  1  85 0.274799
  1  85 0.274799
  1  83 0.273187
  1  83 0.273187
  1  83 0.273187
  1  83 0.273187
  1  84 0.273993
  1  83 0.273187
  1  83 0.273187
  1  88 0.277216
  1  89 0.278022
  1  87 0.276410
  1  87 0.276410
  1  86 0.275604
  1  86 0.275604
  1  88 0.277216
  1  86 0.275604
  1  86 0.275604
  1  88 0.277216
  1  92 0.280440
  1  94 0.282051
  1  92 0.280440
  1  92 0.280440
  1  91 0.279634
  1  91 0.279634
  1  90 0.278828
  1  91 0.279634
  1  91 0.279634
  1  92 0.280440
  1  96 0.283663
  1  97 0.284469
  1  95 0.282857
  1  95 0.282857
  1  94 0.282051
  1  96 0.283663
  1  96 0.283663
  1  95 0.282857
  1  97 0.284469
  1  96 0.283663
  1 101 0.287692
  1 100 0.286886
  1  99 0.286081
  1  99 0.286081
  1 100 0.286886
  1  99 0.286081
  1 100 0.286886
  1 101 0.287692
  1 100 0.286886
  1 101 0.287692
  1 105 0.290916
  1 103 0.289304
  1 103 0.289304
  1 102 0.288498
  1 103 0.289304
  1 104 0.290110
  1 106 0.291722
  1 105 0.290916
  1 105 0.290916
  1 104 0.290110
  1 108 0.293333
  1 109 0.294139
  1 108 0.293333
  1 107 0.292527
  1 106 0.291722
  1 109 0.294139
  1 110 0.294945
  1 109 0.294139
  1 108 0.293333
  1 108 0.293333
  1 110 0.294945
  1 109 0.294139
  1 112 0.296557
  1 111 0.295751
  1 111 0.295751
  1 112 0.296557
  1 110 0.294945
  1 112 0.296557
  1 112 0.296557
  1 112 0.296557
  1 117 0.300586
  1 117 0.300586
  1 118 0.301392
  1 115 0.298974
  1 116 0.299780
  1 116 0.299780
  1 117 0.300586
  1 118 0.301392
  1 117 0.300586
  1 117 0.300586
  1 118 0.301392
  1 120 0.303004
  1 121 0.303810
  1 121 0.303810
  1 121 0.303810
  1 122 0.304615
  1 120 0.303004
  1 119 0.302198
  1 119 0.302198
  1 119 0.302198
  1 124 0.306227
  1 124 0.306227
  1 126 0.307839
  1 123 0.305421
  1 123 0.305421
  1 122 0.304615
  1 123 0.305421
  1 123 0.305421
  1 126 0.307839
  1 125 0.307033
