  0  35 0.028205
  0  31 0.024982
  0  31 0.024982
  0  31 0.024982
  0  32 0.025788
  0  33 0.026593
  0  33 0.026593
  0  33 0.026593
  0  32 0.025788
  0  32 0.025788
  0  66 0.053187
  0  65 0.052381
  0  65 0.052381
  0  65 0.052381
  0  66 0.053187
  0  66 0.053187
  0  66 0.053187
  0  66 0.053187
  0  66 0.053187
  0  66 0.053187
  0 110 0.088645
  0 110 0.088645
  0 109 0.087839
  0 110 0.088645
  0 111 0.089451
  0 111 0.089451
  0 111 0.089451
  0 111 0.089451
  0 111 0.089451
  0 110 0.088645
  0 155 0.124908
  0 155 0.124908
  0 156 0.125714
  0 156 0.125714
  0 156 0.125714
  0 157 0.126520
  0 157 0.126520
  0 157 0.126520
  0 156 0.125714
  0 155 0.124908
  0 197 0.158755
  0 197 0.158755
  0 198 0.159560
  0 199 0.160366
  0 199 0.160366
  0 200 0.161172
  0 198 0.159560
  0 198 0.159560
  0 197 0.158755
  0 197 0.158755
  0 243 0.195824
  0 244 0.196630
  0 245 0.197436
  0 246 0.198242
  0 245 0.197436
  0 244 0.196630
  0 244 0.196630
  0 244 0.196630
  0 244 0.196630
  0 244 0.196630
  1  34 0.233700
  1  35 0.234505
  1  35 0.234505
  1  36 0.235311
  1  36 0.235311
  1  35 0.234505
  1  35 0.234505
  1  34 0.233700
  1  35 0.234505
  1  34 0.233700
  1  77 0.268352
  1  78 0.269158
  1  79 0.269963
  1  79 0.269963
  1  79 0.269963
  1  77 0.268352
  1  78 0.269158
  1  77 0.268352
  1  77 0.268352
  1  77 0.268352
  1 125 0.307033
  1 126 0.307839
  1 126 0.307839
  1 126 0.307839
  1 125 0.307033
  1 124 0.306227
  1 124 0.306227
  1 124 0.306227
  1 124 0.306227
  1 125 0.307033
  1 170 0.343297
  1 172 0.344908
  1 171 0.344103
  1 171 0.344103
  1 170 0.343297
  1 169 0.342491
  1 170 0.343297
  1 169 0.342491
  1 169 0.342491
  1 170 0.343297
  1 214 0.378755
  1 215 0.379560
  1 214 0.378755
  1 213 0.377949
  1 214 0.378755
  1 213 0.377949
  1 213 0.377949
  1 212 0.377143
  1 213 0.377949
  1 214 0.378755
  2   8 0.419048
  2   8 0.419048
  2   8 0.419048
  2   6 0.417436
  2   6 0.417436
  2   5 0.416630
  2   6 0.417436
  2   6 0.417436
  2   6 0.417436
  2   7 0.418242
  2  53 0.455311
  2  53 0.455311
  2  52 0.454505
  2  51 0.453700
  2  51 0.453700
  2  51 0.453700
  2  51 0.453700
  2  51 0.453700
  2  51 0.453700
  2  53 0.455311
  2  96 0.489963
  2  96 0.489963
  2  95 0.489158
  2  95 0.489158
  2  94 0.488352
  2  94 0.488352
  2  94 0.488352
  2  94 0.488352
  2  96 0.489963
  2  97 0.490769
  2 143 0.527839
  2 142 0.527033
  2 141 0.526227
  2 141 0.526227
  2 141 0.526227
  2 141 0.526227
  2 141 0.526227
  2 141 0.526227
  2 143 0.527839
  2 143 0.527839
  2 187 0.563297
  2 186 0.562491
  2 185 0.561685
  2 185 0.561685
  2 185 0.561685
  2 185 0.561685
  2 185 0.561685
  2 186 0.562491
  2 187 0.563297
  2 188 0.564103
  2 231 0.598755
  2 230 0.597949
  2 230 0.597949
  2 229 0.597143
  2 229 0.597143
  2 229 0.597143
  2 229 0.597143
  2 230 0.597949
  2 232 0.599560
  2 231 0.598755
  3  20 0.635018
  3  21 0.635824
  3  20 0.635018
  3  20 0.635018
  3  20 0.635018
  3  20 0.635018
  3  20 0.635018
  3  22 0.636630
  3  22 0.636630
  3  23 0.637436
  3  64 0.670476
  3  63 0.669670
  3  63 0.669670
  3  63 0.669670
  3  63 0.669670
  3  62 0.668864
  3  64 0.670476
  3  64 0.670476
  3  65 0.671282
  3  64 0.670476
  3 108 0.705934
  3 108 0.705934
  3 107 0.705128
  3 107 0.705128
  3 107 0.705128
  3 107 0.705128
  3 108 0.705934
  3 109 0.706740
  3 109 0.706740
  3 109 0.706740
  3 154 0.743004
  3 154 0.743004
  3 154 0.743004
  3 153 0.742198
  3 154 0.743004
  3 153 0.742198
  3 154 0.743004
  3 155 0.743810
  3 155 0.743810
  3 155 0.743810
  3 197 0.777656
  3 196 0.776850
  3 197 0.777656
  3 196 0.776850
  3 196 0.776850
  3 196 0.776850
  3 197 0.777656
  3 198 0.778462
  3 198 0.778462
  3 198 0.778462
  3 242 0.813919
  3 241 0.813114
  3 242 0.813919
  3 241 0.813114
  3 242 0.813919
  3 243 0.814725
  3 243 0.814725
  3 243 0.814725
  3 244 0.815531
  3 243 0.814725
  4  33 0.851795
  4  33 0.851795
  4  33 0.851795
  4  33 0.851795
  4  32 0.850989
  4  33 0.851795
  4  35 0.853407
  4  35 0.853407
  4  34 0.852601
  4  34 0.852601
  4  77 0.887253
  4  76 0.886447
  4  76 0.886447
  4  76 0.886447
  4  76 0.886447
  4  77 0.887253
  4  78 0.888059
  4  79 0.888864
  4  78 0.888059
  4  77 0.887253
  4 122 0.923516
  4 122 0.923516
  4 121 0.922711
  4 121 0.922711
  4 121 0.922711
  4 123 0.924322
  4 123 0.924322
  4 123 0.924322
  4 123 0.924322
  4 122 0.923516
  4 167 0.959780
  4 168 0.960586
  4 167 0.959780
  4 167 0.959780
  4 167 0.959780
  4 169 0.961392
  4 170 0.962198
  4 169 0.961392
  4 168 0.960586
  4 168 0.960586
  4 213 0.996850
  4 212 0.996044
  4 212 0.996044
  4 212 0.996044
  4 213 0.996850
  4 214 0.997656
  4 214 0.997656
  4 214 0.997656
  4 214 0.997656
  4 213 0.996850
  5   2 1.033114
  5   2 1.033114
  5   1 1.032308
  5   2 1.033114
  5   3 1.033919
  5   3 1.033919
  5   4 1.034725
  5   3 1.033919
  5   2 1.033114
  5   2 1.033114
  5  47 1.069377
  5  47 1.069377
  5  48 1.070183
  5  47 1.069377
  5  49 1.070989
  5  50 1.071795
  5  49 1.070989
  5  48 1.070183
  5  48 1.070183
  5  48 1.070183
  5  92 1.105641
  5  92 1.105641
  5  93 1.106447
  5  93 1.106447
  5  94 1.107253
  5  95 1.108059
  5  94 1.107253
  5  93 1.106447
  5  93 1.106447
  5  93 1.106447
  5 137 1.141905
  5 137 1.141905
  5 138 1.142711
  5 138 1.142711
  5 139 1.143516
  5 139 1.143516
  5 138 1.142711
  5 138 1.142711
  5 137 1.141905
  5 137 1.141905
  5 182 1.178168
  5 182 1.178168
  5 183 1.178974
  5 184 1.179780
  5 184 1.179780
  5 183 1.178974
  5 182 1.178168
  5 183 1.178974
  5 182 1.178168
  5 182 1.178168
  5 226 1.213626
  5 227 1.214432
  5 228 1.215238
  5 229 1.216044
  5 229 1.216044
  5 228 1.215238
  5 227 1.214432
  5 227 1.214432
  5 226 1.213626
  5 226 1.213626
  6  17 1.251502
  6  18 1.252308
  6  19 1.253114
  6  19 1.253114
  6  19 1.253114
  6  18 1.252308
  6  18 1.252308
  6  17 1.251502
  6  17 1.251502
  6  17 1.251502
  6  63 1.288571
  6  63 1.288571
  6  64 1.289377
  6  65 1.290183
  6  65 1.290183
  6  64 1.289377
  6  63 1.288571
  6  63 1.288571
  6  62 1.287766
  6  62 1.287766
  6 108 1.324835
  6 108 1.324835
  6 109 1.325641
  6 110 1.326447
  6 109 1.325641
  6 108 1.324835
  6 108 1.324835
  6 108 1.324835
  6 108 1.324835
  6 108 1.324835
  6 154 1.361905
  6 155 1.362711
  6 156 1.363516
  6 155 1.362711
  6 155 1.362711
  6 154 1.361905
  6 154 1.361905
  6 153 1.361099
  6 153 1.361099
  6 154 1.361905
  6 199 1.398168
  6 200 1.398974
  6 200 1.398974
  6 200 1.398974
  6 199 1.398168
  6 199 1.398168
  6 198 1.397363
  6 198 1.397363
  6 198 1.397363
  6 198 1.397363
  6 244 1.434432
  6 245 1.435238
  6 245 1.435238
  6 245 1.435238
  6 244 1.434432
  6 244 1.434432
  6 244 1.434432
  6 244 1.434432
  6 243 1.433626
  6 244 1.434432
  7  35 1.472308
  7  35 1.472308
  7  36 1.473114
  7  35 1.472308
  7  34 1.471502
  7  34 1.471502
  7  33 1.470696
  7  33 1.470696
  7  33 1.470696
  7  34 1.471502
  7  80 1.508571
  7  81 1.509377
  7  81 1.509377
  7  81 1.509377
  7  80 1.508571
  7  80 1.508571
  7  79 1.507766
  7  79 1.507766
  7  79 1.507766
  7  80 1.508571
  7 126 1.545641
  7 126 1.545641
  7 125 1.544835
  7 125 1.544835
  7 124 1.544029
  7 124 1.544029
  7 124 1.544029
  7 124 1.544029
  7 124 1.544029
  7 125 1.544835
  7 170 1.581099
  7 171 1.581905
  7 170 1.581099
  7 170 1.581099
  7 169 1.580293
  7 168 1.579487
  7 168 1.579487
  7 168 1.579487
  7 169 1.580293
  7 169 1.580293
  7 215 1.617363
  7 215 1.617363
  7 214 1.616557
  7 213 1.615751
  7 213 1.615751
  7 213 1.615751
  7 213 1.615751
  7 213 1.615751
  7 213 1.615751
  7 214 1.616557
  8   5 1.654432
  8   4 1.653626
  8   4 1.653626
  8   3 1.652821
  8   3 1.652821
  8   3 1.652821
  8   3 1.652821
  8   2 1.652015
  8   3 1.652821
  8   4 1.653626
  8  50 1.690696
  8  50 1.690696
  8  49 1.689890
  8  48 1.689084
  8  48 1.689084
  8  48 1.689084
  8  48 1.689084
  8  48 1.689084
  8  49 1.689890
  8  49 1.689890
  8  95 1.726960
  8  95 1.726960
  8  93 1.725348
  8  93 1.725348
  8  93 1.725348
  8  93 1.725348
  8  93 1.725348
  8  93 1.725348
  8  94 1.726154
  8  95 1.726960
  8 140 1.763223
  8 139 1.762418
  8 138 1.761612
  8 138 1.761612
  8 138 1.761612
  8 138 1.761612
  8 138 1.761612
  8 138 1.761612
  8 139 1.762418
  8 140 1.763223
  8 185 1.799487
  8 184 1.798681
  8 184 1.798681
  8 184 1.798681
  8 183 1.797875
  8 183 1.797875
  8 183 1.797875
  8 184 1.798681
  8 185 1.799487
  8 185 1.799487
  8 230 1.835751
  8 229 1.834945
  8 229 1.834945
  8 228 1.834139
  8 228 1.834139
  8 228 1.834139
  8 228 1.834139
  8 229 1.834945
  8 230 1.835751
  8 230 1.835751
  9  20 1.872821
  9  18 1.871209
  9  17 1.870403
  9  18 1.871209
  9  17 1.870403
  9  18 1.871209
  9  18 1.871209
  9  19 1.872015
  9  19 1.872015
  9  20 1.872821
  9  64 1.908278
  9  64 1.908278
  9  63 1.907473
  9  63 1.907473
  9  62 1.906667
  9  62 1.906667
  9  63 1.907473
  9  64 1.908278
  9  65 1.909084
  9  65 1.909084
  9 109 1.944542
  9 108 1.943736
  9 108 1.943736
  9 107 1.942930
  9 108 1.943736
  9 108 1.943736
  9 108 1.943736
  9 109 1.944542
  9 109 1.944542
  9 109 1.944542
  9 153 1.980000
  9 153 1.980000
  9 152 1.979194
  9 152 1.979194
  9 152 1.979194
  9 152 1.979194
  9 153 1.980000
  9 154 1.980806
  9 154 1.980806
  9 154 1.980806
  9 197 2.015458
  9 197 2.015458
  9 197 2.015458
  9 197 2.015458
  9 196 2.014652
  9 197 2.015458
  9 198 2.016264
  9 198 2.016264
  9 199 2.017070
  9 198 2.016264
  9 242 2.051722
  9 242 2.051722
  9 241 2.050916
  9 242 2.051722
  9 241 2.050916
  9 242 2.051722
  9 243 2.052527
  9 243 2.052527
  9 243 2.052527
  9 242 2.051722
 10  32 2.088791
 10  32 2.088791
 10  32 2.088791
 10  32 2.088791
 10  32 2.088791
 10  33 2.089597
 10  33 2.089597
 10  34 2.090403
 10  34 2.090403
 10  33 2.089597
 10  77 2.125055
 10  77 2.125055
 10  77 2.125055
 10  77 2.125055
 10  77 2.125055
 10  77 2.125055
 10  78 2.125861
 10  79 2.126667
 10  79 2.126667
 10  78 2.125861
 10 122 2.161319
 10 123 2.162125
 10 122 2.161319
 10 122 2.161319
 10 122 2.161319
 10 123 2.162125
 10 123 2.162125
 10 124 2.162930
 10 124 2.162930
 10 122 2.161319
 10 168 2.198388
 10 168 2.198388
 10 168 2.198388
 10 168 2.198388
 10 168 2.198388
 10 169 2.199194
 10 170 2.200000
 10 170 2.200000
 10 170 2.200000
 10 169 2.199194
 10 213 2.234652
 10 213 2.234652
 10 212 2.233846
 10 213 2.234652
 10 212 2.233846
 10 213 2.234652
 10 214 2.235458
 10 214 2.235458
 10 213 2.234652
 10 213 2.234652
 11   2 2.270916
 11   2 2.270916
 11   2 2.270916
 11   1 2.270110
 11   1 2.270110
 11   3 2.271722
 11   4 2.272527
 11   4 2.272527
 11   2 2.270916
 11   2 2.270916
 11  48 2.307985
 11  48 2.307985
 11  46 2.306374
 11  49 2.308791
 11  48 2.307985
 11  48 2.307985
 11  49 2.308791
 11  49 2.308791
 11  49 2.308791
 11  48 2.307985
 11  92 2.343443
 11  91 2.342637
 11  92 2.343443
 11  92 2.343443
 11  93 2.344249
 11  94 2.345055
 11  94 2.345055
 11  93 2.344249
 11  93 2.344249
 11  93 2.344249
 11 137 2.379707
 11 137 2.379707
 11 137 2.379707
 11 137 2.379707
 11 138 2.380513
 11 138 2.380513
 11 139 2.381319
 11 138 2.380513
 11 138 2.380513
 11 137 2.379707
 11 181 2.415165
 11 181 2.415165
 11 181 2.415165
 11 181 2.415165
 11 181 2.415165
 11 183 2.416777
 11 183 2.416777
 11 182 2.415971
 11 181 2.415165
 11 181 2.415165
 11 224 2.449817
 11 224 2.449817
 11 223 2.449011
 11 224 2.449817
 11 225 2.450623
 11 225 2.450623
 11 225 2.450623
 11 224 2.449817
 11 224 2.449817
 11 224 2.449817
 12  13 2.486081
 12  14 2.486886
 12  13 2.486081
 12  14 2.486886
 12  15 2.487692
 12  16 2.488498
 12  16 2.488498
 12  15 2.487692
 12  14 2.486886
 12  14 2.486886
 12  59 2.523150
 12  59 2.523150
 12  59 2.523150
 12  60 2.523956
 12  60 2.523956
 12  61 2.524762
 12  60 2.523956
 12  60 2.523956
 12  59 2.523150
 12  59 2.523150
 12 104 2.559414
 12 103 2.558608
 12 103 2.558608
 12 104 2.559414
 12 105 2.560220
 12 106 2.561026
 12 105 2.560220
 12 104 2.559414
 12 104 2.559414
 12 104 2.559414
 12 148 2.594872
 12 148 2.594872
 12 148 2.594872
 12 150 2.596484
 12 150 2.596484
 12 151 2.597289
 12 151 2.597289
 12 149 2.595678
 12 149 2.595678
 12 149 2.595678
 12 193 2.631136
 12 193 2.631136
 12 193 2.631136
 12 193 2.631136
 12 194 2.631941
 12 194 2.631941
 12 194 2.631941
 12 193 2.631136
 12 193 2.631136
 12 192 2.630330
 12 237 2.666593
 12 237 2.666593
 12 237 2.666593
 12 238 2.667399
 12 239 2.668205
 12 239 2.668205
 12 238 2.667399
 12 237 2.666593
 12 237 2.666593
 12 237 2.666593
 13  26 2.702857
 13  26 2.702857
 13  27 2.703663
 13  27 2.703663
 13  28 2.704469
 13  29 2.705275
 13  28 2.704469
 13  27 2.703663
 13  27 2.703663
 13  27 2.703663
 13  71 2.739121
 13  71 2.739121
 13  71 2.739121
 13  72 2.739927
 13  73 2.740733
 13  74 2.741538
 13  73 2.740733
 13  72 2.739927
 13  72 2.739927
 13  72 2.739927
 13 116 2.775385
 13 116 2.775385
 13 116 2.775385
 13 117 2.776190
 13 118 2.776996
 13 118 2.776996
 13 117 2.776190
 13 117 2.776190
 13 117 2.776190
 13 116 2.775385
 13 161 2.811648
 13 160 2.810842
 13 160 2.810842
 13 161 2.811648
 13 161 2.811648
 13 162 2.812454
 13 161 2.811648
 13 161 2.811648
 13 161 2.811648
 13 160 2.810842
 13 204 2.846300
 13 204 2.846300
 13 204 2.846300
 13 205 2.847106
 13 205 2.847106
 13 206 2.847912
 13 205 2.847106
 13 205 2.847106
 13 204 2.846300
 13 204 2.846300
 13 249 2.882564
 13 249 2.882564
 13 249 2.882564
 13 250 2.883370
 13 251 2.884176
 13 251 2.884176
 13 250 2.883370
 13 249 2.882564
 13 249 2.882564
 13 249 2.882564
 14  40 2.920440
 14  39 2.919634
 14  39 2.919634
 14  40 2.920440
 14  41 2.921245
 14  41 2.921245
 14  41 2.921245
 14  40 2.920440
 14  40 2.920440
 14  39 2.919634
 14  84 2.955897
 14  84 2.955897
 14  85 2.956703
 14  86 2.957509
 14  86 2.957509
 14  86 2.957509
 14  85 2.956703
 14  85 2.956703
 14  85 2.956703
 14  85 2.956703
 14 130 2.992967
 14 129 2.992161
 14 130 2.992967
 14 131 2.993773
 14 131 2.993773
 14 131 2.993773
 14 130 2.992967
 14 129 2.992161
 14 129 2.992161
 14 129 2.992161
 14 175 3.029231
 14 175 3.029231
 14 176 3.030037
 14 177 3.030842
 14 177 3.030842
 14 176 3.030037
 14 177 3.030842
 14 176 3.030037
 14 175 3.029231
 14 175 3.029231
 14 221 3.066300
 14 221 3.066300
 14 222 3.067106
 14 222 3.067106
 14 222 3.067106
 14 222 3.067106
 14 221 3.066300
 14 221 3.066300
 14 220 3.065495
 14 220 3.065495
 15  11 3.103370
 15  12 3.104176
 15  12 3.104176
 15  12 3.104176
 15  12 3.104176
 15  12 3.104176
 15  11 3.103370
 15  11 3.103370
 15  11 3.103370
 15  11 3.103370
 15  57 3.140440
 15  57 3.140440
 15  58 3.141245
 15  58 3.141245
 15  58 3.141245
 15  58 3.141245
 15  57 3.140440
 15  57 3.140440
 15  57 3.140440
 15  57 3.140440
 15 102 3.176703
 15 103 3.177509
 15 103 3.177509
 15 104 3.178315
 15 104 3.178315
 15 103 3.177509
 15 103 3.177509
 15 102 3.176703
 15 102 3.176703
 15 102 3.176703
 15 148 3.213773
 15 148 3.213773
 15 149 3.214579
 15 150 3.215385
 15 149 3.214579
 15 149 3.214579
 15 148 3.213773
 15 148 3.213773
 15 148 3.213773
 15 148 3.213773
 15 162 3.225055
 15 147 3.212967
 15 166 3.228278
 15 167 3.229084
 15 158 3.221832
 15 165 3.227473
 15 166 3.228278
 15 128 3.197656
 15 146 3.212161
 15 148 3.213773
 15 166 3.228278
 15 162 3.225055
 15 158 3.221832
 15 151 3.216190
 15 124 3.194432
 15  86 3.163810
 15  81 3.159780
 15 160 3.223443
 15 172 3.233114
 15 170 3.231502
 15 153 3.217802
 15 173 3.233919
 15 134 3.202491
 15 163 3.225861
 15 177 3.237143
 15 149 3.214579
 15 169 3.230696
 15  88 3.165421
 15 152 3.216996
 15 173 3.233919
