  0  33 0.026593
  0  30 0.024176
  0  29 0.023370
  0  29 0.023370
  0  29 0.023370
  0  29 0.023370
  0  29 0.023370
  0  30 0.024176
  0  31 0.024982
  0  31 0.024982
  0  64 0.051575
  0  64 0.051575
  0  63 0.050769
  0  63 0.050769
  0  63 0.050769
  0  64 0.051575
  0  64 0.051575
  0  64 0.051575
  0  64 0.051575
  0  65 0.052381
  0 108 0.087033
  0 108 0.087033
  0 108 0.087033
  0 108 0.087033
  0 107 0.086227
  0 108 0.087033
  0 108 0.087033
  0 109 0.087839
  0 109 0.087839
  0 109 0.087839
  0 154 0.124103
  0 153 0.123297
  0 153 0.123297
  0 153 0.123297
  0 152 0.122491
  0 153 0.123297
  0 155 0.124908
  0 154 0.124103
  0 155 0.124908
  0 154 0.124103
  0 194 0.156337
  0 194 0.156337
  0 194 0.156337
  0 195 0.157143
  0 194 0.156337
  0 195 0.157143
  0 196 0.157949
  0 196 0.157949
  0 196 0.157949
  0 195 0.157143
  0 240 0.193407
  0 240 0.193407
  0 240 0.193407
  0 240 0.193407
  0 241 0.194212
  0 242 0.195018
  0 243 0.195824
  0 242 0.195018
  0 241 0.194212
  0 241 0.194212
  1  30 0.230476
  1  30 0.230476
  1  30 0.230476
  1  30 0.230476
  1  31 0.231282
  1  32 0.232088
  1  33 0.232894
  1  32 0.232088
  1  31 0.231282
  1  32 0.232088
  1  73 0.265128
  1  73 0.265128
  1  73 0.265128
  1  73 0.265128
  1  74 0.265934
  1  75 0.266740
  1  74 0.265934
  1  74 0.265934
  1  73 0.265128
  1  73 0.265128
  1 119 0.302198
  1 119 0.302198
  1 120 0.303004
  1 120 0.303004
  1 121 0.303810
  1 122 0.304615
  1 121 0.303810
  1 120 0.303004
  1 119 0.302198
  1 119 0.302198
  1 164 0.338462
  1 164 0.338462
  1 164 0.338462
  1 166 0.340073
  1 166 0.340073
  1 166 0.340073
  1 166 0.340073
  1 165 0.339267
  1 164 0.338462
  1 164 0.338462
  1 206 0.372308
  1 207 0.373114
  1 208 0.373919
  1 209 0.374725
  1 209 0.374725
  1 209 0.374725
  1 208 0.373919
  1 208 0.373919
  1 207 0.373114
  1 207 0.373114
  2   0 0.412601
  2   0 0.412601
  2   1 0.413407
  2   1 0.413407
  2   1 0.413407
  2   1 0.413407
  2   1 0.413407
  2   0 0.412601
  2   0 0.412601
  2   0 0.412601
  2  44 0.448059
  2  45 0.448864
  2  46 0.449670
  2  47 0.450476
  2  46 0.449670
  2  45 0.448864
  2  45 0.448864
  2  44 0.448059
  2  45 0.448864
  2  44 0.448059
  2  87 0.482711
  2  89 0.484322
  2  89 0.484322
  2  89 0.484322
  2  89 0.484322
  2  88 0.483516
  2  89 0.484322
  2  87 0.482711
  2  87 0.482711
  2  88 0.483516
  2 134 0.520586
  2 135 0.521392
  2 135 0.521392
  2 136 0.522198
  2 135 0.521392
  2 134 0.520586
  2 134 0.520586
  2 133 0.519780
  2 134 0.520586
  2 134 0.520586
  2 178 0.556044
  2 179 0.556850
  2 180 0.557656
  2 179 0.556850
  2 178 0.556044
  2 178 0.556044
  2 178 0.556044
  2 177 0.555238
  2 177 0.555238
  2 177 0.555238
  2 223 0.592308
  2 223 0.592308
  2 223 0.592308
  2 224 0.593114
  2 222 0.591502
  2 221 0.590696
  2 222 0.591502
  2 222 0.591502
  2 221 0.590696
  2 222 0.591502
  3  12 0.628571
  3  13 0.629377
  3  14 0.630183
  3  14 0.630183
  3  13 0.629377
  3  12 0.628571
  3  12 0.628571
  3  11 0.627766
  3  11 0.627766
  3  12 0.628571
  3  55 0.663223
  3  56 0.664029
  3  56 0.664029
  3  55 0.663223
  3  55 0.663223
  3  54 0.662418
  3  53 0.661612
  3  54 0.662418
  3  53 0.661612
  3  54 0.662418
  3  99 0.698681
  3 100 0.699487
  3 100 0.699487
  3  99 0.698681
  3  99 0.698681
  3  97 0.697070
  3  98 0.697875
  3  97 0.697070
  3  98 0.697875
  3  99 0.698681
  3 145 0.735751
  3 146 0.736557
  3 145 0.735751
  3 144 0.734945
  3 144 0.734945
  3 144 0.734945
  3 143 0.734139
  3 143 0.734139
  3 144 0.734945
  3 145 0.735751
  3 188 0.770403
  3 188 0.770403
  3 188 0.770403
  3 187 0.769597
  3 187 0.769597
  3 186 0.768791
  3 186 0.768791
  3 187 0.769597
  3 187 0.769597
  3 188 0.770403
  3 233 0.806667
  3 233 0.806667
  3 232 0.805861
  3 231 0.805055
  3 231 0.805055
  3 231 0.805055
  3 230 0.804249
  3 231 0.805055
  3 231 0.805055
  3 233 0.806667
  4  23 0.843736
  4  24 0.844542
  4  23 0.843736
  4  22 0.842930
  4  22 0.842930
  4  22 0.842930
  4  22 0.842930
  4  21 0.842125
  4  22 0.842930
  4  23 0.843736
  4  67 0.879194
  4  66 0.878388
  4  65 0.877582
  4  64 0.876777
  4  64 0.876777
  4  64 0.876777
  4  65 0.877582
  4  65 0.877582
  4  65 0.877582
  4  66 0.878388
  4 112 0.915458
  4 111 0.914652
  4 110 0.913846
  4 110 0.913846
  4 109 0.913040
  4 109 0.913040
  4 110 0.913846
  4 110 0.913846
  4 111 0.914652
  4 111 0.914652
  4 157 0.951722
  4 156 0.950916
  4 155 0.950110
  4 155 0.950110
  4 155 0.950110
  4 155 0.950110
  4 155 0.950110
  4 156 0.950916
  4 156 0.950916
  4 157 0.951722
  4 200 0.986374
  4 200 0.986374
  4 200 0.986374
  4 200 0.986374
  4 199 0.985568
  4 199 0.985568
  4 200 0.986374
  4 200 0.986374
  4 201 0.987179
  4 201 0.987179
  4 245 1.022637
  4 245 1.022637
  4 244 1.021832
  4 245 1.022637
  4 244 1.021832
  4 244 1.021832
  4 244 1.021832
  4 246 1.023443
  4 246 1.023443
  4 246 1.023443
  5  35 1.059707
  5  34 1.058901
  5  34 1.058901
  5  34 1.058901
  5  34 1.058901
  5  34 1.058901
  5  35 1.059707
  5  35 1.059707
  5  36 1.060513
  5  36 1.060513
  5  79 1.095165
  5  79 1.095165
  5  78 1.094359
  5  79 1.095165
  5  79 1.095165
  5  79 1.095165
  5  80 1.095971
  5  81 1.096777
  5  81 1.096777
  5  80 1.095971
  5 123 1.130623
  5 123 1.130623
  5 123 1.130623
  5 123 1.130623
  5 124 1.131429
  5 124 1.131429
  5 124 1.131429
  5 124 1.131429
  5 124 1.131429
  5 124 1.131429
  5 167 1.166081
  5 168 1.166886
  5 167 1.166081
  5 166 1.165275
  5 167 1.166081
  5 168 1.166886
  5 168 1.166886
  5 169 1.167692
  5 168 1.166886
  5 168 1.166886
  5 212 1.202344
  5 212 1.202344
  5 211 1.201538
  5 211 1.201538
  5 212 1.202344
  5 212 1.202344
  5 213 1.203150
  5 213 1.203150
  5 213 1.203150
  5 212 1.202344
  6   2 1.239414
  6   1 1.238608
  6   2 1.239414
  6   1 1.238608
  6   1 1.238608
  6   2 1.239414
  6   3 1.240220
  6   3 1.240220
  6   2 1.239414
  6   1 1.238608
  6  46 1.274872
  6  46 1.274872
  6  46 1.274872
  6  47 1.275678
  6  48 1.276484
  6  48 1.276484
  6  48 1.276484
  6  48 1.276484
  6  47 1.275678
  6  47 1.275678
  6  91 1.311136
  6  91 1.311136
  6  91 1.311136
  6  91 1.311136
  6  92 1.311941
  6  93 1.312747
  6  93 1.312747
  6  93 1.312747
  6  92 1.311941
  6  92 1.311941
  6 137 1.348205
  6 136 1.347399
  6 136 1.347399
  6 137 1.348205
  6 137 1.348205
  6 138 1.349011
  6 138 1.349011
  6 138 1.349011
  6 137 1.348205
  6 137 1.348205
  6 181 1.383663
  6 181 1.383663
  6 181 1.383663
  6 182 1.384469
  6 182 1.384469
  6 183 1.385275
  6 183 1.385275
  6 182 1.384469
  6 181 1.383663
  6 181 1.383663
  6 226 1.419927
  6 226 1.419927
  6 226 1.419927
  6 227 1.420733
  6 225 1.419121
  6 228 1.421538
  6 227 1.420733
  6 227 1.420733
  6 226 1.419927
  6 226 1.419927
  7  16 1.456996
  7  15 1.456190
  7  15 1.456190
  7  17 1.457802
  7  17 1.457802
  7  17 1.457802
  7  16 1.456996
  7  16 1.456996
  7  16 1.456996
  7  15 1.456190
  7  60 1.492454
  7  60 1.492454
  7  61 1.493260
  7  61 1.493260
  7  62 1.494066
  7  62 1.494066
  7  62 1.494066
  7  61 1.493260
  7  61 1.493260
  7  60 1.492454
  7 105 1.528718
  7 105 1.528718
  7 105 1.528718
  7 107 1.530330
  7 107 1.530330
  7 107 1.530330
  7 106 1.529524
  7 106 1.529524
  7 105 1.528718
  7 105 1.528718
  7 149 1.564176
  7 149 1.564176
  7 150 1.564982
  7 151 1.565788
  7 151 1.565788
  7 151 1.565788
  7 151 1.565788
  7 150 1.564982
  7 149 1.564176
  7 149 1.564176
  7 193 1.599634
  7 193 1.599634
  7 194 1.600440
  7 194 1.600440
  7 195 1.601245
  7 194 1.600440
  7 193 1.599634
  7 192 1.598828
  7 192 1.598828
  7 192 1.598828
  7 237 1.635092
  7 237 1.635092
  7 238 1.635897
  7 239 1.636703
  7 239 1.636703
  7 239 1.636703
  7 238 1.635897
  7 238 1.635897
  7 237 1.635092
  7 238 1.635897
  8  27 1.672161
  8  28 1.672967
  8  28 1.672967
  8  28 1.672967
  8  29 1.673773
  8  28 1.672967
  8  28 1.672967
  8  27 1.672161
  8  27 1.672161
  8  27 1.672161
  8  71 1.707619
  8  72 1.708425
  8  73 1.709231
  8  74 1.710037
  8  74 1.710037
  8  73 1.709231
  8  72 1.708425
  8  72 1.708425
  8  71 1.707619
  8  72 1.708425
  8 116 1.743883
  8 117 1.744689
  8 118 1.745495
  8 118 1.745495
  8 118 1.745495
  8 117 1.744689
  8 117 1.744689
  8 116 1.743883
  8 116 1.743883
  8 116 1.743883
  8 161 1.780147
  8 162 1.780952
  8 163 1.781758
  8 163 1.781758
  8 162 1.780952
  8 162 1.780952
  8 161 1.780147
  8 161 1.780147
  8 161 1.780147
  8 161 1.780147
  8 206 1.816410
  8 207 1.817216
  8 208 1.818022
  8 208 1.818022
  8 207 1.817216
  8 206 1.816410
  8 206 1.816410
  8 206 1.816410
  8 205 1.815604
  8 206 1.816410
  8 251 1.852674
  8 251 1.852674
  8 252 1.853480
  8 252 1.853480
  8 251 1.852674
  8 251 1.852674
  8 251 1.852674
  8 250 1.851868
  8 250 1.851868
  8 250 1.851868
  9  39 1.888132
  9  41 1.889744
  9  41 1.889744
  9  41 1.889744
  9  41 1.889744
  9  40 1.888938
  9  40 1.888938
  9  40 1.888938
  9  40 1.888938
  9  40 1.888938
  9  85 1.925201
  9  86 1.926007
  9  86 1.926007
  9  85 1.925201
  9  85 1.925201
  9  85 1.925201
  9  84 1.924396
  9  84 1.924396
  9  84 1.924396
  9  84 1.924396
  9 129 1.960659
  9 130 1.961465
  9 129 1.960659
  9 128 1.959853
  9 128 1.959853
  9 128 1.959853
  9 128 1.959853
  9 127 1.959048
  9 128 1.959853
  9 128 1.959853
  9 174 1.996923
  9 174 1.996923
  9 174 1.996923
  9 173 1.996117
  9 173 1.996117
  9 173 1.996117
  9 172 1.995311
  9 172 1.995311
  9 173 1.996117
  9 173 1.996117
  9 218 2.032381
  9 219 2.033187
  9 219 2.033187
  9 218 2.032381
  9 217 2.031575
  9 218 2.032381
  9 216 2.030769
  9 217 2.031575
  9 217 2.031575
  9 218 2.032381
 10   8 2.069451
 10   8 2.069451
 10   8 2.069451
 10   7 2.068645
 10   6 2.067839
 10   6 2.067839
 10   7 2.068645
 10   6 2.067839
 10   7 2.068645
 10   8 2.069451
 10  52 2.104908
 10  52 2.104908
 10  52 2.104908
 10  51 2.104103
 10  51 2.104103
 10  51 2.104103
 10  51 2.104103
 10  51 2.104103
 10  52 2.104908
 10  53 2.105714
 10  98 2.141978
 10  97 2.141172
 10  96 2.140366
 10  96 2.140366
 10  96 2.140366
 10  96 2.140366
 10  96 2.140366
 10  96 2.140366
 10  96 2.140366
 10  97 2.141172
 10 142 2.177436
 10 142 2.177436
 10 142 2.177436
 10 141 2.176630
 10 141 2.176630
 10 141 2.176630
 10 141 2.176630
 10 141 2.176630
 10 143 2.178242
 10 143 2.178242
 10 187 2.213700
 10 186 2.212894
 10 185 2.212088
 10 185 2.212088
 10 185 2.212088
 10 185 2.212088
 10 185 2.212088
 10 186 2.212894
 10 186 2.212894
 10 187 2.213700
 10 232 2.249963
 10 231 2.249158
 10 231 2.249158
 10 230 2.248352
 10 230 2.248352
 10 230 2.248352
 10 230 2.248352
 10 231 2.249158
 10 232 2.249963
 10 232 2.249963
 11  20 2.285421
 11  20 2.285421
 11  20 2.285421
 11  19 2.284615
 11  19 2.284615
 11  20 2.285421
 11  19 2.284615
 11  21 2.286227
 11  21 2.286227
 11  21 2.286227
 11  64 2.320879
 11  64 2.320879
 11  64 2.320879
 11  64 2.320879
 11  63 2.320073
 11  63 2.320073
 11  64 2.320879
 11  65 2.321685
 11  65 2.321685
 11  65 2.321685
 11 109 2.357143
 11 109 2.357143
 11 108 2.356337
 11 108 2.356337
 11 108 2.356337
 11 109 2.357143
 11 109 2.357143
 11 110 2.357949
 11 111 2.358755
 11 109 2.357143
 11 153 2.392601
 11 152 2.391795
 11 152 2.391795
 11 152 2.391795
 11 152 2.391795
 11 152 2.391795
 11 153 2.392601
 11 153 2.392601
 11 154 2.393407
 11 153 2.392601
 11 195 2.426447
 11 195 2.426447
 11 194 2.425641
 11 194 2.425641
 11 194 2.425641
 11 195 2.426447
 11 195 2.426447
 11 196 2.427253
 11 196 2.427253
 11 195 2.426447
 11 240 2.462711
 11 239 2.461905
 11 240 2.462711
 11 239 2.461905
 11 240 2.462711
 11 239 2.461905
 11 240 2.462711
 11 241 2.463516
 11 241 2.463516
 11 241 2.463516
 12  29 2.498974
 12  28 2.498168
 12  28 2.498168
 12  28 2.498168
 12  29 2.498974
 12  29 2.498974
 12  30 2.499780
 12  30 2.499780
 12  30 2.499780
 12  29 2.498974
 12  73 2.534432
 12  72 2.533626
 12  72 2.533626
 12  72 2.533626
 12  73 2.534432
 12  74 2.535238
 12  75 2.536044
 12  75 2.536044
 12  75 2.536044
 12  73 2.534432
 12 117 2.569890
 12 117 2.569890
 12 117 2.569890
 12 117 2.569890
 12 118 2.570696
 12 118 2.570696
 12 119 2.571502
 12 119 2.571502
 12 118 2.570696
 12 117 2.569890
 12 161 2.605348
 12 161 2.605348
 12 161 2.605348
 12 160 2.604542
 12 162 2.606154
 12 162 2.606154
 12 163 2.606960
 12 163 2.606960
 12 162 2.606154
 12 161 2.605348
 12 205 2.640806
 12 205 2.640806
 12 205 2.640806
 12 205 2.640806
 12 206 2.641612
 12 206 2.641612
 12 206 2.641612
 12 207 2.642418
 12 206 2.641612
 12 205 2.640806
 12 249 2.676264
 12 249 2.676264
 12 249 2.676264
 12 249 2.676264
 12 250 2.677070
 12 251 2.677875
 12 251 2.677875
 12 251 2.677875
 12 250 2.677070
 12 250 2.677070
 13  38 2.712527
 13  38 2.712527
 13  38 2.712527
 13  39 2.713333
 13  40 2.714139
 13  41 2.714945
 13  41 2.714945
 13  40 2.714139
 13  40 2.714139
 13  39 2.713333
 13  83 2.748791
 13  83 2.748791
 13  83 2.748791
 13  84 2.749597
 13  84 2.749597
 13  85 2.750403
 13  87 2.752015
 13  85 2.750403
 13  84 2.749597
 13  84 2.749597
 13 128 2.785055
 13 127 2.784249
 13 127 2.784249
 13 127 2.784249
 13 128 2.785055
 13 128 2.785055
 13 128 2.785055
 13 127 2.784249
 13 126 2.783443
 13 126 2.783443
 13 171 2.819707
 13 169 2.818095
 13 171 2.819707
 13 171 2.819707
 13 172 2.820513
 13 173 2.821319
 13 172 2.820513
 13 171 2.819707
 13 170 2.818901
 13 171 2.819707
 13 215 2.855165
 13 215 2.855165
 13 215 2.855165
 13 216 2.855971
 13 216 2.855971
 13 217 2.856777
 13 216 2.855971
 13 216 2.855971
 13 215 2.855165
 13 215 2.855165
 14   4 2.891429
 14   4 2.891429
 14   4 2.891429
 14   5 2.892234
 14   6 2.893040
 14   5 2.892234
 14   5 2.892234
 14   4 2.891429
 14   4 2.891429
 14   4 2.891429
 14  48 2.926886
 14  48 2.926886
 14  49 2.927692
 14  50 2.928498
 14  50 2.928498
 14  50 2.928498
 14  49 2.927692
 14  49 2.927692
 14  48 2.926886
 14  48 2.926886
 14  93 2.963150
 14  94 2.963956
 14  94 2.963956
 14  96 2.965568
 14  95 2.964762
 14  95 2.964762
 14  94 2.963956
 14  94 2.963956
 14  94 2.963956
 14  93 2.963150
 14 139 3.000220
 14 139 3.000220
 14 140 3.001026
 14 140 3.001026
 14 141 3.001832
 14 141 3.001832
 14 140 3.001026
 14 139 3.000220
 14 139 3.000220
 14 139 3.000220
 14 184 3.036484
 14 184 3.036484
 14 185 3.037289
 14 186 3.038095
 14 186 3.038095
 14 186 3.038095
 14 184 3.036484
 14 184 3.036484
 14 184 3.036484
 14 184 3.036484
 14 229 3.072747
 14 230 3.073553
 14 231 3.074359
 14 232 3.075165
 14 231 3.074359
 14 230 3.073553
 14 230 3.073553
 14 230 3.073553
 14 229 3.072747
 14 229 3.072747
 15  19 3.109817
 15  20 3.110623
 15  21 3.111429
 15  21 3.111429
 15  21 3.111429
 15  20 3.110623
 15  19 3.109817
 15  19 3.109817
 15  19 3.109817
 15  19 3.109817
 15  64 3.146081
 15  65 3.146886
 15  66 3.147692
 15  66 3.147692
 15  65 3.146886
 15  64 3.146081
 15  64 3.146081
 15  63 3.145275
 15  63 3.145275
 15  64 3.146081
 15 109 3.182344
 15 110 3.183150
 15 112 3.184762
 15 111 3.183956
 15 110 3.183150
 15 110 3.183150
 15 109 3.182344
 15 109 3.182344
 15 109 3.182344
 15 109 3.182344
 15 123 3.193626
 15 116 3.187985
 15 130 3.199267
 15 103 3.177509
 15 119 3.190403
 15 127 3.196850
 15 103 3.177509
 15 117 3.188791
 15 101 3.175897
 15 125 3.195238
 15  75 3.154945
 15 132 3.200879
 15 120 3.191209
 15  49 3.133993
 15 131 3.200073
 15 113 3.185568
 15 128 3.197656
 15 124 3.194432
 15 110 3.183150
 15  60 3.142857
 15 120 3.191209
 15 132 3.200879
 15 118 3.189597
 15  94 3.170256
 15 113 3.185568
 15 129 3.198462
 15 137 3.204908
 15 100 3.175092
 15 119 3.190403
 15 134 3.202491
