  0  27 0.021758
  0  24 0.019341
  0  24 0.019341
  0  24 0.019341
  0  24 0.019341
  0  25 0.020147
  0  26 0.020952
  0  26 0.020952
  0  25 0.020147
  0  24 0.019341
  0  57 0.045934
  0  56 0.045128
  0  56 0.045128
  0  57 0.045934
  0  58 0.046740
  0  58 0.046740
  0  59 0.047546
  0  58 0.046740
  0  57 0.045934
  0  57 0.045934
  0  99 0.079780
  0  98 0.078974
  0  99 0.079780
  0  99 0.079780
  0 100 0.080586
  0 100 0.080586
  0 100 0.080586
  0  98 0.078974
  0  99 0.079780
  0  99 0.079780
  0 140 0.112821
  0 141 0.113626
  0 142 0.114432
  0 143 0.115238
  0 142 0.114432
  0 142 0.114432
  0 141 0.113626
  0 140 0.112821
  0 140 0.112821
  0 141 0.113626
  0 181 0.145861
  0 181 0.145861
  0 181 0.145861
  0 181 0.145861
  0 180 0.145055
  0 179 0.144249
  0 179 0.144249
  0 179 0.144249
  0 180 0.145055
  0 180 0.145055
  0 223 0.179707
  0 223 0.179707
  0 222 0.178901
  0 222 0.178901
  0 221 0.178095
  0 221 0.178095
  0 221 0.178095
  0 222 0.178901
  0 223 0.179707
  0 223 0.179707
  1   8 0.212747
  1   9 0.213553
  1   8 0.212747
  1   7 0.211941
  1   7 0.211941
  1   8 0.212747
  1   9 0.213553
  1  10 0.214359
  1   9 0.213553
  1   8 0.212747
  1  47 0.244176
  1  46 0.243370
  1  47 0.244176
  1  47 0.244176
  1  48 0.244982
  1  49 0.245788
  1  48 0.244982
  1  47 0.244176
  1  47 0.244176
  1  47 0.244176
  1  89 0.278022
  1  90 0.278828
  1  90 0.278828
  1  91 0.279634
  1  92 0.280440
  1  91 0.279634
  1  91 0.279634
  1  90 0.278828
  1  90 0.278828
  1  89 0.278022
  1 131 0.311868
  1 131 0.311868
  1 132 0.312674
  1 133 0.313480
  1 132 0.312674
  1 132 0.312674
  1 131 0.311868
  1 131 0.311868
  1 131 0.311868
  1 131 0.311868
  1 171 0.344103
  1 172 0.344908
  1 172 0.344908
  1 172 0.344908
  1 171 0.344103
  1 171 0.344103
  1 171 0.344103
  1 171 0.344103
  1 171 0.344103
  1 171 0.344103
  1 216 0.380366
  1 216 0.380366
  1 215 0.379560
  1 214 0.378755
  1 214 0.378755
  1 213 0.377949
  1 214 0.378755
  1 215 0.379560
  1 216 0.380366
  1 216 0.380366
  2   2 0.414212
  2   1 0.413407
  2   1 0.413407
  2   0 0.412601
  2   0 0.412601
  2   0 0.412601
  2   1 0.413407
  2   1 0.413407
  2   2 0.414212
  2   2 0.414212
  2  40 0.444835
  2  40 0.444835
  2  39 0.444029
  2  40 0.444835
  2  40 0.444835
  2  40 0.444835
  2  41 0.445641
  2  41 0.445641
  2  42 0.446447
  2  41 0.445641
  2  82 0.478681
  2  83 0.479487
  2  82 0.478681
  2  82 0.478681
  2  83 0.479487
  2  84 0.480293
  2  85 0.481099
  2  84 0.480293
  2  83 0.479487
  2  83 0.479487
  2 122 0.510916
  2 122 0.510916
  2 123 0.511722
  2 123 0.511722
  2 124 0.512527
  2 124 0.512527
  2 124 0.512527
  2 124 0.512527
  2 123 0.511722
  2 122 0.510916
  2 163 0.543956
  2 163 0.543956
  2 164 0.544762
  2 165 0.545568
  2 165 0.545568
  2 164 0.544762
  2 164 0.544762
  2 163 0.543956
  2 163 0.543956
  2 163 0.543956
  2 206 0.578608
  2 205 0.577802
  2 207 0.579414
  2 208 0.580220
  2 207 0.579414
  2 207 0.579414
  2 206 0.578608
  2 205 0.577802
  2 205 0.577802
  2 206 0.578608
  2 245 0.610037
  2 246 0.610842
  2 246 0.610842
  2 245 0.610037
  2 245 0.610037
  2 244 0.609231
  2 244 0.609231
  2 243 0.608425
  2 245 0.610037
  2 245 0.610037
  3  31 0.643883
  3  30 0.643077
  3  30 0.643077
  3  29 0.642271
  3  29 0.642271
  3  29 0.642271
  3  28 0.641465
  3  29 0.642271
  3  30 0.643077
  3  31 0.643883
  3  73 0.677729
  3  72 0.676923
  3  71 0.676117
  3  71 0.676117
  3  71 0.676117
  3  71 0.676117
  3  71 0.676117
  3  72 0.676923
  3  72 0.676923
  3  73 0.677729
  3 111 0.708352
  3 110 0.707546
  3 110 0.707546
  3 110 0.707546
  3 110 0.707546
  3 111 0.708352
  3 112 0.709158
  3 112 0.709158
  3 111 0.708352
  3 111 0.708352
  3 151 0.740586
  3 151 0.740586
  3 152 0.741392
  3 151 0.740586
  3 152 0.741392
  3 153 0.742198
  3 154 0.743004
  3 152 0.741392
  3 152 0.741392
  3 151 0.740586
  3 193 0.774432
  3 193 0.774432
  3 193 0.774432
  3 194 0.775238
  3 195 0.776044
  3 194 0.775238
  3 194 0.775238
  3 193 0.774432
  3 193 0.774432
  3 193 0.774432
  3 233 0.806667
  3 233 0.806667
  3 234 0.807473
  3 235 0.808278
  3 235 0.808278
  3 234 0.807473
  3 233 0.806667
  3 233 0.806667
  3 233 0.806667
  3 233 0.806667
  4  19 0.840513
  4  21 0.842125
  4  21 0.842125
  4  20 0.841319
  4  20 0.841319
  4  19 0.840513
  4  19 0.840513
  4  19 0.840513
  4  19 0.840513
  4  20 0.841319
  4  62 0.875165
  4  63 0.875971
  4  61 0.874359
  4  61 0.874359
  4  61 0.874359
  4  60 0.873553
  4  61 0.874359
  4  61 0.874359
  4  62 0.875165
  4  62 0.875165
  4 103 0.908205
  4 102 0.907399
  4 102 0.907399
  4 101 0.906593
  4 101 0.906593
  4 101 0.906593
  4 102 0.907399
  4 103 0.908205
  4 103 0.908205
  4 103 0.908205
  4 144 0.941245
  4 143 0.940440
  4 143 0.940440
  4 143 0.940440
  4 143 0.940440
  4 143 0.940440
  4 144 0.941245
  4 145 0.942051
  4 145 0.942051
  4 144 0.941245
  4 185 0.974286
  4 184 0.973480
  4 185 0.974286
  4 185 0.974286
  4 186 0.975092
  4 186 0.975092
  4 186 0.975092
  4 186 0.975092
  4 186 0.975092
  4 185 0.974286
  4 225 1.006520
  4 225 1.006520
  4 226 1.007326
  4 227 1.008132
  4 228 1.008938
  4 227 1.008132
  4 226 1.007326
  4 226 1.007326
  4 225 1.006520
  4 225 1.006520
  5  10 1.039560
  5  10 1.039560
  5  12 1.041172
  5  12 1.041172
  5  12 1.041172
  5  11 1.040366
  5  10 1.039560
  5  10 1.039560
  5  10 1.039560
  5  10 1.039560
  5  52 1.073407
  5  53 1.074212
  5  53 1.074212
  5  53 1.074212
  5  52 1.073407
  5  52 1.073407
  5  51 1.072601
  5  51 1.072601
  5  51 1.072601
  5  52 1.073407
  5  94 1.107253
  5  94 1.107253
  5  93 1.106447
  5  93 1.106447
  5  92 1.105641
  5  92 1.105641
  5  92 1.105641
  5  93 1.106447
  5  93 1.106447
  5  94 1.107253
  5 135 1.140293
  5 134 1.139487
  5 134 1.139487
  5 133 1.138681
  5 133 1.138681
  5 134 1.139487
  5 134 1.139487
  5 135 1.140293
  5 135 1.140293
  5 136 1.141099
  5 176 1.173333
  5 175 1.172527
  5 175 1.172527
  5 174 1.171722
  5 175 1.172527
  5 175 1.172527
  5 176 1.173333
  5 177 1.174139
  5 176 1.173333
  5 175 1.172527
  5 216 1.205568
  5 216 1.205568
  5 216 1.205568
  5 215 1.204762
  5 217 1.206374
  5 217 1.206374
  5 217 1.206374
  5 217 1.206374
  5 217 1.206374
  5 216 1.205568
  6   2 1.239414
  6   2 1.239414
  6   2 1.239414
  6   3 1.240220
  6   3 1.240220
  6   3 1.240220
  6   3 1.240220
  6   2 1.239414
  6   2 1.239414
  6   1 1.238608
  6  43 1.272454
  6  43 1.272454
  6  44 1.273260
  6  45 1.274066
  6  45 1.274066
  6  44 1.273260
  6  43 1.272454
  6  43 1.272454
  6  43 1.272454
  6  43 1.272454
  6  85 1.306300
  6  86 1.307106
  6  86 1.307106
  6  86 1.307106
  6  85 1.306300
  6  85 1.306300
  6  85 1.306300
  6  84 1.305495
  6  84 1.305495
  6  86 1.307106
  6 128 1.340952
  6 128 1.340952
  6 128 1.340952
  6 127 1.340147
  6 126 1.339341
  6 126 1.339341
  6 126 1.339341
  6 126 1.339341
  6 127 1.340147
  6 127 1.340147
  6 170 1.374799
  6 169 1.373993
  6 169 1.373993
  6 168 1.373187
  6 168 1.373187
  6 168 1.373187
  6 168 1.373187
  6 169 1.373993
  6 170 1.374799
  6 170 1.374799
  6 210 1.407033
  6 209 1.406227
  6 209 1.406227
  6 209 1.406227
  6 209 1.406227
  6 210 1.407033
  6 210 1.407033
  6 211 1.407839
  6 211 1.407839
  6 210 1.407033
  6 250 1.439267
  6 250 1.439267
  6 249 1.438462
  6 249 1.438462
  6 250 1.439267
  6 251 1.440073
  6 251 1.440073
  6 252 1.440879
  6 250 1.439267
  6 249 1.438462
  7  34 1.471502
  7  33 1.470696
  7  34 1.471502
  7  34 1.471502
  7  35 1.472308
  7  36 1.473114
  7  36 1.473114
  7  35 1.472308
  7  34 1.471502
  7  34 1.471502
  7  75 1.504542
  7  76 1.505348
  7  76 1.505348
  7  77 1.506154
  7  78 1.506960
  7  77 1.506154
  7  76 1.505348
  7  76 1.505348
  7  76 1.505348
  7  76 1.505348
  7 117 1.538388
  7 118 1.539194
  7 118 1.539194
  7 119 1.540000
  7 118 1.539194
  7 117 1.538388
  7 117 1.538388
  7 117 1.538388
  7 116 1.537582
  7 117 1.538388
  7 159 1.572234
  7 159 1.572234
  7 160 1.573040
  7 158 1.571429
  7 157 1.570623
  7 158 1.571429
  7 157 1.570623
  7 157 1.570623
  7 158 1.571429
  7 158 1.571429
  7 199 1.604469
  7 200 1.605275
  7 199 1.604469
  7 198 1.603663
  7 198 1.603663
  7 198 1.603663
  7 198 1.603663
  7 198 1.603663
  7 199 1.604469
  7 200 1.605275
  7 240 1.637509
  7 240 1.637509
  7 239 1.636703
  7 238 1.635897
  7 239 1.636703
  7 239 1.636703
  7 239 1.636703
  7 241 1.638315
  7 241 1.638315
  7 241 1.638315
  8  26 1.671355
  8  25 1.670549
  8  25 1.670549
  8  25 1.670549
  8  25 1.670549
  8  26 1.671355
  8  27 1.672161
  8  27 1.672161
  8  26 1.671355
  8  26 1.671355
  8  66 1.703590
  8  66 1.703590
  8  66 1.703590
  8  66 1.703590
  8  67 1.704396
  8  68 1.705201
  8  68 1.705201
  8  67 1.704396
  8  66 1.703590
  8  66 1.703590
  8 107 1.736630
  8 107 1.736630
  8 107 1.736630
  8 108 1.737436
  8 109 1.738242
  8 109 1.738242
  8 108 1.737436
  8 108 1.737436
  8 107 1.736630
  8 107 1.736630
  8 147 1.768864
  8 148 1.769670
  8 149 1.770476
  8 150 1.771282
  8 150 1.771282
  8 149 1.770476
  8 148 1.769670
  8 148 1.769670
  8 148 1.769670
  8 148 1.769670
  8 189 1.802711
  8 190 1.803516
  8 190 1.803516
  8 190 1.803516
  8 189 1.802711
  8 189 1.802711
  8 188 1.801905
  8 189 1.802711
  8 189 1.802711
  8 189 1.802711
  8 231 1.836557
  8 231 1.836557
  8 230 1.835751
  8 230 1.835751
  8 229 1.834945
  8 229 1.834945
  8 229 1.834945
  8 229 1.834945
  8 230 1.835751
  8 231 1.836557
  9  17 1.870403
  9  16 1.869597
  9  16 1.869597
  9  15 1.868791
  9  15 1.868791
  9  14 1.867985
  9  14 1.867985
  9  15 1.868791
  9  16 1.869597
  9  17 1.870403
  9  57 1.902637
  9  57 1.902637
  9  57 1.902637
  9  56 1.901832
  9  56 1.901832
  9  57 1.902637
  9  57 1.902637
  9  59 1.904249
  9  58 1.903443
  9  58 1.903443
  9  97 1.934872
  9  97 1.934872
  9  97 1.934872
  9  97 1.934872
  9  97 1.934872
  9  98 1.935678
  9  99 1.936484
  9  98 1.935678
  9  98 1.935678
  9  97 1.934872
  9 138 1.967912
  9 138 1.967912
  9 138 1.967912
  9 139 1.968718
  9 139 1.968718
  9 140 1.969524
  9 139 1.968718
  9 139 1.968718
  9 138 1.967912
  9 139 1.968718
  9 180 2.001758
  9 179 2.000952
  9 180 2.001758
  9 181 2.002564
  9 181 2.002564
  9 181 2.002564
  9 180 2.001758
  9 180 2.001758
  9 180 2.001758
  9 179 2.000952
  9 220 2.033993
  9 220 2.033993
  9 221 2.034799
  9 221 2.034799
  9 220 2.033993
  9 220 2.033993
  9 220 2.033993
  9 220 2.033993
  9 218 2.032381
  9 219 2.033187
 10   7 2.068645
 10   8 2.069451
 10   8 2.069451
 10   7 2.068645
 10   6 2.067839
 10   6 2.067839
 10   5 2.067033
 10   6 2.067839
 10   6 2.067839
 10   7 2.068645
 10  49 2.102491
 10  49 2.102491
 10  48 2.101685
 10  48 2.101685
 10  48 2.101685
 10  48 2.101685
 10  48 2.101685
 10  48 2.101685
 10  49 2.102491
 10  50 2.103297
 10  90 2.135531
 10  89 2.134725
 10  89 2.134725
 10  88 2.133919
 10  88 2.133919
 10  89 2.134725
 10  90 2.135531
 10  91 2.136337
 10  91 2.136337
 10  90 2.135531
 10 131 2.168571
 10 130 2.167766
 10 129 2.166960
 10 130 2.167766
 10 130 2.167766
 10 131 2.168571
 10 132 2.169377
 10 131 2.168571
 10 130 2.167766
 10 131 2.168571
 10 170 2.200000
 10 170 2.200000
 10 170 2.200000
 10 171 2.200806
 10 172 2.201612
 10 172 2.201612
 10 172 2.201612
 10 171 2.200806
 10 171 2.200806
 10 170 2.200000
 10 210 2.232234
 10 209 2.231429
 10 210 2.232234
 10 211 2.233040
 10 212 2.233846
 10 212 2.233846
 10 210 2.232234
 10 210 2.232234
 10 209 2.231429
 10 209 2.231429
 10 251 2.265275
 10 252 2.266081
 10 252 2.266081
 10 253 2.266886
 10 252 2.266081
 10 251 2.265275
 10 251 2.265275
 10 251 2.265275
 10 251 2.265275
 10 251 2.265275
 11  37 2.299121
 11  38 2.299927
 11  38 2.299927
 11  38 2.299927
 11  37 2.299121
 11  37 2.299121
 11  36 2.298315
 11  35 2.297509
 11  37 2.299121
 11  38 2.299927
 11  78 2.332161
 11  78 2.332161
 11  78 2.332161
 11  77 2.331355
 11  77 2.331355
 11  77 2.331355
 11  77 2.331355
 11  77 2.331355
 11  79 2.332967
 11  79 2.332967
 11 119 2.365201
 11 118 2.364396
 11 117 2.363590
 11 117 2.363590
 11 118 2.364396
 11 117 2.363590
 11 119 2.365201
 11 119 2.365201
 11 119 2.365201
 11 119 2.365201
 11 159 2.397436
 11 158 2.396630
 11 158 2.396630
 11 158 2.396630
 11 157 2.395824
 11 158 2.396630
 11 159 2.397436
 11 159 2.397436
 11 158 2.396630
 11 158 2.396630
 11 198 2.428864
 11 198 2.428864
 11 198 2.428864
 11 197 2.428059
 11 199 2.429670
 11 199 2.429670
 11 200 2.430476
 11 199 2.429670
 11 198 2.428864
 11 198 2.428864
 11 239 2.461905
 11 238 2.461099
 11 238 2.461099
 11 239 2.461905
 11 240 2.462711
 11 240 2.462711
 11 240 2.462711
 11 239 2.461905
 11 238 2.461099
 11 238 2.461099
 12  24 2.494945
 12  24 2.494945
 12  25 2.495751
 12  25 2.495751
 12  24 2.494945
 12  25 2.495751
 12  24 2.494945
 12  24 2.494945
 12  24 2.494945
 12  23 2.494139
 12  65 2.527985
 12  66 2.528791
 12  66 2.528791
 12  66 2.528791
 12  65 2.527985
 12  64 2.527179
 12  64 2.527179
 12  64 2.527179
 12  64 2.527179
 12  64 2.527179
 12 106 2.561026
 12 107 2.561832
 12 107 2.561832
 12 106 2.561026
 12 106 2.561026
 12 105 2.560220
 12 105 2.560220
 12 106 2.561026
 12 105 2.560220
 12 107 2.561832
 12 147 2.594066
 12 147 2.594066
 12 147 2.594066
 12 145 2.592454
 12 145 2.592454
 12 145 2.592454
 12 145 2.592454
 12 146 2.593260
 12 147 2.594066
 12 147 2.594066
 12 188 2.627106
 12 188 2.627106
 12 187 2.626300
 12 187 2.626300
 12 186 2.625495
 12 186 2.625495
 12 187 2.626300
 12 188 2.627106
 12 189 2.627912
 12 188 2.627106
 12 228 2.659341
 12 227 2.658535
 12 227 2.658535
 12 227 2.658535
 12 228 2.659341
 12 228 2.659341
 12 229 2.660147
 12 230 2.660952
 12 229 2.660147
 12 229 2.660147
 13  13 2.692381
 13  13 2.692381
 13  12 2.691575
 13  13 2.692381
 13  13 2.692381
 13  14 2.693187
 13  15 2.693993
 13  14 2.693187
 13  13 2.692381
 13  13 2.692381
 13  53 2.724615
 13  54 2.725421
 13  54 2.725421
 13  55 2.726227
 13  56 2.727033
 13  56 2.727033
 13  56 2.727033
 13  55 2.726227
 13  55 2.726227
 13  54 2.725421
 13  96 2.759267
 13  96 2.759267
 13  96 2.759267
 13  97 2.760073
 13  97 2.760073
 13  97 2.760073
 13  96 2.759267
 13  96 2.759267
 13  96 2.759267
 13  96 2.759267
 13 137 2.792308
 13 138 2.793114
 13 138 2.793114
 13 139 2.793919
 13 138 2.793114
 13 137 2.792308
 13 137 2.792308
 13 137 2.792308
 13 137 2.792308
 13 137 2.792308
 13 180 2.826960
 13 181 2.827766
 13 180 2.826960
 13 180 2.826960
 13 179 2.826154
 13 179 2.826154
 13 178 2.825348
 13 178 2.825348
 13 178 2.825348
 13 180 2.826960
 13 221 2.860000
 13 222 2.860806
 13 221 2.860000
 13 221 2.860000
 13 220 2.859194
 13 219 2.858388
 13 219 2.858388
 13 220 2.859194
 13 220 2.859194
 13 221 2.860000
 14   7 2.893846
 14   7 2.893846
 14   5 2.892234
 14   5 2.892234
 14   5 2.892234
 14   5 2.892234
 14   5 2.892234
 14   6 2.893040
 14   7 2.893846
 14   6 2.893040
 14  48 2.926886
 14  47 2.926081
 14  47 2.926081
 14  46 2.925275
 14  47 2.926081
 14  47 2.926081
 14  48 2.926886
 14  48 2.926886
 14  48 2.926886
 14  48 2.926886
 14  64 2.939780
 14  65 2.940586
 14  67 2.942198
 14  66 2.941392
 14  66 2.941392
 14  67 2.942198
 14  64 2.939780
 14  66 2.941392
 14  64 2.939780
 14  66 2.941392
 14  50 2.928498
 14  71 2.945421
 14  28 2.910769
 14  68 2.943004
 14  80 2.952674
 14  60 2.936557
 14  78 2.951062
 14  50 2.928498
 14  66 2.941392
 14  79 2.951868
 14  68 2.943004
 14   3 2.890623
 14  64 2.939780
 14  82 2.954286
 14  56 2.933333
 14  77 2.950256
 14  40 2.920440
 14  69 2.943810
 13 252 2.884982
 14  66 2.941392
