  0  19 0.015311
  0  18 0.014505
  0  19 0.015311
  0  20 0.016117
  0  20 0.016117
  0  20 0.016117
  0  19 0.015311
  0  19 0.015311
  0  19 0.015311
  0  18 0.014505
  0  48 0.038681
  0  48 0.038681
  0  49 0.039487
  0  49 0.039487
  0  48 0.038681
  0  49 0.039487
  0  47 0.037875
  0  47 0.037875
  0  47 0.037875
  0  47 0.037875
  0  82 0.066081
  0  83 0.066886
  0  83 0.066886
  0  83 0.066886
  0  83 0.066886
  0  82 0.066081
  0  82 0.066081
  0  82 0.066081
  0  81 0.065275
  0  82 0.066081
  0 117 0.094286
  0 118 0.095092
  0 119 0.095897
  0 118 0.095092
  0 117 0.094286
  0 117 0.094286
  0 118 0.095092
  0 117 0.094286
  0 117 0.094286
  0 118 0.095092
  0 150 0.120879
  0 150 0.120879
  0 149 0.120073
  0 149 0.120073
  0 149 0.120073
  0 149 0.120073
  0 148 0.119267
  0 148 0.119267
  0 150 0.120879
  0 150 0.120879
  0 185 0.149084
  0 184 0.148278
  0 184 0.148278
  0 184 0.148278
  0 184 0.148278
  0 184 0.148278
  0 184 0.148278
  0 185 0.149084
  0 185 0.149084
  0 185 0.149084
  0 219 0.176484
  0 218 0.175678
  0 218 0.175678
  0 217 0.174872
  0 217 0.174872
  0 217 0.174872
  0 219 0.176484
  0 219 0.176484
  0 220 0.177289
  0 220 0.177289
  0 252 0.203077
  0 251 0.202271
  0 250 0.201465
  0 250 0.201465
  0 250 0.201465
  0 251 0.202271
  0 252 0.203077
  0 252 0.203077
  0 251 0.202271
  0 251 0.202271
  1  30 0.230476
  1  30 0.230476
  1  29 0.229670
  1  30 0.230476
  1  30 0.230476
  1  32 0.232088
  1  32 0.232088
  1  30 0.230476
  1  30 0.230476
  1  30 0.230476
  1  64 0.257875
  1  64 0.257875
  1  65 0.258681
  1  66 0.259487
  1  65 0.258681
  1  65 0.258681
  1  65 0.258681
  1  64 0.257875
  1  63 0.257070
  1  63 0.257070
  1  96 0.283663
  1  96 0.283663
  1  99 0.286081
  1  99 0.286081
  1  98 0.285275
  1  98 0.285275
  1  96 0.283663
  1  97 0.284469
  1  96 0.283663
  1  96 0.283663
  1 134 0.314286
  1 133 0.313480
  1 134 0.314286
  1 135 0.315092
  1 133 0.313480
  1 133 0.313480
  1 133 0.313480
  1 132 0.312674
  1 134 0.314286
  1 133 0.313480
  1 168 0.341685
  1 168 0.341685
  1 169 0.342491
  1 166 0.340073
  1 166 0.340073
  1 167 0.340879
  1 166 0.340073
  1 167 0.340879
  1 166 0.340073
  1 168 0.341685
  1 200 0.367473
  1 201 0.368278
  1 200 0.367473
  1 199 0.366667
  1 200 0.367473
  1 199 0.366667
  1 199 0.366667
  1 200 0.367473
  1 200 0.367473
  1 201 0.368278
  1 235 0.395678
  1 234 0.394872
  1 235 0.395678
  1 233 0.394066
  1 234 0.394872
  1 234 0.394872
  1 234 0.394872
  1 235 0.395678
  1 236 0.396484
  1 236 0.396484
  2  13 0.423077
  2  12 0.422271
  2  12 0.422271
  2  12 0.422271
  2  12 0.422271
  2  12 0.422271
  2  13 0.423077
  2  13 0.423077
  2  13 0.423077
  2  13 0.423077
  2  46 0.449670
  2  46 0.449670
  2  45 0.448864
  2  46 0.449670
  2  46 0.449670
  2  46 0.449670
  2  47 0.450476
  2  47 0.450476
  2  46 0.449670
  2  46 0.449670
  2  81 0.477875
  2  80 0.477070
  2  80 0.477070
  2  81 0.477875
  2  82 0.478681
  2  83 0.479487
  2  83 0.479487
  2  82 0.478681
  2  81 0.477875
  2  80 0.477070
  2 112 0.502857
  2 113 0.503663
  2 112 0.502857
  2 113 0.503663
  2 113 0.503663
  2 115 0.505275
  2 114 0.504469
  2 113 0.503663
  2 112 0.502857
  2 112 0.502857
  2 145 0.529451
  2 147 0.531062
  2 147 0.531062
  2 148 0.531868
  2 147 0.531062
  2 147 0.531062
  2 147 0.531062
  2 146 0.530256
  2 146 0.530256
  2 145 0.529451
  2 181 0.558462
  2 181 0.558462
  2 182 0.559267
  2 182 0.559267
  2 182 0.559267
  2 181 0.558462
  2 181 0.558462
  2 180 0.557656
  2 181 0.558462
  2 181 0.558462
  2 214 0.585055
  2 214 0.585055
  2 215 0.585861
  2 214 0.585055
  2 214 0.585055
  2 213 0.584249
  2 213 0.584249
  2 213 0.584249
  2 213 0.584249
  2 214 0.585055
  2 248 0.612454
  2 249 0.613260
  2 248 0.612454
  2 248 0.612454
  2 247 0.611648
  2 245 0.610037
  2 247 0.611648
  2 247 0.611648
  2 248 0.612454
  2 249 0.613260
  3  28 0.641465
  3  27 0.640659
  3  27 0.640659
  3  26 0.639853
  3  26 0.639853
  3  26 0.639853
  3  26 0.639853
  3  27 0.640659
  3  27 0.640659
  3  28 0.641465
  3  60 0.667253
  3  59 0.666447
  3  59 0.666447
  3  59 0.666447
  3  59 0.666447
  3  59 0.666447
  3  60 0.667253
  3  60 0.667253
  3  60 0.667253
  3  60 0.667253
  3  93 0.693846
  3  92 0.693040
  3  93 0.693846
  3  93 0.693846
  3  93 0.693846
  3  93 0.693846
  3  96 0.696264
  3  94 0.694652
  3  94 0.694652
  3  93 0.693846
  3 127 0.721245
  3 127 0.721245
  3 126 0.720440
  3 127 0.721245
  3 127 0.721245
  3 128 0.722051
  3 129 0.722857
  3 128 0.722051
  3 126 0.720440
  3 127 0.721245
  3 161 0.748645
  3 160 0.747839
  3 161 0.748645
  3 162 0.749451
  3 162 0.749451
  3 162 0.749451
  3 161 0.748645
  3 161 0.748645
  3 161 0.748645
  3 161 0.748645
  3 195 0.776044
  3 195 0.776044
  3 196 0.776850
  3 196 0.776850
  3 196 0.776850
  3 195 0.776044
  3 195 0.776044
  3 195 0.776044
  3 195 0.776044
  3 195 0.776044
  3 230 0.804249
  3 230 0.804249
  3 230 0.804249
  3 230 0.804249
  3 229 0.803443
  3 229 0.803443
  3 229 0.803443
  3 228 0.802637
  3 229 0.803443
  3 229 0.803443
  4   9 0.832454
  4   9 0.832454
  4   8 0.831648
  4   8 0.831648
  4   7 0.830842
  4   8 0.831648
  4   8 0.831648
  4   8 0.831648
  4   8 0.831648
  4   9 0.832454
  4  44 0.860659
  4  42 0.859048
  4  41 0.858242
  4  40 0.857436
  4  40 0.857436
  4  40 0.857436
  4  41 0.858242
  4  43 0.859853
  4  44 0.860659
  4  43 0.859853
  4  76 0.886447
  4  75 0.885641
  4  75 0.885641
  4  75 0.885641
  4  74 0.884835
  4  75 0.885641
  4  76 0.886447
  4  77 0.887253
  4  76 0.886447
  4  75 0.885641
  4 108 0.912234
  4 109 0.913040
  4 108 0.912234
  4 108 0.912234
  4 109 0.913040
  4 109 0.913040
  4 110 0.913846
  4 111 0.914652
  4 109 0.913040
  4 108 0.912234
  4 143 0.940440
  4 143 0.940440
  4 143 0.940440
  4 143 0.940440
  4 144 0.941245
  4 144 0.941245
  4 144 0.941245
  4 143 0.940440
  4 142 0.939634
  4 142 0.939634
  4 176 0.967033
  4 177 0.967839
  4 178 0.968645
  4 177 0.967839
  4 178 0.968645
  4 178 0.968645
  4 177 0.967839
  4 177 0.967839
  4 176 0.967033
  4 176 0.967033
  4 211 0.995238
  4 211 0.995238
  4 212 0.996044
  4 212 0.996044
  4 212 0.996044
  4 210 0.994432
  4 211 0.995238
  4 210 0.994432
  4 210 0.994432
  4 211 0.995238
  4 246 1.023443
  4 246 1.023443
  4 246 1.023443
  4 246 1.023443
  4 245 1.022637
  4 245 1.022637
  4 245 1.022637
  4 244 1.021832
  4 245 1.022637
  4 245 1.022637
  5  24 1.050842
  5  24 1.050842
  5  24 1.050842
  5  24 1.050842
  5  22 1.049231
  5  22 1.049231
  5  23 1.050037
  5  22 1.049231
  5  24 1.050842
  5  25 1.051648
  5  58 1.078242
  5  58 1.078242
  5  57 1.077436
  5  57 1.077436
  5  57 1.077436
  5  56 1.076630
  5  57 1.077436
  5  58 1.078242
  5  60 1.079853
  5  59 1.079048
  5  92 1.105641
  5  92 1.105641
  5  92 1.105641
  5  92 1.105641
  5  91 1.104835
  5  92 1.105641
  5  92 1.105641
  5  93 1.106447
  5  94 1.107253
  5  93 1.106447
  5 127 1.133846
  5 125 1.132234
  5 126 1.133040
  5 125 1.132234
  5 126 1.133040
  5 127 1.133846
  5 127 1.133846
  5 127 1.133846
  5 127 1.133846
  5 126 1.133040
  5 160 1.160440
  5 159 1.159634
  5 159 1.159634
  5 159 1.159634
  5 161 1.161245
  5 161 1.161245
  5 161 1.161245
  5 160 1.160440
  5 159 1.159634
  5 159 1.159634
  5 194 1.187839
  5 193 1.187033
  5 193 1.187033
  5 194 1.187839
  5 195 1.188645
  5 195 1.188645
  5 194 1.187839
  5 193 1.187033
  5 192 1.186227
  5 192 1.186227
  5 226 1.213626
  5 227 1.214432
  5 227 1.214432
  5 228 1.215238
  5 228 1.215238
  5 227 1.214432
  5 226 1.213626
  5 227 1.214432
  5 226 1.213626
  5 226 1.213626
  6   6 1.242637
  6   7 1.243443
  6   7 1.243443
  6   7 1.243443
  6   6 1.242637
  6   5 1.241832
  6   5 1.241832
  6   5 1.241832
  6   5 1.241832
  6   6 1.242637
  6  40 1.270037
  6  41 1.270842
  6  41 1.270842
  6  40 1.270037
  6  40 1.270037
  6  40 1.270037
  6  39 1.269231
  6  39 1.269231
  6  40 1.270037
  6  40 1.270037
  6  75 1.298242
  6  75 1.298242
  6  74 1.297436
  6  73 1.296630
  6  74 1.297436
  6  73 1.296630
  6  73 1.296630
  6  73 1.296630
  6  75 1.298242
  6  75 1.298242
  6 108 1.324835
  6 108 1.324835
  6 108 1.324835
  6 107 1.324029
  6 107 1.324029
  6 107 1.324029
  6 107 1.324029
  6 108 1.324835
  6 109 1.325641
  6 109 1.325641
  6 142 1.352234
  6 141 1.351429
  6 141 1.351429
  6 141 1.351429
  6 141 1.351429
  6 141 1.351429
  6 142 1.352234
  6 143 1.353040
  6 143 1.353040
  6 144 1.353846
  6 176 1.379634
  6 175 1.378828
  6 175 1.378828
  6 175 1.378828
  6 175 1.378828
  6 176 1.379634
  6 176 1.379634
  6 176 1.379634
  6 176 1.379634
  6 175 1.378828
  6 208 1.405421
  6 208 1.405421
  6 209 1.406227
  6 209 1.406227
  6 209 1.406227
  6 211 1.407839
  6 210 1.407033
  6 210 1.407033
  6 209 1.406227
  6 209 1.406227
  6 242 1.432821
  6 242 1.432821
  6 243 1.433626
  6 243 1.433626
  6 244 1.434432
  6 244 1.434432
  6 243 1.433626
  6 243 1.433626
  6 242 1.432821
  6 242 1.432821
  7  20 1.460220
  7  20 1.460220
  7  21 1.461026
  7  22 1.461832
  7  22 1.461832
  7  20 1.460220
  7  20 1.460220
  7  20 1.460220
  7  20 1.460220
  7  20 1.460220
  7  54 1.487619
  7  55 1.488425
  7  55 1.488425
  7  55 1.488425
  7  55 1.488425
  7  54 1.487619
  7  54 1.487619
  7  53 1.486813
  7  53 1.486813
  7  54 1.487619
  7  88 1.515018
  7  89 1.515824
  7  89 1.515824
  7  88 1.515018
  7  88 1.515018
  7  88 1.515018
  7  88 1.515018
  7  87 1.514212
  7  87 1.514212
  7  88 1.515018
  7 123 1.543223
  7 124 1.544029
  7 123 1.543223
  7 121 1.541612
  7 120 1.540806
  7 120 1.540806
  7 121 1.541612
  7 122 1.542418
  7 122 1.542418
  7 123 1.543223
  7 157 1.570623
  7 156 1.569817
  7 155 1.569011
  7 155 1.569011
  7 155 1.569011
  7 155 1.569011
  7 156 1.569817
  7 156 1.569817
  7 157 1.570623
  7 157 1.570623
  7 190 1.597216
  7 189 1.596410
  7 188 1.595604
  7 187 1.594799
  7 189 1.596410
  7 189 1.596410
  7 189 1.596410
  7 190 1.597216
  7 190 1.597216
  7 189 1.596410
  7 223 1.623810
  7 222 1.623004
  7 222 1.623004
  7 222 1.623004
  7 222 1.623004
  7 223 1.623810
  7 223 1.623810
  7 224 1.624615
  7 223 1.623810
  7 221 1.622198
  8   1 1.651209
  8   1 1.651209
  8   1 1.651209
  8   2 1.652015
  8   2 1.652015
  8   3 1.652821
  8   2 1.652015
  8   2 1.652015
  8   1 1.651209
  8   1 1.651209
  8  34 1.677802
  8  33 1.676996
  8  35 1.678608
  8  36 1.679414
  8  36 1.679414
  8  36 1.679414
  8  36 1.679414
  8  34 1.677802
  8  35 1.678608
  8  35 1.678608
  8  68 1.705201
  8  70 1.706813
  8  70 1.706813
  8  70 1.706813
  8  70 1.706813
  8  70 1.706813
  8  69 1.706007
  8  69 1.706007
  8  70 1.706813
  8  70 1.706813
  8 103 1.733407
  8 104 1.734212
  8 105 1.735018
  8 105 1.735018
  8 104 1.734212
  8 103 1.733407
  8 103 1.733407
  8 103 1.733407
  8 103 1.733407
  8 104 1.734212
  8 138 1.761612
  8 139 1.762418
  8 138 1.761612
  8 138 1.761612
  8 137 1.760806
  8 137 1.760806
  8 137 1.760806
  8 137 1.760806
  8 137 1.760806
  8 138 1.761612
  8 172 1.789011
  8 172 1.789011
  8 172 1.789011
  8 171 1.788205
  8 171 1.788205
  8 171 1.788205
  8 171 1.788205
  8 172 1.789011
  8 172 1.789011
  8 173 1.789817
  8 205 1.815604
  8 204 1.814799
  8 204 1.814799
  8 203 1.813993
  8 204 1.814799
  8 204 1.814799
  8 204 1.814799
  8 205 1.815604
  8 205 1.815604
  8 205 1.815604
  8 237 1.841392
  8 236 1.840586
  8 236 1.840586
  8 236 1.840586
  8 237 1.841392
  8 237 1.841392
  8 238 1.842198
  8 238 1.842198
  8 238 1.842198
  8 237 1.841392
  9  15 1.868791
  9  15 1.868791
  9  15 1.868791
  9  15 1.868791
  9  15 1.868791
  9  17 1.870403
  9  17 1.870403
  9  17 1.870403
  9  16 1.869597
  9  15 1.868791
  9  49 1.896190
  9  49 1.896190
  9  49 1.896190
  9  49 1.896190
  9  51 1.897802
  9  51 1.897802
  9  51 1.897802
  9  50 1.896996
  9  50 1.896996
  9  50 1.896996
  9  83 1.923590
  9  83 1.923590
  9  84 1.924396
  9  84 1.924396
  9  85 1.925201
  9  85 1.925201
  9  84 1.924396
  9  83 1.923590
  9  83 1.923590
  9  83 1.923590
  9 117 1.950989
  9 118 1.951795
  9 118 1.951795
  9 119 1.952601
  9 117 1.950989
  9 117 1.950989
  9 117 1.950989
  9 117 1.950989
  9 115 1.949377
  9 117 1.950989
  9 150 1.977582
  9 151 1.978388
  9 152 1.979194
  9 152 1.979194
  9 150 1.977582
  9 150 1.977582
  9 150 1.977582
  9 150 1.977582
  9 150 1.977582
  9 150 1.977582
  9 184 2.004982
  9 185 2.005788
  9 184 2.004982
  9 184 2.004982
  9 183 2.004176
  9 183 2.004176
  9 183 2.004176
  9 183 2.004176
  9 183 2.004176
  9 184 2.004982
  9 218 2.032381
  9 217 2.031575
  9 217 2.031575
  9 216 2.030769
  9 216 2.030769
  9 216 2.030769
  9 216 2.030769
  9 217 2.031575
  9 218 2.032381
  9 218 2.032381
  9 251 2.058974
  9 251 2.058974
  9 249 2.057363
  9 249 2.057363
  9 249 2.057363
  9 250 2.058168
  9 251 2.058974
  9 251 2.058974
  9 251 2.058974
  9 251 2.058974
 10  28 2.085568
 10  28 2.085568
 10  28 2.085568
 10  28 2.085568
 10  28 2.085568
 10  28 2.085568
 10  29 2.086374
 10  30 2.087179
 10  29 2.086374
 10  29 2.086374
 10  62 2.112967
 10  62 2.112967
 10  62 2.112967
 10  62 2.112967
 10  62 2.112967
 10  63 2.113773
 10  63 2.113773
 10  62 2.112967
 10  62 2.112967
 10  62 2.112967
 10  95 2.139560
 10  95 2.139560
 10  96 2.140366
 10  96 2.140366
 10  96 2.140366
 10  97 2.141172
 10  96 2.140366
 10  95 2.139560
 10  95 2.139560
 10  94 2.138755
 10 129 2.166960
 10 129 2.166960
 10 130 2.167766
 10 131 2.168571
 10 130 2.167766
 10 129 2.166960
 10 129 2.166960
 10 129 2.166960
 10 129 2.166960
 10 129 2.166960
 10 164 2.195165
 10 165 2.195971
 10 166 2.196777
 10 165 2.195971
 10 163 2.194359
 10 163 2.194359
 10 164 2.195165
 10 164 2.195165
 10 164 2.195165
 10 164 2.195165
 10 198 2.222564
 10 199 2.223370
 10 198 2.222564
 10 197 2.221758
 10 197 2.221758
 10 197 2.221758
 10 197 2.221758
 10 197 2.221758
 10 197 2.221758
 10 198 2.222564
 10 233 2.250769
 10 233 2.250769
 10 231 2.249158
 10 230 2.248352
 10 230 2.248352
 10 231 2.249158
 10 230 2.248352
 10 231 2.249158
 10 232 2.249963
 10 233 2.250769
 11  10 2.277363
 11  10 2.277363
 11   9 2.276557
 11   9 2.276557
 11   9 2.276557
 11   8 2.275751
 11   9 2.276557
 11  10 2.277363
 11  10 2.277363
 11  11 2.278168
 11  43 2.303956
 11  43 2.303956
 11  44 2.304762
 11  42 2.303150
 11  43 2.303956
 11  43 2.303956
 11  44 2.304762
 11  45 2.305568
 11  44 2.304762
 11  44 2.304762
 11  77 2.331355
 11  78 2.332161
 11  77 2.331355
 11  78 2.332161
 11  77 2.331355
 11  78 2.332161
 11  79 2.332967
 11  79 2.332967
 11  77 2.331355
 11  78 2.332161
 11 111 2.358755
 11 111 2.358755
 11 111 2.358755
 11 112 2.359560
 11 112 2.359560
 11 113 2.360366
 11 112 2.359560
 11 112 2.359560
 11 111 2.358755
 11 111 2.358755
 11 144 2.385348
 11 144 2.385348
 11 145 2.386154
 11 145 2.386154
 11 146 2.386960
 11 146 2.386960
 11 146 2.386960
 11 145 2.386154
 11 144 2.385348
 11 145 2.386154
 11 179 2.413553
 11 178 2.412747
 11 179 2.413553
 11 180 2.414359
 11 180 2.414359
 11 179 2.413553
 11 179 2.413553
 11 178 2.412747
 11 179 2.413553
 11 178 2.412747
 11 210 2.438535
 11 211 2.439341
 11 211 2.439341
 11 211 2.439341
 11 211 2.439341
 11 210 2.438535
 11 210 2.438535
 11 209 2.437729
 11 209 2.437729
 11 209 2.437729
 11 213 2.440952
 11 207 2.436117
 11 193 2.424835
 11 217 2.444176
 11 212 2.440147
 11 207 2.436117
 11 199 2.429670
 11 217 2.444176
 11 214 2.441758
 11 209 2.437729
 11 203 2.432894
 11 213 2.440952
 11 219 2.445788
 11 176 2.411136
 11 204 2.433700
 11 214 2.441758
 11 219 2.445788
 11 196 2.427253
 11 211 2.439341
 11 220 2.446593
