  0  15 0.012088
  0  14 0.011282
  0  13 0.010476
  0  13 0.010476
  0  13 0.010476
  0  13 0.010476
  0  13 0.010476
  0  14 0.011282
  0  14 0.011282
  0  13 0.010476
  0  35 0.028205
  0  34 0.027399
  0  33 0.026593
  0  34 0.027399
  0  34 0.027399
  0  34 0.027399
  0  33 0.026593
  0  34 0.027399
  0  34 0.027399
  0  35 0.028205
  0  57 0.045934
  0  57 0.045934
  0  57 0.045934
  0  57 0.045934
  0  56 0.045128
  0  57 0.045934
  0  58 0.046740
  0  59 0.047546
  0  58 0.046740
  0  57 0.045934
  0  80 0.064469
  0  80 0.064469
  0  79 0.063663
  0  79 0.063663
  0  80 0.064469
  0  81 0.065275
  0  82 0.066081
  0  82 0.066081
  0  81 0.065275
  0  80 0.064469
  0 100 0.080586
  0 100 0.080586
  0 101 0.081392
  0 101 0.081392
  0 102 0.082198
  0 103 0.083004
  0 102 0.082198
  0 102 0.082198
  0 101 0.081392
  0 101 0.081392
  0 123 0.099121
  0 124 0.099927
  0 125 0.100733
  0 124 0.099927
  0 126 0.101538
  0 124 0.099927
  0 125 0.100733
  0 124 0.099927
  0 124 0.099927
  0 124 0.099927
  0 147 0.118462
  0 148 0.119267
  0 148 0.119267
  0 148 0.119267
  0 148 0.119267
  0 147 0.118462
  0 148 0.119267
  0 148 0.119267
  0 146 0.117656
  0 147 0.118462
  0 169 0.136190
  0 169 0.136190
  0 170 0.136996
  0 170 0.136996
  0 169 0.136190
  0 168 0.135385
  0 169 0.136190
  0 168 0.135385
  0 168 0.135385
  0 169 0.136190
  0 193 0.155531
  0 193 0.155531
  0 192 0.154725
  0 193 0.155531
  0 193 0.155531
  0 192 0.154725
  0 191 0.153919
  0 190 0.153114
  0 192 0.154725
  0 194 0.156337
  0 217 0.174872
  0 216 0.174066
  0 216 0.174066
  0 215 0.173260
  0 215 0.173260
  0 214 0.172454
  0 215 0.173260
  0 216 0.174066
  0 215 0.173260
  0 216 0.174066
  0 237 0.190989
  0 237 0.190989
  0 237 0.190989
  0 236 0.190183
  0 237 0.190989
  0 236 0.190183
  0 236 0.190183
  0 236 0.190183
  0 238 0.191795
  0 239 0.192601
  1   5 0.210330
  1   4 0.209524
  1   4 0.209524
  1   4 0.209524
  1   5 0.210330
  1   5 0.210330
  1   6 0.211136
  1   6 0.211136
  1   6 0.211136
  1   4 0.209524
  1  27 0.228059
  1  26 0.227253
  1  27 0.228059
  1  27 0.228059
  1  27 0.228059
  1  29 0.229670
  1  29 0.229670
  1  29 0.229670
  1  29 0.229670
  1  28 0.228864
  1  46 0.243370
  1  49 0.245788
  1  49 0.245788
  1  48 0.244982
  1  49 0.245788
  1  50 0.246593
  1  50 0.246593
  1  51 0.247399
  1  48 0.244982
  1  49 0.245788
  1  72 0.264322
  1  71 0.263516
  1  72 0.264322
  1  71 0.263516
  1  75 0.266740
  1  73 0.265128
  1  72 0.264322
  1  73 0.265128
  1  72 0.264322
  1  72 0.264322
  1  93 0.281245
  1  94 0.282051
  1  95 0.282857
  1  96 0.283663
  1  95 0.282857
  1  96 0.283663
  1  92 0.280440
  1  95 0.282857
  1  93 0.281245
  1  94 0.282051
  1 116 0.299780
  1 117 0.300586
  1 117 0.300586
  1 118 0.301392
  1 117 0.300586
  1 117 0.300586
  1 115 0.298974
  1 117 0.300586
  1 116 0.299780
  1 116 0.299780
  1 140 0.319121
  1 140 0.319121
  1 142 0.320733
  1 140 0.319121
  1 139 0.318315
  1 140 0.319121
  1 140 0.319121
  1 139 0.318315
  1 139 0.318315
  1 140 0.319121
  1 161 0.336044
  1 163 0.337656
  1 161 0.336044
  1 161 0.336044
  1 161 0.336044
  1 162 0.336850
  1 159 0.334432
  1 161 0.336044
  1 161 0.336044
  1 161 0.336044
  1 185 0.355385
  1 185 0.355385
  1 183 0.353773
  1 181 0.352161
  1 184 0.354579
  1 183 0.353773
  1 183 0.353773
  1 183 0.353773
  1 183 0.353773
  1 183 0.353773
  1 208 0.373919
  1 208 0.373919
  1 207 0.373114
  1 206 0.372308
  1 206 0.372308
  1 207 0.373114
  1 206 0.372308
  1 206 0.372308
  1 208 0.373919
  1 208 0.373919
  1 229 0.390842
  1 229 0.390842
  1 227 0.389231
  1 227 0.389231
  1 227 0.389231
  1 228 0.390037
  1 229 0.390842
  1 230 0.391648
  1 230 0.391648
  1 229 0.390842
  1 251 0.408571
  1 249 0.406960
  1 249 0.406960
  1 249 0.406960
  1 249 0.406960
  1 250 0.407766
  1 252 0.409377
  1 252 0.409377
  1 252 0.409377
  1 251 0.408571
  2  17 0.426300
  2  17 0.426300
  2  17 0.426300
  2  17 0.426300
  2  18 0.427106
  2  19 0.427912
  2  20 0.428718
  2  20 0.428718
  2  18 0.427106
  2  18 0.427106
  2  39 0.444029
  2  39 0.444029
  2  39 0.444029
  2  39 0.444029
  2  40 0.444835
  2  41 0.445641
  2  42 0.446447
  2  41 0.445641
  2  41 0.445641
  2  40 0.444835
  2  62 0.462564
  2  62 0.462564
  2  63 0.463370
  2  63 0.463370
  2  64 0.464176
  2  64 0.464176
  2  63 0.463370
  2  63 0.463370
  2  62 0.462564
  2  62 0.462564
  2  85 0.481099
  2  86 0.481905
  2  86 0.481905
  2  86 0.481905
  2  87 0.482711
  2  86 0.481905
  2  85 0.481099
  2  86 0.481905
  2  85 0.481099
  2  85 0.481099
  2 108 0.499634
  2 108 0.499634
  2 109 0.500440
  2 109 0.500440
  2 108 0.499634
  2 108 0.499634
  2 107 0.498828
  2 107 0.498828
  2 107 0.498828
  2 108 0.499634
  2 131 0.518168
  2 132 0.518974
  2 131 0.518168
  2 131 0.518168
  2 131 0.518168
  2 130 0.517363
  2 130 0.517363
  2 129 0.516557
  2 131 0.518168
  2 131 0.518168
  2 155 0.537509
  2 155 0.537509
  2 154 0.536703
  2 153 0.535897
  2 153 0.535897
  2 153 0.535897
  2 153 0.535897
  2 153 0.535897
  2 154 0.536703
  2 154 0.536703
  2 176 0.554432
  2 176 0.554432
  2 175 0.553626
  2 176 0.554432
  2 175 0.553626
  2 175 0.553626
  2 176 0.554432
  2 176 0.554432
  2 178 0.556044
  2 177 0.555238
  2 198 0.572161
  2 198 0.572161
  2 197 0.571355
  2 197 0.571355
  2 198 0.572161
  2 197 0.571355
  2 199 0.572967
  2 199 0.572967
  2 199 0.572967
  2 198 0.572161
  2 220 0.589890
  2 220 0.589890
  2 219 0.589084
  2 220 0.589890
  2 221 0.590696
  2 222 0.591502
  2 222 0.591502
  2 220 0.589890
  2 220 0.589890
  2 221 0.590696
  2 243 0.608425
  2 243 0.608425
  2 241 0.606813
  2 242 0.607619
  2 244 0.609231
  2 244 0.609231
  2 243 0.608425
  2 243 0.608425
  2 243 0.608425
  2 242 0.607619
  3   9 0.626154
  3   9 0.626154
  3  10 0.626960
  3  11 0.627766
  3  11 0.627766
  3  12 0.628571
  3  10 0.626960
  3   9 0.626154
  3   8 0.625348
  3  10 0.626960
  3  33 0.645495
  3  32 0.644689
  3  32 0.644689
  3  33 0.645495
  3  34 0.646300
  3  33 0.645495
  3  32 0.644689
  3  31 0.643883
  3  32 0.644689
  3  31 0.643883
  3  54 0.662418
  3  54 0.662418
  3  56 0.664029
  3  56 0.664029
  3  55 0.663223
  3  55 0.663223
  3  54 0.662418
  3  55 0.663223
  3  54 0.662418
  3  56 0.664029
  3  78 0.681758
  3  76 0.680147
  3  78 0.681758
  3  80 0.683370
  3  77 0.680952
  3  77 0.680952
  3  78 0.681758
  3  76 0.680147
  3  78 0.681758
  3  78 0.681758
  3 100 0.699487
  3 102 0.701099
  3 100 0.699487
  3 100 0.699487
  3  99 0.698681
  3 100 0.699487
  3 100 0.699487
  3  99 0.698681
  3 101 0.700293
  3 101 0.700293
  3 124 0.718828
  3 123 0.718022
  3 123 0.718022
  3 123 0.718022
  3 122 0.717216
  3 122 0.717216
  3 122 0.717216
  3 124 0.718828
  3 122 0.717216
  3 125 0.719634
  3 146 0.736557
  3 146 0.736557
  3 145 0.735751
  3 146 0.736557
  3 144 0.734945
  3 146 0.736557
  3 145 0.735751
  3 145 0.735751
  3 147 0.737363
  3 146 0.736557
  3 168 0.754286
  3 167 0.753480
  3 168 0.754286
  3 167 0.753480
  3 168 0.754286
  3 167 0.753480
  3 169 0.755092
  3 170 0.755897
  3 168 0.754286
  3 169 0.755092
  3 190 0.772015
  3 191 0.772821
  3 190 0.772015
  3 190 0.772015
  3 191 0.772821
  3 190 0.772015
  3 192 0.773626
  3 193 0.774432
  3 191 0.772821
  3 190 0.772015
  3 213 0.790549
  3 212 0.789744
  3 212 0.789744
  3 213 0.790549
  3 214 0.791355
  3 214 0.791355
  3 214 0.791355
  3 215 0.792161
  3 215 0.792161
  3 213 0.790549
  3 235 0.808278
  3 233 0.806667
  3 234 0.807473
  3 235 0.808278
  3 236 0.809084
  3 237 0.809890
  3 237 0.809890
  3 236 0.809084
  3 236 0.809084
  3 235 0.808278
  4   3 0.827619
  4   3 0.827619
  4   3 0.827619
  4   5 0.829231
  4   4 0.828425
  4   4 0.828425
  4   4 0.828425
  4   3 0.827619
  4   1 0.826007
  4   2 0.826813
  4  24 0.844542
  4  24 0.844542
  4  25 0.845348
  4  27 0.846960
  4  26 0.846154
  4  26 0.846154
  4  27 0.846960
  4  25 0.845348
  4  24 0.844542
  4  24 0.844542
  4  47 0.863077
  4  47 0.863077
  4  49 0.864689
  4  49 0.864689
  4  49 0.864689
  4  48 0.863883
  4  48 0.863883
  4  47 0.863077
  4  46 0.862271
  4  47 0.863077
  4  70 0.881612
  4  71 0.882418
  4  71 0.882418
  4  72 0.883223
  4  71 0.882418
  4  70 0.881612
  4  70 0.881612
  4  69 0.880806
  4  69 0.880806
  4  70 0.881612
  4  94 0.900952
  4  94 0.900952
  4  94 0.900952
  4  93 0.900147
  4  93 0.900147
  4  92 0.899341
  4  92 0.899341
  4  93 0.900147
  4  93 0.900147
  4  95 0.901758
  4 117 0.919487
  4 116 0.918681
  4 116 0.918681
  4 115 0.917875
  4 115 0.917875
  4 115 0.917875
  4 115 0.917875
  4 116 0.918681
  4 116 0.918681
  4 117 0.919487
  4 139 0.937216
  4 138 0.936410
  4 137 0.935604
  4 138 0.936410
  4 138 0.936410
  4 139 0.937216
  4 138 0.936410
  4 139 0.937216
  4 139 0.937216
  4 138 0.936410
  4 160 0.954139
  4 160 0.954139
  4 159 0.953333
  4 160 0.954139
  4 160 0.954139
  4 161 0.954945
  4 161 0.954945
  4 161 0.954945
  4 161 0.954945
  4 160 0.954139
  4 183 0.972674
  4 182 0.971868
  4 181 0.971062
  4 182 0.971868
  4 183 0.972674
  4 184 0.973480
  4 184 0.973480
  4 183 0.972674
  4 183 0.972674
  4 183 0.972674
  4 204 0.989597
  4 204 0.989597
  4 205 0.990403
  4 205 0.990403
  4 206 0.991209
  4 206 0.991209
  4 207 0.992015
  4 205 0.990403
  4 205 0.990403
  4 205 0.990403
  4 227 1.008132
  4 227 1.008132
  4 228 1.008938
  4 228 1.008938
  4 229 1.009744
  4 229 1.009744
  4 227 1.008132
  4 227 1.008132
  4 227 1.008132
  4 226 1.007326
  4 250 1.026667
  4 251 1.027473
  4 251 1.027473
  4 250 1.026667
  4 251 1.027473
  4 251 1.027473
  4 250 1.026667
  4 249 1.025861
  4 249 1.025861
  4 250 1.026667
  5  17 1.045201
  5  17 1.045201
  5  18 1.046007
  5  19 1.046813
  5  17 1.045201
  5  17 1.045201
  5  16 1.044396
  5  16 1.044396
  5  18 1.046007
  5  17 1.045201
  5  39 1.062930
  5  41 1.064542
  5  40 1.063736
  5  39 1.062930
  5  38 1.062125
  5  41 1.064542
  5  40 1.063736
  5  38 1.062125
  5  38 1.062125
  5  40 1.063736
  5  63 1.082271
  5  63 1.082271
  5  63 1.082271
  5  62 1.081465
  5  61 1.080659
  5  61 1.080659
  5  61 1.080659
  5  61 1.080659
  5  63 1.082271
  5  64 1.083077
  5  86 1.100806
  5  85 1.100000
  5  85 1.100000
  5  85 1.100000
  5  84 1.099194
  5  85 1.100000
  5  86 1.100806
  5  85 1.100000
  5  85 1.100000
  5  86 1.100806
  5 109 1.119341
  5 107 1.117729
  5 106 1.116923
  5 107 1.117729
  5 107 1.117729
  5 106 1.116923
  5 108 1.118535
  5 108 1.118535
  5 107 1.117729
  5 108 1.118535
  5 130 1.136264
  5 130 1.136264
  5 129 1.135458
  5 128 1.134652
  5 131 1.137070
  5 129 1.135458
  5 130 1.136264
  5 131 1.137070
  5 131 1.137070
  5 130 1.136264
  5 151 1.153187
  5 153 1.154799
  5 152 1.153993
  5 152 1.153993
  5 152 1.153993
  5 154 1.155604
  5 154 1.155604
  5 153 1.154799
  5 154 1.155604
  5 152 1.153993
  5 175 1.172527
  5 174 1.171722
  5 175 1.172527
  5 173 1.170916
  5 176 1.173333
  5 175 1.172527
  5 176 1.173333
  5 174 1.171722
  5 176 1.173333
  5 174 1.171722
  5 197 1.190256
  5 196 1.189451
  5 197 1.190256
  5 198 1.191062
  5 198 1.191062
  5 199 1.191868
  5 197 1.190256
  5 198 1.191062
  5 196 1.189451
  5 197 1.190256
  5 219 1.207985
  5 219 1.207985
  5 221 1.209597
  5 219 1.207985
  5 221 1.209597
  5 218 1.207179
  5 218 1.207179
  5 221 1.209597
  5 218 1.207179
  5 219 1.207985
  5 242 1.226520
  5 241 1.225714
  5 242 1.226520
  5 243 1.227326
  5 242 1.226520
  5 239 1.224103
  5 241 1.225714
  5 240 1.224908
  5 241 1.225714
  5 239 1.224103
  6   9 1.245055
  6  10 1.245861
  6  11 1.246667
  6   8 1.244249
  6   8 1.244249
  6   6 1.242637
  6   7 1.243443
  6   8 1.244249
  6   8 1.244249
  6  10 1.245861
  6  32 1.263590
  6  32 1.263590
  6  32 1.263590
  6  30 1.261978
  6  30 1.261978
  6  31 1.262784
  6  30 1.261978
  6  31 1.262784
  6  31 1.262784
  6  31 1.262784
  6  53 1.280513
  6  53 1.280513
  6  53 1.280513
  6  52 1.279707
  6  54 1.281319
  6  52 1.279707
  6  54 1.281319
  6  56 1.282930
  6  55 1.282125
  6  54 1.281319
  6  76 1.299048
  6  75 1.298242
  6  75 1.298242
  6  75 1.298242
  6  76 1.299048
  6  75 1.298242
  6  77 1.299853
  6  77 1.299853
  6  78 1.300659
  6  76 1.299048
  6  98 1.316777
  6  97 1.315971
  6  97 1.315971
  6  97 1.315971
  6  98 1.316777
  6  98 1.316777
  6  99 1.317582
  6 100 1.318388
  6  99 1.317582
  6  98 1.316777
  6 120 1.334505
  6 119 1.333700
  6 119 1.333700
  6 119 1.333700
  6 120 1.334505
  6 121 1.335311
  6 122 1.336117
  6 121 1.335311
  6 120 1.334505
  6 119 1.333700
  6 142 1.352234
  6 142 1.352234
  6 143 1.353040
  6 142 1.352234
  6 143 1.353040
  6 144 1.353846
  6 143 1.353040
  6 143 1.353040
  6 142 1.352234
  6 142 1.352234
  6 165 1.370769
  6 165 1.370769
  6 165 1.370769
  6 166 1.371575
  6 167 1.372381
  6 165 1.370769
  6 166 1.371575
  6 165 1.370769
  6 164 1.369963
  6 165 1.370769
  6 187 1.388498
  6 188 1.389304
  6 188 1.389304
  6 189 1.390110
  6 188 1.389304
  6 188 1.389304
  6 186 1.387692
  6 187 1.388498
  6 187 1.388498
  6 187 1.388498
  6 210 1.407033
  6 210 1.407033
  6 210 1.407033
  6 210 1.407033
  6 209 1.406227
  6 210 1.407033
  6 209 1.406227
  6 209 1.406227
  6 209 1.406227
  6 209 1.406227
  6 232 1.424762
  6 232 1.424762
  6 233 1.425568
  6 232 1.424762
  6 231 1.423956
  6 231 1.423956
  6 230 1.423150
  6 232 1.424762
  6 231 1.423956
  6 232 1.424762
  6 255 1.443297
  6 255 1.443297
  6 254 1.442491
  6 254 1.442491
  6 253 1.441685
  6 254 1.442491
  6 253 1.441685
  6 254 1.442491
  6 255 1.443297
  6 255 1.443297
  7  22 1.461832
  7  22 1.461832
  7  20 1.460220
  7  19 1.459414
  7  20 1.460220
  7  22 1.461832
  7  21 1.461026
  7  21 1.461026
  7  22 1.461832
  7  23 1.462637
  7  44 1.479560
  7  43 1.478755
  7  43 1.478755
  7  43 1.478755
  7  43 1.478755
  7  43 1.478755
  7  44 1.479560
  7  45 1.480366
  7  45 1.480366
  7  44 1.479560
  7  65 1.496484
  7  65 1.496484
  7  65 1.496484
  7  64 1.495678
  7  65 1.496484
  7  68 1.498901
  7  68 1.498901
  7  66 1.497289
  7  65 1.496484
  7  65 1.496484
  7  88 1.515018
  7  88 1.515018
  7  88 1.515018
  7  88 1.515018
  7  89 1.515824
  7  89 1.515824
  7  89 1.515824
  7  89 1.515824
  7  89 1.515824
  7  88 1.515018
  7 110 1.532747
  7 110 1.532747
  7 110 1.532747
  7 111 1.533553
  7 111 1.533553
  7 112 1.534359
  7 113 1.535165
  7 111 1.533553
  7 108 1.531136
  7 110 1.532747
  7 134 1.552088
  7 133 1.551282
  7 133 1.551282
  7 134 1.552088
  7 135 1.552894
  7 133 1.551282
  7 133 1.551282
  7 133 1.551282
  7 132 1.550476
  7 131 1.549670
  7 156 1.569817
  7 156 1.569817
  7 157 1.570623
  7 156 1.569817
  7 155 1.569011
  7 157 1.570623
  7 155 1.569011
  7 155 1.569011
  7 156 1.569817
  7 155 1.569011
  7 179 1.588352
  7 178 1.587546
  7 179 1.588352
  7 178 1.587546
  7 178 1.587546
  7 177 1.586740
  7 177 1.586740
  7 178 1.587546
  7 176 1.585934
  7 179 1.588352
  7 200 1.605275
  7 202 1.606886
  7 200 1.605275
  7 201 1.606081
  7 199 1.604469
  7 200 1.605275
  7 199 1.604469
  7 201 1.606081
  7 199 1.604469
  7 203 1.607692
  7 223 1.623810
  7 224 1.624615
  7 222 1.623004
  7 222 1.623004
  7 221 1.622198
  7 223 1.623810
  7 222 1.623004
  7 222 1.623004
  7 224 1.624615
  7 222 1.623004
  7 240 1.637509
  7 237 1.635092
  7 238 1.635897
  7 237 1.635092
  7 236 1.634286
  7 237 1.635092
  7 238 1.635897
  7 239 1.636703
  7 238 1.635897
  7 237 1.635092
  7 234 1.632674
  7 237 1.635092
  7 232 1.631062
  7 235 1.633480
  7 239 1.636703
  7 229 1.628645
  7 238 1.635897
  7 240 1.637509
  7 229 1.628645
  7 237 1.635092
