  0  11 0.008864
  0  11 0.008864
  0  12 0.009670
  0  11 0.008864
  0  12 0.009670
  0   9 0.007253
  0  10 0.008059
  0  11 0.008864
  0  10 0.008059
  0  10 0.008059
  0  24 0.019341
  0  25 0.020147
  0  25 0.020147
  0  25 0.020147
  0  25 0.020147
  0  22 0.017729
  0  26 0.020952
  0  23 0.018535
  0  23 0.018535
  0  23 0.018535
  0  39 0.031429
  0  38 0.030623
  0  41 0.033040
  0  38 0.030623
  0  38 0.030623
  0  38 0.030623
  0  38 0.030623
  0  37 0.029817
  0  38 0.030623
  0  38 0.030623
  0  52 0.041905
  0  55 0.044322
  0  53 0.042711
  0  54 0.043516
  0  53 0.042711
  0  51 0.041099
  0  55 0.044322
  0  51 0.041099
  0  53 0.042711
  0  53 0.042711
  0  65 0.052381
  0  69 0.055604
  0  66 0.053187
  0  65 0.052381
  0  68 0.054799
  0  65 0.052381
  0  65 0.052381
  0  66 0.053187
  0  66 0.053187
  0  63 0.050769
  0  82 0.066081
  0  80 0.064469
  0  79 0.063663
  0  81 0.065275
  0  79 0.063663
  0  79 0.063663
  0  81 0.065275
  0  83 0.066886
  0  81 0.065275
  0  80 0.064469
  0  95 0.076557
  0  96 0.077363
  0  93 0.074945
  0  93 0.074945
  0  95 0.076557
  0  96 0.077363
  0  96 0.077363
  0  95 0.076557
  0  95 0.076557
  0  96 0.077363
  0 109 0.087839
  0 109 0.087839
  0 108 0.087033
  0 110 0.088645
  0 109 0.087839
  0 108 0.087033
  0 109 0.087839
  0 109 0.087839
  0 109 0.087839
  0 109 0.087839
  0 122 0.098315
  0 122 0.098315
  0 123 0.099121
  0 124 0.099927
  0 124 0.099927
  0 124 0.099927
  0 124 0.099927
  0 122 0.098315
  0 121 0.097509
  0 123 0.099121
  0 137 0.110403
  0 138 0.111209
  0 137 0.110403
  0 136 0.109597
  0 137 0.110403
  0 139 0.112015
  0 139 0.112015
  0 137 0.110403
  0 138 0.111209
  0 138 0.111209
  0 150 0.120879
  0 149 0.120073
  0 151 0.121685
  0 152 0.122491
  0 151 0.121685
  0 151 0.121685
  0 151 0.121685
  0 151 0.121685
  0 150 0.120879
  0 152 0.122491
  0 164 0.132161
  0 165 0.132967
  0 166 0.133773
  0 166 0.133773
  0 167 0.134579
  0 168 0.135385
  0 166 0.133773
  0 166 0.133773
  0 166 0.133773
  0 164 0.132161
  0 179 0.144249
  0 180 0.145055
  0 179 0.144249
  0 181 0.145861
  0 182 0.146667
  0 180 0.145055
  0 180 0.145055
  0 180 0.145055
  0 179 0.144249
  0 181 0.145861
  0 193 0.155531
  0 194 0.156337
  0 194 0.156337
  0 194 0.156337
  0 195 0.157143
  0 194 0.156337
  0 193 0.155531
  0 194 0.156337
  0 193 0.155531
  0 194 0.156337
  0 207 0.166813
  0 209 0.168425
  0 209 0.168425
  0 209 0.168425
  0 209 0.168425
  0 209 0.168425
  0 208 0.167619
  0 208 0.167619
  0 208 0.167619
  0 208 0.167619
  0 222 0.178901
  0 223 0.179707
  0 223 0.179707
  0 223 0.179707
  0 223 0.179707
  0 222 0.178901
  0 221 0.178095
  0 222 0.178901
  0 222 0.178901
  0 222 0.178901
  0 236 0.190183
  0 237 0.190989
  0 237 0.190989
  0 236 0.190183
  0 235 0.189377
  0 235 0.189377
  0 236 0.190183
  0 236 0.190183
  0 236 0.190183
  0 235 0.189377
  0 250 0.201465
  0 251 0.202271
  0 252 0.203077
  0 251 0.202271
  0 251 0.202271
  0 250 0.201465
  0 250 0.201465
  0 250 0.201465
  0 251 0.202271
  0 251 0.202271
  1   9 0.213553
  1  10 0.214359
  1   8 0.212747
  1   8 0.212747
  1   8 0.212747
  1   7 0.211941
  1   8 0.212747
  1   7 0.211941
  1   8 0.212747
  1   9 0.213553
  1  23 0.224835
  1  23 0.224835
  1  22 0.224029
  1  21 0.223223
  1  22 0.224029
  1  21 0.223223
  1  22 0.224029
  1  22 0.224029
  1  21 0.223223
  1  24 0.225641
  1  36 0.235311
  1  39 0.237729
  1  37 0.236117
  1  35 0.234505
  1  36 0.235311
  1  37 0.236117
  1  35 0.234505
  1  37 0.236117
  1  37 0.236117
  1  37 0.236117
  1  50 0.246593
  1  50 0.246593
  1  52 0.248205
  1  49 0.245788
  1  49 0.245788
  1  50 0.246593
  1  50 0.246593
  1  49 0.245788
  1  51 0.247399
  1  51 0.247399
  1  65 0.258681
  1  65 0.258681
  1  65 0.258681
  1  64 0.257875
  1  63 0.257070
  1  65 0.258681
  1  63 0.257070
  1  65 0.258681
  1  65 0.258681
  1  66 0.259487
  1  78 0.269158
  1  80 0.270769
  1  78 0.269158
  1  79 0.269963
  1  76 0.267546
  1  80 0.270769
  1  78 0.269158
  1  79 0.269963
  1  80 0.270769
  1  79 0.269963
  1  92 0.280440
  1  91 0.279634
  1  93 0.281245
  1  91 0.279634
  1  92 0.280440
  1  92 0.280440
  1  95 0.282857
  1  91 0.279634
  1  95 0.282857
  1  91 0.279634
  1 107 0.292527
  1 106 0.291722
  1 107 0.292527
  1 104 0.290110
  1 108 0.293333
  1 106 0.291722
  1 106 0.291722
  1 106 0.291722
  1 109 0.294139
  1 107 0.292527
  1 121 0.303810
  1 120 0.303004
  1 120 0.303004
  1 120 0.303004
  1 121 0.303810
  1 121 0.303810
  1 121 0.303810
  1 123 0.305421
  1 118 0.301392
  1 121 0.303810
  1 134 0.314286
  1 134 0.314286
  1 135 0.315092
  1 133 0.313480
  1 137 0.316703
  1 135 0.315092
  1 135 0.315092
  1 137 0.316703
  1 134 0.314286
  1 134 0.314286
  1 148 0.325568
  1 149 0.326374
  1 149 0.326374
  1 148 0.325568
  1 151 0.327985
  1 152 0.328791
  1 148 0.325568
  1 151 0.327985
  1 148 0.325568
  1 149 0.326374
  1 164 0.338462
  1 161 0.336044
  1 163 0.337656
  1 165 0.339267
  1 165 0.339267
  1 163 0.337656
  1 165 0.339267
  1 163 0.337656
  1 162 0.336850
  1 164 0.338462
  1 177 0.348938
  1 178 0.349744
  1 176 0.348132
  1 179 0.350549
  1 179 0.350549
  1 178 0.349744
  1 176 0.348132
  1 177 0.348938
  1 177 0.348938
  1 178 0.349744
  1 191 0.360220
  1 191 0.360220
  1 191 0.360220
  1 191 0.360220
  1 191 0.360220
  1 190 0.359414
  1 192 0.361026
  1 192 0.361026
  1 192 0.361026
  1 191 0.360220
  1 205 0.371502
  1 207 0.373114
  1 207 0.373114
  1 207 0.373114
  1 206 0.372308
  1 204 0.370696
  1 203 0.369890
  1 204 0.370696
  1 205 0.371502
  1 207 0.373114
  1 221 0.384396
  1 222 0.385201
  1 220 0.383590
  1 218 0.381978
  1 219 0.382784
  1 221 0.384396
  1 220 0.383590
  1 219 0.382784
  1 218 0.381978
  1 221 0.384396
  1 236 0.396484
  1 235 0.395678
  1 233 0.394066
  1 235 0.395678
  1 233 0.394066
  1 232 0.393260
  1 233 0.394066
  1 234 0.394872
  1 233 0.394066
  1 233 0.394066
  1 250 0.407766
  1 247 0.405348
  1 249 0.406960
  1 249 0.406960
  1 246 0.404542
  1 247 0.405348
  1 248 0.406154
  1 247 0.405348
  1 249 0.406960
  1 250 0.407766
  2   6 0.417436
  2   7 0.418242
  2   7 0.418242
  2   5 0.416630
  2   7 0.418242
  2   7 0.418242
  2   6 0.417436
  2   7 0.418242
  2   8 0.419048
  2   7 0.418242
  2  21 0.429524
  2  21 0.429524
  2  20 0.428718
  2  21 0.429524
  2  21 0.429524
  2  21 0.429524
  2  22 0.430330
  2  21 0.429524
  2  22 0.430330
  2  22 0.430330
  2  36 0.441612
  2  36 0.441612
  2  34 0.440000
  2  35 0.440806
  2  35 0.440806
  2  35 0.440806
  2  36 0.441612
  2  36 0.441612
  2  36 0.441612
  2  35 0.440806
  2  51 0.453700
  2  49 0.452088
  2  49 0.452088
  2  49 0.452088
  2  49 0.452088
  2  49 0.452088
  2  51 0.453700
  2  50 0.452894
  2  50 0.452894
  2  50 0.452894
  2  65 0.464982
  2  64 0.464176
  2  63 0.463370
  2  64 0.464176
  2  64 0.464176
  2  65 0.464982
  2  64 0.464176
  2  63 0.463370
  2  64 0.464176
  2  64 0.464176
  2  78 0.475458
  2  78 0.475458
  2  77 0.474652
  2  78 0.475458
  2  78 0.475458
  2  78 0.475458
  2  79 0.476264
  2  79 0.476264
  2  77 0.474652
  2  78 0.475458
  2  92 0.486740
  2  92 0.486740
  2  91 0.485934
  2  92 0.486740
  2  93 0.487546
  2  92 0.486740
  2  92 0.486740
  2  92 0.486740
  2  92 0.486740
  2  93 0.487546
  2 105 0.497216
  2 105 0.497216
  2 107 0.498828
  2 107 0.498828
  2 107 0.498828
  2 108 0.499634
  2 107 0.498828
  2 107 0.498828
  2 105 0.497216
  2 104 0.496410
  2 121 0.510110
  2 118 0.507692
  2 122 0.510916
  2 121 0.510110
  2 122 0.510916
  2 120 0.509304
  2 121 0.510110
  2 119 0.508498
  2 120 0.509304
  2 119 0.508498
  2 134 0.520586
  2 133 0.519780
  2 136 0.522198
  2 136 0.522198
  2 134 0.520586
  2 135 0.521392
  2 133 0.519780
  2 135 0.521392
  2 133 0.519780
  2 134 0.520586
  2 148 0.531868
  2 149 0.532674
  2 149 0.532674
  2 151 0.534286
  2 149 0.532674
  2 148 0.531868
  2 150 0.533480
  2 148 0.531868
  2 149 0.532674
  2 147 0.531062
  2 164 0.544762
  2 162 0.543150
  2 165 0.545568
  2 163 0.543956
  2 164 0.544762
  2 161 0.542344
  2 164 0.544762
  2 161 0.542344
  2 162 0.543150
  2 162 0.543150
  2 177 0.555238
  2 177 0.555238
  2 178 0.556044
  2 178 0.556044
  2 177 0.555238
  2 177 0.555238
  2 177 0.555238
  2 177 0.555238
  2 175 0.553626
  2 177 0.555238
  2 191 0.566520
  2 193 0.568132
  2 191 0.566520
  2 193 0.568132
  2 190 0.565714
  2 192 0.567326
  2 189 0.564908
  2 190 0.565714
  2 190 0.565714
  2 192 0.567326
  2 204 0.576996
  2 206 0.578608
  2 205 0.577802
  2 205 0.577802
  2 205 0.577802
  2 205 0.577802
  2 204 0.576996
  2 204 0.576996
  2 207 0.579414
  2 204 0.576996
  2 221 0.590696
  2 219 0.589084
  2 220 0.589890
  2 219 0.589084
  2 218 0.588278
  2 219 0.589084
  2 218 0.588278
  2 220 0.589890
  2 218 0.588278
  2 221 0.590696
  2 234 0.601172
  2 234 0.601172
  2 234 0.601172
  2 232 0.599560
  2 234 0.601172
  2 233 0.600366
  2 232 0.599560
  2 234 0.601172
  2 234 0.601172
  2 233 0.600366
  2 249 0.613260
  2 247 0.611648
  2 246 0.610842
  2 249 0.613260
  2 247 0.611648
  2 245 0.610037
  2 248 0.612454
  2 248 0.612454
  2 247 0.611648
  2 249 0.613260
  3   6 0.623736
  3   5 0.622930
  3   4 0.622125
  3   6 0.623736
  3   5 0.622930
  3   4 0.622125
  3   5 0.622930
  3   7 0.624542
  3   7 0.624542
  3   6 0.623736
  3  18 0.633407
  3  19 0.634212
  3  20 0.635018
  3  19 0.634212
  3  19 0.634212
  3  19 0.634212
  3  20 0.635018
  3  19 0.634212
  3  21 0.635824
  3  19 0.634212
  3  33 0.645495
  3  32 0.644689
  3  32 0.644689
  3  33 0.645495
  3  33 0.645495
  3  32 0.644689
  3  32 0.644689
  3  35 0.647106
  3  34 0.646300
  3  35 0.647106
  3  50 0.659194
  3  49 0.658388
  3  47 0.656777
  3  47 0.656777
  3  47 0.656777
  3  46 0.655971
  3  50 0.659194
  3  49 0.658388
  3  49 0.658388
  3  47 0.656777
  3  62 0.668864
  3  62 0.668864
  3  61 0.668059
  3  61 0.668059
  3  62 0.668864
  3  62 0.668864
  3  61 0.668059
  3  61 0.668059
  3  63 0.669670
  3  60 0.667253
  3  74 0.678535
  3  76 0.680147
  3  75 0.679341
  3  74 0.678535
  3  77 0.680952
  3  77 0.680952
  3  76 0.680147
  3  78 0.681758
  3  75 0.679341
  3  75 0.679341
  3  90 0.691429
  3  89 0.690623
  3  90 0.691429
  3  91 0.692234
  3  91 0.692234
  3  91 0.692234
  3  92 0.693040
  3  90 0.691429
  3  89 0.690623
  3  91 0.692234
  3 103 0.701905
  3 104 0.702711
  3 105 0.703516
  3 104 0.702711
  3 106 0.704322
  3 105 0.703516
  3 105 0.703516
  3 106 0.704322
  3 103 0.701905
  3 104 0.702711
  3 118 0.713993
  3 118 0.713993
  3 118 0.713993
  3 119 0.714799
  3 120 0.715604
  3 118 0.713993
  3 119 0.714799
  3 118 0.713993
  3 118 0.713993
  3 118 0.713993
  3 132 0.725275
  3 133 0.726081
  3 132 0.725275
  3 133 0.726081
  3 133 0.726081
  3 132 0.725275
  3 133 0.726081
  3 132 0.725275
  3 131 0.724469
  3 133 0.726081
  3 147 0.737363
  3 147 0.737363
  3 147 0.737363
  3 148 0.738168
  3 147 0.737363
  3 146 0.736557
  3 146 0.736557
  3 146 0.736557
  3 147 0.737363
  3 147 0.737363
  3 160 0.747839
  3 163 0.750256
  3 162 0.749451
  3 162 0.749451
  3 161 0.748645
  3 162 0.749451
  3 160 0.747839
  3 160 0.747839
  3 160 0.747839
  3 161 0.748645
  3 176 0.760733
  3 175 0.759927
  3 175 0.759927
  3 176 0.760733
  3 175 0.759927
  3 174 0.759121
  3 173 0.758315
  3 174 0.759121
  3 174 0.759121
  3 176 0.760733
  3 189 0.771209
  3 189 0.771209
  3 188 0.770403
  3 189 0.771209
  3 189 0.771209
  3 187 0.769597
  3 187 0.769597
  3 188 0.770403
  3 187 0.769597
  3 189 0.771209
  3 204 0.783297
  3 203 0.782491
  3 203 0.782491
  3 203 0.782491
  3 203 0.782491
  3 201 0.780879
  3 203 0.782491
  3 201 0.780879
  3 203 0.782491
  3 203 0.782491
  3 218 0.794579
  3 217 0.793773
  3 217 0.793773
  3 217 0.793773
  3 215 0.792161
  3 216 0.792967
  3 215 0.792161
  3 217 0.793773
  3 217 0.793773
  3 218 0.794579
  3 232 0.805861
  3 230 0.804249
  3 231 0.805055
  3 230 0.804249
  3 231 0.805055
  3 229 0.803443
  3 231 0.805055
  3 230 0.804249
  3 232 0.805861
  3 231 0.805055
  3 246 0.817143
  3 244 0.815531
  3 245 0.816337
  3 243 0.814725
  3 244 0.815531
  3 243 0.814725
  3 246 0.817143
  3 245 0.816337
  3 245 0.816337
  3 246 0.817143
  4   3 0.827619
  4   3 0.827619
  4   2 0.826813
  4   4 0.828425
  4   3 0.827619
  4   3 0.827619
  4   3 0.827619
  4   6 0.830037
  4   2 0.826813
  4   7 0.830842
  4  16 0.838095
  4  17 0.838901
  4  17 0.838901
  4  18 0.839707
  4  16 0.838095
  4  18 0.839707
  4  17 0.838901
  4  19 0.840513
  4  16 0.838095
  4  20 0.841319
  4  30 0.849377
  4  31 0.850183
  4  31 0.850183
  4  32 0.850989
  4  31 0.850183
  4  33 0.851795
  4  32 0.850989
  4  33 0.851795
  4  32 0.850989
  4  32 0.850989
  4  44 0.860659
  4  45 0.861465
  4  44 0.860659
  4  45 0.861465
  4  46 0.862271
  4  45 0.861465
  4  48 0.863883
  4  45 0.861465
  4  45 0.861465
  4  46 0.862271
  4  59 0.872747
  4  59 0.872747
  4  58 0.871941
  4  59 0.872747
  4  60 0.873553
  4  60 0.873553
  4  61 0.874359
  4  60 0.873553
  4  58 0.871941
  4  60 0.873553
  4  71 0.882418
  4  74 0.884835
  4  73 0.884029
  4  73 0.884029
  4  76 0.886447
  4  75 0.885641
  4  72 0.883223
  4  74 0.884835
  4  73 0.884029
  4  73 0.884029
  4  87 0.895311
  4  88 0.896117
  4  87 0.895311
  4  86 0.894505
  4  90 0.897729
  4  89 0.896923
  4  86 0.894505
  4  88 0.896117
  4  89 0.896923
  4  86 0.894505
  4 100 0.905788
  4  99 0.904982
  4 103 0.908205
  4 102 0.907399
  4 102 0.907399
  4 101 0.906593
  4 100 0.905788
  4 101 0.906593
  4 101 0.906593
  4 102 0.907399
  4 117 0.919487
  4 117 0.919487
  4 118 0.920293
  4 118 0.920293
  4 118 0.920293
  4 116 0.918681
  4 117 0.919487
  4 117 0.919487
  4 117 0.919487
  4 117 0.919487
  4 130 0.929963
  4 130 0.929963
  4 129 0.929158
  4 129 0.929158
  4 130 0.929963
  4 129 0.929158
  4 130 0.929963
  4 130 0.929963
  4 128 0.928352
  4 128 0.928352
  4 143 0.940440
  4 145 0.942051
  4 145 0.942051
  4 143 0.940440
  4 143 0.940440
  4 144 0.941245
  4 145 0.942051
  4 141 0.938828
  4 143 0.940440
  4 145 0.942051
  4 158 0.952527
  4 158 0.952527
  4 160 0.954139
  4 159 0.953333
  4 156 0.950916
  4 158 0.952527
  4 157 0.951722
  4 157 0.951722
  4 159 0.953333
  4 158 0.952527
  4 172 0.963810
  4 173 0.964615
  4 173 0.964615
  4 171 0.963004
  4 173 0.964615
  4 171 0.963004
  4 171 0.963004
  4 173 0.964615
  4 172 0.963810
  4 172 0.963810
  4 188 0.976703
  4 187 0.975897
  4 187 0.975897
  4 186 0.975092
  4 185 0.974286
  4 185 0.974286
  4 185 0.974286
  4 185 0.974286
  4 187 0.975897
  4 188 0.976703
  4 202 0.987985
  4 202 0.987985
  4 201 0.987179
  4 200 0.986374
  4 199 0.985568
  4 199 0.985568
  4 200 0.986374
  4 199 0.985568
  4 201 0.987179
  4 200 0.986374
  4 216 0.999267
  4 215 0.998462
  4 214 0.997656
  4 214 0.997656
  4 213 0.996850
  4 214 0.997656
  4 214 0.997656
  4 214 0.997656
  4 215 0.998462
  4 215 0.998462
  4 229 1.009744
  4 229 1.009744
  4 228 1.008938
  4 227 1.008132
  4 228 1.008938
  4 228 1.008938
  4 228 1.008938
  4 227 1.008132
  4 228 1.008938
  4 230 1.010549
  4 244 1.021832
  4 243 1.021026
  4 242 1.020220
  4 242 1.020220
  4 242 1.020220
  4 242 1.020220
  4 243 1.021026
  4 242 1.020220
  4 243 1.021026
  4 243 1.021026
  5   0 1.031502
  5   0 1.031502
  5   0 1.031502
  5   0 1.031502
  5   0 1.031502
  5   1 1.032308
  5   2 1.033114
  5   2 1.033114
  5   1 1.032308
  5   1 1.032308
  5   0 1.031502
  5   4 1.034725
  5   4 1.034725
  5   4 1.034725
  5   5 1.035531
  5   4 1.034725
  5   5 1.035531
  5   6 1.036337
  5   4 1.034725
  5   3 1.033919
