  0   9 0.007253
  0   6 0.004835
  0   9 0.007253
  0   7 0.005641
  0  10 0.008059
  0   8 0.006447
  0   9 0.007253
  0   6 0.004835
  0   7 0.005641
  0   7 0.005641
  0  15 0.012088
  0  15 0.012088
  0  13 0.010476
  0  17 0.013700
  0  15 0.012088
  0  16 0.012894
  0  14 0.011282
  0  15 0.012088
  0  13 0.010476
  0  14 0.011282
  0  24 0.019341
  0  24 0.019341
  0  25 0.020147
  0  22 0.017729
  0  24 0.019341
  0  22 0.017729
  0  22 0.017729
  0  23 0.018535
  0  22 0.017729
  0  24 0.019341
  0  33 0.026593
  0  32 0.025788
  0  32 0.025788
  0  32 0.025788
  0  30 0.024176
  0  30 0.024176
  0  31 0.024982
  0  31 0.024982
  0  32 0.025788
  0  31 0.024982
  0  38 0.030623
  0  40 0.032234
  0  39 0.031429
  0  38 0.030623
  0  38 0.030623
  0  39 0.031429
  0  38 0.030623
  0  38 0.030623
  0  39 0.031429
  0  39 0.031429
  0  46 0.037070
  0  47 0.037875
  0  47 0.037875
  0  47 0.037875
  0  48 0.038681
  0  48 0.038681
  0  48 0.038681
  0  47 0.037875
  0  47 0.037875
  0  45 0.036264
  0  55 0.044322
  0  56 0.045128
  0  55 0.044322
  0  56 0.045128
  0  56 0.045128
  0  55 0.044322
  0  54 0.043516
  0  55 0.044322
  0  54 0.043516
  0  56 0.045128
  0  63 0.050769
  0  64 0.051575
  0  63 0.050769
  0  62 0.049963
  0  63 0.050769
  0  62 0.049963
  0  62 0.049963
  0  62 0.049963
  0  63 0.050769
  0  65 0.052381
  0  72 0.058022
  0  71 0.057216
  0  71 0.057216
  0  70 0.056410
  0  72 0.058022
  0  72 0.058022
  0  70 0.056410
  0  70 0.056410
  0  71 0.057216
  0  72 0.058022
  0  78 0.062857
  0  79 0.063663
  0  79 0.063663
  0  78 0.062857
  0  80 0.064469
  0  79 0.063663
  0  78 0.062857
  0  79 0.063663
  0  77 0.062051
  0  78 0.062857
  0  85 0.068498
  0  88 0.070916
  0  85 0.068498
  0  86 0.069304
  0  87 0.070110
  0  88 0.070916
  0  87 0.070110
  0  86 0.069304
  0  84 0.067692
  0  87 0.070110
  0  94 0.075751
  0  94 0.075751
  0  96 0.077363
  0  97 0.078168
  0  95 0.076557
  0  93 0.074945
  0  97 0.078168
  0  94 0.075751
  0  93 0.074945
  0  93 0.074945
  0 103 0.083004
  0 103 0.083004
  0 103 0.083004
  0 102 0.082198
  0 105 0.084615
  0 102 0.082198
  0 101 0.081392
  0 102 0.082198
  0 104 0.083810
  0 103 0.083004
  0 108 0.087033
  0 112 0.090256
  0 110 0.088645
  0 110 0.088645
  0 110 0.088645
  0 111 0.089451
  0 110 0.088645
  0 109 0.087839
  0 112 0.090256
  0 112 0.090256
  0 118 0.095092
  0 120 0.096703
  0 120 0.096703
  0 116 0.093480
  0 118 0.095092
  0 119 0.095897
  0 118 0.095092
  0 119 0.095897
  0 120 0.096703
  0 119 0.095897
  0 126 0.101538
  0 128 0.103150
  0 125 0.100733
  0 125 0.100733
  0 126 0.101538
  0 127 0.102344
  0 125 0.100733
  0 128 0.103150
  0 128 0.103150
  0 125 0.100733
  0 133 0.107179
  0 133 0.107179
  0 136 0.109597
  0 132 0.106374
  0 135 0.108791
  0 135 0.108791
  0 133 0.107179
  0 134 0.107985
  0 134 0.107985
  0 135 0.108791
  0 139 0.112015
  0 143 0.115238
  0 144 0.116044
  0 143 0.115238
  0 141 0.113626
  0 143 0.115238
  0 143 0.115238
  0 142 0.114432
  0 140 0.112821
  0 143 0.115238
  0 150 0.120879
  0 150 0.120879
  0 149 0.120073
  0 149 0.120073
  0 151 0.121685
  0 151 0.121685
  0 149 0.120073
  0 148 0.119267
  0 148 0.119267
  0 150 0.120879
  0 158 0.127326
  0 161 0.129744
  0 157 0.126520
  0 156 0.125714
  0 156 0.125714
  0 156 0.125714
  0 157 0.126520
  0 156 0.125714
  0 159 0.128132
  0 159 0.128132
  0 168 0.135385
  0 166 0.133773
  0 166 0.133773
  0 165 0.132967
  0 164 0.132161
  0 165 0.132967
  0 164 0.132161
  0 165 0.132967
  0 165 0.132967
  0 163 0.131355
  0 171 0.137802
  0 172 0.138608
  0 171 0.137802
  0 174 0.140220
  0 176 0.141832
  0 175 0.141026
  0 175 0.141026
  0 174 0.140220
  0 171 0.137802
  0 173 0.139414
  0 181 0.145861
  0 181 0.145861
  0 179 0.144249
  0 181 0.145861
  0 182 0.146667
  0 183 0.147473
  0 180 0.145055
  0 183 0.147473
  0 182 0.146667
  0 180 0.145055
  0 190 0.153114
  0 188 0.151502
  0 188 0.151502
  0 191 0.153919
  0 189 0.152308
  0 191 0.153919
  0 190 0.153114
  0 189 0.152308
  0 189 0.152308
  0 188 0.151502
  0 198 0.159560
  0 196 0.157949
  0 199 0.160366
  0 195 0.157143
  0 197 0.158755
  0 195 0.157143
  0 197 0.158755
  0 195 0.157143
  0 198 0.159560
  0 196 0.157949
  0 206 0.166007
  0 204 0.164396
  0 205 0.165201
  0 206 0.166007
  0 204 0.164396
  0 204 0.164396
  0 204 0.164396
  0 206 0.166007
  0 204 0.164396
  0 206 0.166007
  0 212 0.170842
  0 213 0.171648
  0 211 0.170037
  0 213 0.171648
  0 213 0.171648
  0 213 0.171648
  0 215 0.173260
  0 213 0.171648
  0 213 0.171648
  0 212 0.170842
  0 221 0.178095
  0 221 0.178095
  0 219 0.176484
  0 220 0.177289
  0 222 0.178901
  0 221 0.178095
  0 221 0.178095
  0 221 0.178095
  0 219 0.176484
  0 220 0.177289
  0 228 0.183736
  0 229 0.184542
  0 229 0.184542
  0 228 0.183736
  0 228 0.183736
  0 229 0.184542
  0 229 0.184542
  0 228 0.183736
  0 228 0.183736
  0 229 0.184542
  0 237 0.190989
  0 237 0.190989
  0 238 0.191795
  0 237 0.190989
  0 236 0.190183
  0 235 0.189377
  0 236 0.190183
  0 236 0.190183
  0 236 0.190183
  0 237 0.190989
  0 245 0.197436
  0 244 0.196630
  0 244 0.196630
  0 244 0.196630
  0 244 0.196630
  0 244 0.196630
  0 245 0.197436
  0 244 0.196630
  0 245 0.197436
  0 246 0.198242
  0 254 0.204689
  0 253 0.203883
  0 252 0.203077
  0 251 0.202271
  0 252 0.203077
  0 252 0.203077
  0 253 0.203883
  0 254 0.204689
  0 252 0.203077
  0 253 0.203883
  1   5 0.210330
  1   4 0.209524
  1   4 0.209524
  1   4 0.209524
  1   4 0.209524
  1   7 0.211941
  1   5 0.210330
  1   4 0.209524
  1   5 0.210330
  1   5 0.210330
  1  11 0.215165
  1  12 0.215971
  1  12 0.215971
  1  12 0.215971
  1  13 0.216777
  1  13 0.216777
  1  11 0.215165
  1  12 0.215971
  1  12 0.215971
  1  12 0.215971
  1  19 0.221612
  1  21 0.223223
  1  22 0.224029
  1  21 0.223223
  1  20 0.222418
  1  20 0.222418
  1  22 0.224029
  1  21 0.223223
  1  20 0.222418
  1  20 0.222418
  1  29 0.229670
  1  29 0.229670
  1  27 0.228059
  1  28 0.228864
  1  29 0.229670
  1  30 0.230476
  1  26 0.227253
  1  28 0.228864
  1  30 0.230476
  1  30 0.230476
  1  36 0.235311
  1  38 0.236923
  1  37 0.236117
  1  37 0.236117
  1  35 0.234505
  1  37 0.236117
  1  37 0.236117
  1  36 0.235311
  1  37 0.236117
  1  37 0.236117
  1  46 0.243370
  1  43 0.240952
  1  44 0.241758
  1  46 0.243370
  1  45 0.242564
  1  43 0.240952
  1  46 0.243370
  1  46 0.243370
  1  44 0.241758
  1  44 0.241758
  1  53 0.249011
  1  52 0.248205
  1  51 0.247399
  1  54 0.249817
  1  53 0.249011
  1  52 0.248205
  1  52 0.248205
  1  53 0.249011
  1  51 0.247399
  1  51 0.247399
  1  62 0.256264
  1  59 0.253846
  1  61 0.255458
  1  62 0.256264
  1  59 0.253846
  1  60 0.254652
  1  60 0.254652
  1  59 0.253846
  1  60 0.254652
  1  61 0.255458
  1  69 0.261905
  1  68 0.261099
  1  69 0.261905
  1  70 0.262711
  1  67 0.260293
  1  68 0.261099
  1  69 0.261905
  1  66 0.259487
  1  68 0.261099
  1  68 0.261099
  1  80 0.270769
  1  76 0.267546
  1  77 0.268352
  1  77 0.268352
  1  76 0.267546
  1  75 0.266740
  1  76 0.267546
  1  78 0.269158
  1  77 0.268352
  1  76 0.267546
  1  83 0.273187
  1  85 0.274799
  1  86 0.275604
  1  84 0.273993
  1  82 0.272381
  1  84 0.273993
  1  85 0.274799
  1  85 0.274799
  1  83 0.273187
  1  84 0.273993
  1  91 0.279634
  1  93 0.281245
  1  94 0.282051
  1  92 0.280440
  1  93 0.281245
  1  91 0.279634
  1  91 0.279634
  1  90 0.278828
  1  93 0.281245
  1  92 0.280440
  1 101 0.287692
  1 101 0.287692
  1 100 0.286886
  1 101 0.287692
  1  98 0.285275
  1  99 0.286081
  1  98 0.285275
  1  99 0.286081
  1  99 0.286081
  1  98 0.285275
  1 109 0.294139
  1 109 0.294139
  1 108 0.293333
  1 108 0.293333
  1 107 0.292527
  1 105 0.290916
  1 106 0.291722
  1 107 0.292527
  1 110 0.294945
  1 108 0.293333
  1 116 0.299780
  1 116 0.299780
  1 114 0.298168
  1 117 0.300586
  1 116 0.299780
  1 115 0.298974
  1 116 0.299780
  1 118 0.301392
  1 116 0.299780
  1 115 0.298974
  1 123 0.305421
  1 124 0.306227
  1 124 0.306227
  1 125 0.307033
  1 123 0.305421
  1 124 0.306227
  1 124 0.306227
  1 123 0.305421
  1 126 0.307839
  1 122 0.304615
  1 133 0.313480
  1 131 0.311868
  1 132 0.312674
  1 131 0.311868
  1 133 0.313480
  1 134 0.314286
  1 133 0.313480
  1 131 0.311868
  1 132 0.312674
  1 131 0.311868
  1 140 0.319121
  1 138 0.317509
  1 140 0.319121
  1 139 0.318315
  1 142 0.320733
  1 139 0.318315
  1 141 0.319927
  1 138 0.317509
  1 139 0.318315
  1 138 0.317509
  1 148 0.325568
  1 148 0.325568
  1 147 0.324762
  1 149 0.326374
  1 146 0.323956
  1 149 0.326374
  1 147 0.324762
  1 148 0.325568
  1 148 0.325568
  1 146 0.323956
  1 157 0.332821
  1 155 0.331209
  1 156 0.332015
  1 155 0.331209
  1 154 0.330403
  1 156 0.332015
  1 156 0.332015
  1 155 0.331209
  1 156 0.332015
  1 157 0.332821
  1 164 0.338462
  1 162 0.336850
  1 162 0.336850
  1 164 0.338462
  1 163 0.337656
  1 163 0.337656
  1 164 0.338462
  1 164 0.338462
  1 164 0.338462
  1 164 0.338462
  1 172 0.344908
  1 172 0.344908
  1 171 0.344103
  1 170 0.343297
  1 171 0.344103
  1 172 0.344908
  1 172 0.344908
  1 171 0.344103
  1 171 0.344103
  1 170 0.343297
  1 179 0.350549
  1 178 0.349744
  1 179 0.350549
  1 180 0.351355
  1 180 0.351355
  1 179 0.350549
  1 179 0.350549
  1 178 0.349744
  1 178 0.349744
  1 178 0.349744
  1 188 0.357802
  1 187 0.356996
  1 189 0.358608
  1 188 0.357802
  1 188 0.357802
  1 187 0.356996
  1 186 0.356190
  1 187 0.356996
  1 187 0.356996
  1 187 0.356996
  1 194 0.362637
  1 195 0.363443
  1 195 0.363443
  1 195 0.363443
  1 195 0.363443
  1 195 0.363443
  1 195 0.363443
  1 195 0.363443
  1 195 0.363443
  1 195 0.363443
  1 203 0.369890
  1 203 0.369890
  1 203 0.369890
  1 203 0.369890
  1 203 0.369890
  1 201 0.368278
  1 202 0.369084
  1 202 0.369084
  1 203 0.369890
  1 203 0.369890
  1 210 0.375531
  1 211 0.376337
  1 211 0.376337
  1 211 0.376337
  1 211 0.376337
  1 211 0.376337
  1 210 0.375531
  1 211 0.376337
  1 214 0.378755
  1 211 0.376337
  1 218 0.381978
  1 218 0.381978
  1 219 0.382784
  1 218 0.381978
  1 218 0.381978
  1 220 0.383590
  1 221 0.384396
  1 218 0.381978
  1 218 0.381978
  1 220 0.383590
  1 227 0.389231
  1 226 0.388425
  1 224 0.386813
  1 229 0.390842
  1 228 0.390037
  1 226 0.388425
  1 227 0.389231
  1 228 0.390037
  1 227 0.389231
  1 225 0.387619
  1 233 0.394066
  1 236 0.396484
  1 235 0.395678
  1 234 0.394872
  1 236 0.396484
  1 236 0.396484
  1 235 0.395678
  1 232 0.393260
  1 235 0.395678
  1 235 0.395678
  1 242 0.401319
  1 243 0.402125
  1 245 0.403736
  1 243 0.402125
  1 240 0.399707
  1 244 0.402930
  1 241 0.400513
  1 242 0.401319
  1 242 0.401319
  1 243 0.402125
  1 251 0.408571
  1 251 0.408571
  1 252 0.409377
  1 248 0.406154
  1 251 0.408571
  1 251 0.408571
  1 249 0.406960
  1 251 0.408571
  1 253 0.410183
  1 251 0.408571
  2   1 0.413407
  2   5 0.416630
  2   2 0.414212
  2   3 0.415018
  2   4 0.415824
  2   4 0.415824
  2   3 0.415018
  2   3 0.415018
  2   6 0.417436
  2   2 0.414212
  2  11 0.421465
  2  12 0.422271
  2  12 0.422271
  2   9 0.419853
  2  11 0.421465
  2  12 0.422271
  2  14 0.423883
  2  10 0.420659
  2  11 0.421465
  2  13 0.423077
  2  19 0.427912
  2  17 0.426300
  2  18 0.427106
  2  22 0.430330
  2  20 0.428718
  2  18 0.427106
  2  19 0.427912
  2  21 0.429524
  2  20 0.428718
  2  19 0.427912
  2  25 0.432747
  2  26 0.433553
  2  29 0.435971
  2  29 0.435971
  2  27 0.434359
  2  26 0.433553
  2  25 0.432747
  2  24 0.431941
  2  29 0.435971
  2  27 0.434359
  2  36 0.441612
  2  35 0.440806
  2  34 0.440000
  2  34 0.440000
  2  34 0.440000
  2  35 0.440806
  2  33 0.439194
  2  35 0.440806
  2  36 0.441612
  2  36 0.441612
  2  46 0.449670
  2  44 0.448059
  2  44 0.448059
  2  44 0.448059
  2  42 0.446447
  2  44 0.448059
  2  45 0.448864
  2  44 0.448059
  2  44 0.448059
  2  42 0.446447
  2  49 0.452088
  2  50 0.452894
  2  51 0.453700
  2  52 0.454505
  2  49 0.452088
  2  49 0.452088
  2  51 0.453700
  2  53 0.455311
  2  52 0.454505
  2  49 0.452088
  2  57 0.458535
  2  59 0.460147
  2  57 0.458535
  2  59 0.460147
  2  61 0.461758
  2  58 0.459341
  2  60 0.460952
  2  58 0.459341
  2  57 0.458535
  2  60 0.460952
  2  65 0.464982
  2  67 0.466593
  2  66 0.465788
  2  67 0.466593
  2  67 0.466593
  2  66 0.465788
  2  67 0.466593
  2  65 0.464982
  2  65 0.464982
  2  64 0.464176
  2  74 0.472234
  2  75 0.473040
  2  74 0.472234
  2  75 0.473040
  2  73 0.471429
  2  75 0.473040
  2  73 0.471429
  2  74 0.472234
  2  73 0.471429
  2  75 0.473040
  2  82 0.478681
  2  84 0.480293
  2  82 0.478681
  2  83 0.479487
  2  81 0.477875
  2  82 0.478681
  2  83 0.479487
  2  82 0.478681
  2  83 0.479487
  2  81 0.477875
  2  91 0.485934
  2  89 0.484322
  2  90 0.485128
  2  90 0.485128
  2  89 0.484322
  2  90 0.485128
  2  90 0.485128
  2  90 0.485128
  2  91 0.485934
  2  90 0.485128
  2  97 0.490769
  2  98 0.491575
  2  98 0.491575
  2  98 0.491575
  2  98 0.491575
  2  99 0.492381
  2  99 0.492381
  2  97 0.490769
  2  97 0.490769
  2  97 0.490769
  2 106 0.498022
  2 106 0.498022
  2 105 0.497216
  2 105 0.497216
  2 105 0.497216
  2 107 0.498828
  2 106 0.498022
  2 105 0.497216
  2 105 0.497216
  2 105 0.497216
  2 112 0.502857
  2 112 0.502857
  2 112 0.502857
  2 112 0.502857
  2 113 0.503663
  2 113 0.503663
  2 113 0.503663
  2 113 0.503663
  2 112 0.502857
  2 112 0.502857
  2 120 0.509304
  2 121 0.510110
  2 121 0.510110
  2 122 0.510916
  2 122 0.510916
  2 121 0.510110
  2 121 0.510110
  2 121 0.510110
  2 119 0.508498
  2 120 0.509304
  2 129 0.516557
  2 131 0.518168
  2 129 0.516557
  2 130 0.517363
  2 128 0.515751
  2 128 0.515751
  2 128 0.515751
  2 128 0.515751
  2 129 0.516557
  2 128 0.515751
  2 138 0.523810
  2 137 0.523004
  2 136 0.522198
  2 138 0.523810
  2 137 0.523004
  2 136 0.522198
  2 136 0.522198
  2 137 0.523004
  2 138 0.523810
  2 138 0.523810
  2 147 0.531062
  2 145 0.529451
  2 145 0.529451
  2 145 0.529451
  2 144 0.528645
  2 144 0.528645
  2 144 0.528645
  2 146 0.530256
  2 147 0.531062
  2 145 0.529451
  2 152 0.535092
  2 152 0.535092
  2 153 0.535897
  2 154 0.536703
  2 152 0.535092
  2 152 0.535092
  2 154 0.536703
  2 154 0.536703
  2 152 0.535092
  2 152 0.535092
  2 160 0.541538
  2 163 0.543956
  2 159 0.540733
  2 162 0.543150
  2 163 0.543956
  2 160 0.541538
  2 160 0.541538
  2 161 0.542344
  2 162 0.543150
  2 160 0.541538
  2 168 0.547985
  2 169 0.548791
  2 171 0.550403
  2 168 0.547985
  2 168 0.547985
  2 168 0.547985
  2 171 0.550403
  2 167 0.547179
  2 168 0.547985
  2 170 0.549597
  2 177 0.555238
  2 176 0.554432
  2 178 0.556044
  2 179 0.556850
  2 175 0.553626
  2 177 0.555238
  2 177 0.555238
  2 176 0.554432
  2 176 0.554432
  2 178 0.556044
  2 187 0.563297
  2 183 0.560073
  2 187 0.563297
  2 184 0.560879
  2 184 0.560879
  2 185 0.561685
  2 184 0.560879
  2 183 0.560073
  2 187 0.563297
  2 188 0.564103
  2 191 0.566520
  2 193 0.568132
  2 192 0.567326
  2 191 0.566520
  2 192 0.567326
  2 194 0.568938
  2 192 0.567326
  2 191 0.566520
  2 194 0.568938
  2 192 0.567326
  2 199 0.572967
  2 200 0.573773
  2 201 0.574579
  2 199 0.572967
  2 200 0.573773
  2 201 0.574579
  2 203 0.576190
  2 199 0.572967
  2 199 0.572967
  2 201 0.574579
  2 208 0.580220
  2 207 0.579414
  2 206 0.578608
  2 210 0.581832
  2 209 0.581026
  2 208 0.580220
  2 207 0.579414
  2 210 0.581832
  2 209 0.581026
  2 209 0.581026
  2 209 0.581026
  2 213 0.584249
  2 215 0.585861
  2 215 0.585861
  2 212 0.583443
  2 212 0.583443
  2 211 0.582637
  2 213 0.584249
  2 213 0.584249
  2 212 0.583443
