  0   5 0.004029
  0   6 0.004835
  0   4 0.003223
  0   5 0.004029
  0   7 0.005641
  0   5 0.004029
  0   5 0.004029
  0   8 0.006447
  0   8 0.006447
  0   5 0.004029
  0   8 0.006447
  0   8 0.006447
  0   5 0.004029
  0   4 0.003223
  0   6 0.004835
  0   7 0.005641
  0   6 0.004835
  0   5 0.004029
  0   9 0.007253
  0   8 0.006447
  0   8 0.006447
  0   7 0.005641
  0   7 0.005641
  0   8 0.006447
  0   9 0.007253
  0   9 0.007253
  0   9 0.007253
  0   7 0.005641
  0   8 0.006447
  0   7 0.005641
  0   9 0.007253
  0   8 0.006447
  0   8 0.006447
  0  10 0.008059
  0  10 0.008059
  0   9 0.007253
  0  10 0.008059
  0   8 0.006447
  0   8 0.006447
  0   8 0.006447
  0  11 0.008864
  0  11 0.008864
  0  12 0.009670
  0  12 0.009670
  0  13 0.010476
  0  12 0.009670
  0  11 0.008864
  0  12 0.009670
  0  10 0.008059
  0  11 0.008864
  0  12 0.009670
  0  12 0.009670
  0  13 0.010476
  0  13 0.010476
  0  11 0.008864
  0  13 0.010476
  0  12 0.009670
  0  11 0.008864
  0  11 0.008864
  0  13 0.010476
  0  14 0.011282
  0  13 0.010476
  0  15 0.012088
  0  15 0.012088
  0  13 0.010476
  0  14 0.011282
  0  12 0.009670
  0  14 0.011282
  0  15 0.012088
  0  13 0.010476
  0  16 0.012894
  0  16 0.012894
  0  15 0.012088
  0  16 0.012894
  0  15 0.012088
  0  14 0.011282
  0  14 0.011282
  0  16 0.012894
  0  16 0.012894
  0  15 0.012088
  0  17 0.013700
  0  17 0.013700
  0  17 0.013700
  0  16 0.012894
  0  17 0.013700
  0  16 0.012894
  0  17 0.013700
  0  15 0.012088
  0  16 0.012894
  0  17 0.013700
  0  17 0.013700
  0  18 0.014505
  0  17 0.013700
  0  19 0.015311
  0  18 0.014505
  0  16 0.012894
  0  18 0.014505
  0  18 0.014505
  0  18 0.014505
  0  17 0.013700
  0  18 0.014505
  0  20 0.016117
  0  20 0.016117
  0  19 0.015311
  0  18 0.014505
  0  19 0.015311
  0  17 0.013700
  0  17 0.013700
  0  19 0.015311
  0  18 0.014505
  0  18 0.014505
  0  18 0.014505
  0  18 0.014505
  0  18 0.014505
  0  20 0.016117
  0  18 0.014505
  0  20 0.016117
  0  19 0.015311
  0  17 0.013700
  0  19 0.015311
  0  19 0.015311
  0  19 0.015311
  0  20 0.016117
  0  19 0.015311
  0  20 0.016117
  0  22 0.017729
  0  21 0.016923
  0  23 0.018535
  0  21 0.016923
  0  20 0.016117
  0  23 0.018535
  0  24 0.019341
  0  25 0.020147
  0  25 0.020147
  0  25 0.020147
  0  25 0.020147
  0  21 0.016923
  0  22 0.017729
  0  20 0.016117
  0  21 0.016923
  0  23 0.018535
  0  23 0.018535
  0  26 0.020952
  0  25 0.020147
  0  25 0.020147
  0  22 0.017729
  0  22 0.017729
  0  21 0.016923
  0  23 0.018535
  0  26 0.020952
  0  26 0.020952
  0  27 0.021758
  0  26 0.020952
  0  27 0.021758
  0  24 0.019341
  0  24 0.019341
  0  24 0.019341
  0  23 0.018535
  0  24 0.019341
  0  24 0.019341
  0  28 0.022564
  0  29 0.023370
  0  29 0.023370
  0  28 0.022564
  0  27 0.021758
  0  29 0.023370
  0  25 0.020147
  0  24 0.019341
  0  25 0.020147
  0  26 0.020952
  0  28 0.022564
  0  27 0.021758
  0  30 0.024176
  0  28 0.022564
  0  29 0.023370
  0  28 0.022564
  0  27 0.021758
  0  28 0.022564
  0  27 0.021758
  0  27 0.021758
  0  29 0.023370
  0  28 0.022564
  0  28 0.022564
  0  27 0.021758
  0  29 0.023370
  0  30 0.024176
  0  31 0.024982
  0  32 0.025788
  0  30 0.024176
  0  31 0.024982
  0  33 0.026593
  0  32 0.025788
  0  32 0.025788
  0  32 0.025788
  0  29 0.023370
  0  30 0.024176
  0  32 0.025788
  0  31 0.024982
  0  30 0.024176
  0  29 0.023370
  0  29 0.023370
  0  30 0.024176
  0  32 0.025788
  0  32 0.025788
  0  35 0.028205
  0  35 0.028205
  0  34 0.027399
  0  34 0.027399
  0  32 0.025788
  0  30 0.024176
  0  31 0.024982
  0  33 0.026593
  0  33 0.026593
  0  31 0.024982
  0  32 0.025788
  0  33 0.026593
  0  34 0.027399
  0  31 0.024982
  0  35 0.028205
  0  35 0.028205
  0  32 0.025788
  0  38 0.030623
  0  32 0.025788
  0  33 0.026593
  0  35 0.028205
  0  34 0.027399
  0  36 0.029011
  0  33 0.026593
  0  35 0.028205
  0  34 0.027399
  0  35 0.028205
  0  35 0.028205
  0  35 0.028205
  0  38 0.030623
  0  35 0.028205
  0  38 0.030623
  0  38 0.030623
  0  35 0.028205
  0  38 0.030623
  0  35 0.028205
  0  36 0.029011
  0  38 0.030623
  0  36 0.029011
  0  36 0.029011
  0  37 0.029817
  0  35 0.028205
  0  36 0.029011
  0  38 0.030623
  0  36 0.029011
  0  36 0.029011
  0  40 0.032234
  0  38 0.030623
  0  37 0.029817
  0  39 0.031429
  0  39 0.031429
  0  37 0.029817
  0  37 0.029817
  0  40 0.032234
  0  40 0.032234
  0  41 0.033040
  0  39 0.031429
  0  39 0.031429
  0  40 0.032234
  0  40 0.032234
  0  40 0.032234
  0  39 0.031429
  0  39 0.031429
  0  39 0.031429
  0  38 0.030623
  0  41 0.033040
  0  43 0.034652
  0  43 0.034652
  0  42 0.033846
  0  43 0.034652
  0  43 0.034652
  0  41 0.033040
  0  41 0.033040
  0  42 0.033846
  0  42 0.033846
  0  42 0.033846
  0  44 0.035458
  0  44 0.035458
  0  42 0.033846
  0  42 0.033846
  0  43 0.034652
  0  41 0.033040
  0  43 0.034652
  0  41 0.033040
  0  42 0.033846
  0  42 0.033846
  0  44 0.035458
  0  46 0.037070
  0  44 0.035458
  0  42 0.033846
  0  43 0.034652
  0  43 0.034652
  0  44 0.035458
  0  43 0.034652
  0  44 0.035458
  0  44 0.035458
  0  46 0.037070
  0  44 0.035458
  0  45 0.036264
  0  45 0.036264
  0  45 0.036264
  0  45 0.036264
  0  45 0.036264
  0  44 0.035458
  0  46 0.037070
  0  46 0.037070
  0  47 0.037875
  0  47 0.037875
  0  46 0.037070
  0  46 0.037070
  0  46 0.037070
  0  47 0.037875
  0  46 0.037070
  0  48 0.038681
  0  47 0.037875
  0  48 0.038681
  0  48 0.038681
  0  49 0.039487
  0  48 0.038681
  0  48 0.038681
  0  48 0.038681
  0  49 0.039487
  0  49 0.039487
  0  48 0.038681
  0  49 0.039487
  0  48 0.038681
  0  50 0.040293
  0  50 0.040293
  0  49 0.039487
  0  49 0.039487
  0  51 0.041099
  0  51 0.041099
  0  49 0.039487
  0  51 0.041099
  0  48 0.038681
  0  48 0.038681
  0  50 0.040293
  0  51 0.041099
  0  49 0.039487
  0  50 0.040293
  0  51 0.041099
  0  51 0.041099
  0  50 0.040293
  0  52 0.041905
  0  51 0.041099
  0  51 0.041099
  0  52 0.041905
  0  53 0.042711
  0  52 0.041905
  0  55 0.044322
  0  53 0.042711
  0  53 0.042711
  0  54 0.043516
  0  53 0.042711
  0  53 0.042711
  0  54 0.043516
  0  54 0.043516
  0  55 0.044322
  0  56 0.045128
  0  55 0.044322
  0  57 0.045934
  0  54 0.043516
  0  54 0.043516
  0  52 0.041905
  0  53 0.042711
  0  55 0.044322
  0  54 0.043516
  0  55 0.044322
  0  55 0.044322
  0  53 0.042711
  0  53 0.042711
  0  52 0.041905
  0  53 0.042711
  0  54 0.043516
  0  55 0.044322
  0  56 0.045128
  0  57 0.045934
  0  59 0.047546
  0  57 0.045934
  0  54 0.043516
  0  54 0.043516
  0  54 0.043516
  0  56 0.045128
  0  54 0.043516
  0  57 0.045934
  0  57 0.045934
  0  58 0.046740
  0  58 0.046740
  0  57 0.045934
  0  56 0.045128
  0  53 0.042711
  0  57 0.045934
  0  57 0.045934
  0  59 0.047546
  0  60 0.048352
  0  59 0.047546
  0  62 0.049963
  0  58 0.046740
  0  57 0.045934
  0  57 0.045934
  0  56 0.045128
  0  56 0.045128
  0  55 0.044322
  0  58 0.046740
  0  60 0.048352
  0  61 0.049158
  0  63 0.050769
  0  61 0.049158
  0  61 0.049158
  0  59 0.047546
  0  57 0.045934
  0  57 0.045934
  0  57 0.045934
  0  58 0.046740
  0  58 0.046740
  0  62 0.049963
  0  62 0.049963
  0  62 0.049963
  0  63 0.050769
  0  62 0.049963
  0  64 0.051575
  0  61 0.049158
  0  61 0.049158
  0  61 0.049158
  0  62 0.049963
  0  62 0.049963
  0  61 0.049158
  0  61 0.049158
  0  62 0.049963
  0  60 0.048352
  0  61 0.049158
  0  62 0.049963
  0  61 0.049158
  0  63 0.050769
  0  63 0.050769
  0  62 0.049963
  0  66 0.053187
  0  66 0.053187
  0  64 0.051575
  0  66 0.053187
  0  65 0.052381
  0  63 0.050769
  0  64 0.051575
  0  63 0.050769
  0  62 0.049963
  0  62 0.049963
  0  67 0.053993
  0  67 0.053993
  0  64 0.051575
  0  64 0.051575
  0  63 0.050769
  0  69 0.055604
  0  67 0.053993
  0  64 0.051575
  0  63 0.050769
  0  68 0.054799
  0  68 0.054799
  0  65 0.052381
  0  69 0.055604
  0  64 0.051575
  0  66 0.053187
  0  68 0.054799
  0  65 0.052381
  0  69 0.055604
  0  65 0.052381
  0  67 0.053993
  0  65 0.052381
  0  70 0.056410
  0  67 0.053993
  0  71 0.057216
  0  66 0.053187
  0  71 0.057216
  0  66 0.053187
  0  67 0.053993
  0  69 0.055604
  0  66 0.053187
  0  71 0.057216
  0  70 0.056410
  0  69 0.055604
  0  71 0.057216
  0  70 0.056410
  0  68 0.054799
  0  71 0.057216
  0  67 0.053993
  0  66 0.053187
  0  70 0.056410
  0  70 0.056410
  0  69 0.055604
  0  72 0.058022
  0  71 0.057216
  0  69 0.055604
  0  70 0.056410
  0  71 0.057216
  0  70 0.056410
  0  70 0.056410
  0  71 0.057216
  0  73 0.058828
  0  71 0.057216
  0  71 0.057216
  0  71 0.057216
  0  72 0.058022
  0  71 0.057216
  0  70 0.056410
  0  70 0.056410
  0  72 0.058022
  0  73 0.058828
  0  74 0.059634
  0  74 0.059634
  0  73 0.058828
  0  72 0.058022
  0  72 0.058022
  0  71 0.057216
  0  72 0.058022
  0  72 0.058022
  0  72 0.058022
  0  73 0.058828
  0  73 0.058828
  0  73 0.058828
  0  72 0.058022
  0  74 0.059634
  0  75 0.060440
  0  75 0.060440
  0  74 0.059634
  0  75 0.060440
  0  73 0.058828
  0  74 0.059634
  0  76 0.061245
  0  77 0.062051
  0  75 0.060440
  0  75 0.060440
  0  74 0.059634
  0  75 0.060440
  0  75 0.060440
  0  77 0.062051
  0  74 0.059634
  0  76 0.061245
  0  78 0.062857
  0  76 0.061245
  0  76 0.061245
  0  77 0.062051
  0  77 0.062051
  0  75 0.060440
  0  77 0.062051
  0  78 0.062857
  0  76 0.061245
  0  77 0.062051
  0  79 0.063663
  0  78 0.062857
  0  78 0.062857
  0  77 0.062051
  0  78 0.062857
  0  78 0.062857
  0  78 0.062857
  0  80 0.064469
  0  78 0.062857
  0  79 0.063663
  0  79 0.063663
  0  80 0.064469
  0  78 0.062857
  0  80 0.064469
  0  79 0.063663
  0  80 0.064469
  0  80 0.064469
  0  80 0.064469
  0  79 0.063663
  0  79 0.063663
  0  81 0.065275
  0  81 0.065275
  0  81 0.065275
  0  79 0.063663
  0  80 0.064469
  0  82 0.066081
  0  81 0.065275
  0  81 0.065275
  0  82 0.066081
  0  80 0.064469
  0  83 0.066886
  0  83 0.066886
  0  81 0.065275
  0  81 0.065275
  0  83 0.066886
  0  84 0.067692
  0  83 0.066886
  0  84 0.067692
  0  80 0.064469
  0  80 0.064469
  0  81 0.065275
  0  82 0.066081
  0  82 0.066081
  0  84 0.067692
  0  85 0.068498
  0  82 0.066081
  0  84 0.067692
  0  83 0.066886
  0  83 0.066886
  0  84 0.067692
  0  84 0.067692
  0  84 0.067692
  0  85 0.068498
  0  84 0.067692
  0  86 0.069304
  0  84 0.067692
  0  83 0.066886
  0  83 0.066886
  0  83 0.066886
  0  84 0.067692
  0  85 0.068498
  0  84 0.067692
  0  85 0.068498
  0  85 0.068498
  0  84 0.067692
  0  85 0.068498
  0  84 0.067692
  0  86 0.069304
  0  87 0.070110
  0  86 0.069304
  0  88 0.070916
  0  88 0.070916
  0  90 0.072527
  0  87 0.070110
  0  86 0.069304
  0  86 0.069304
  0  87 0.070110
  0  88 0.070916
  0  87 0.070110
  0  89 0.071722
  0  88 0.070916
  0  88 0.070916
  0  87 0.070110
  0  87 0.070110
  0  88 0.070916
  0  86 0.069304
  0  90 0.072527
  0  90 0.072527
  0  90 0.072527
  0  90 0.072527
  0  92 0.074139
  0  91 0.073333
  0  89 0.071722
  0  89 0.071722
  0  88 0.070916
  0  88 0.070916
  0  89 0.071722
  0  89 0.071722
  0  92 0.074139
  0  92 0.074139
  0  94 0.075751
  0  94 0.075751
  0  92 0.074139
  0  92 0.074139
  0  89 0.071722
  0  90 0.072527
  0  89 0.071722
  0  90 0.072527
  0  90 0.072527
  0  91 0.073333
  0  95 0.076557
  0  94 0.075751
  0  96 0.077363
  0  94 0.075751
  0  95 0.076557
  0  95 0.076557
  0  91 0.073333
  0  92 0.074139
  0  92 0.074139
  0  91 0.073333
  0  93 0.074945
  0  91 0.073333
  0  92 0.074139
  0  92 0.074139
  0  91 0.073333
  0  93 0.074945
  0  92 0.074139
  0  94 0.075751
  0  95 0.076557
  0  93 0.074945
  0  93 0.074945
  0  93 0.074945
  0  92 0.074139
  0  92 0.074139
  0  94 0.075751
  0  95 0.076557
  0  98 0.078974
  0  98 0.078974
  0  97 0.078168
  0  98 0.078974
  0  97 0.078168
  0  94 0.075751
  0  93 0.074945
  0  95 0.076557
  0  97 0.078168
  0  98 0.078974
  0  94 0.075751
  0  96 0.077363
  0  95 0.076557
  0  99 0.079780
  0  97 0.078168
  0  94 0.075751
  0  97 0.078168
  0  99 0.079780
  0  95 0.076557
  0  99 0.079780
  0 100 0.080586
  0  97 0.078168
  0 100 0.080586
  0  95 0.076557
  0  99 0.079780
  0  97 0.078168
  0 101 0.081392
  0  99 0.079780
  0 100 0.080586
  0  98 0.078974
  0 102 0.082198
  0  97 0.078168
  0 101 0.081392
  0 100 0.080586
  0 100 0.080586
  0 101 0.081392
  0  98 0.078974
  0 100 0.080586
  0 101 0.081392
  0 100 0.080586
  0 101 0.081392
  0  99 0.079780
  0  98 0.078974
  0 101 0.081392
  0 101 0.081392
  0 101 0.081392
  0 103 0.083004
  0 104 0.083810
  0 102 0.082198
  0 104 0.083810
  0 104 0.083810
  0 101 0.081392
  0 102 0.082198
  0 102 0.082198
  0 102 0.082198
  0 101 0.081392
  0 103 0.083004
  0 105 0.084615
  0 105 0.084615
  0 103 0.083004
  0 102 0.082198
  0 103 0.083004
  0 104 0.083810
  0 104 0.083810
  0 104 0.083810
  0 104 0.083810
  0 105 0.084615
  0 107 0.086227
  0 106 0.085421
  0 107 0.086227
  0 106 0.085421
  0 105 0.084615
  0 104 0.083810
  0 103 0.083004
  0 107 0.086227
  0 105 0.084615
  0 108 0.087033
  0 108 0.087033
  0 106 0.085421
  0 106 0.085421
  0 106 0.085421
  0 105 0.084615
  0 105 0.084615
  0 105 0.084615
  0 108 0.087033
  0 109 0.087839
  0 109 0.087839
  0 107 0.086227
  0 107 0.086227
  0 107 0.086227
  0 107 0.086227
  0 108 0.087033
  0 106 0.085421
  0 106 0.085421
  0 110 0.088645
  0 110 0.088645
  0 107 0.086227
  0 109 0.087839
  0 109 0.087839
  0 109 0.087839
  0 108 0.087033
  0 108 0.087033
  0 109 0.087839
  0 108 0.087033
  0 110 0.088645
  0 111 0.089451
  0 110 0.088645
  0 109 0.087839
  0 111 0.089451
  0 108 0.087033
  0 110 0.088645
  0 108 0.087033
  0 109 0.087839
  0 110 0.088645
  0 111 0.089451
  0 112 0.090256
  0 111 0.089451
  0 112 0.090256
  0 111 0.089451
  0 111 0.089451
  0 111 0.089451
  0 112 0.090256
  0 112 0.090256
  0 111 0.089451
  0 113 0.091062
  0 113 0.091062
  0 112 0.090256
  0 112 0.090256
  0 110 0.088645
  0 112 0.090256
  0 113 0.091062
  0 113 0.091062
  0 114 0.091868
  0 113 0.091062
  0 115 0.092674
  0 112 0.090256
  0 113 0.091062
  0 115 0.092674
  0 114 0.091868
  0 113 0.091062
  0 113 0.091062
  0 114 0.091868
  0 116 0.093480
  0 115 0.092674
  0 114 0.091868
  0 115 0.092674
  0 114 0.091868
  0 113 0.091062
  0 114 0.091868
  0 114 0.091868
  0 114 0.091868
  0 115 0.092674
  0 114 0.091868
  0 115 0.092674
  0 117 0.094286
  0 115 0.092674
  0 115 0.092674
  0 116 0.093480
  0 114 0.091868
  0 116 0.093480
  0 116 0.093480
  0 116 0.093480
  0 116 0.093480
  0 115 0.092674
  0 116 0.093480
  0 117 0.094286
  0 115 0.092674
  0 116 0.093480
  0 117 0.094286
  0 117 0.094286
  0 117 0.094286
  0 116 0.093480
  0 117 0.094286
  0 119 0.095897
  0 119 0.095897
  0 121 0.097509
  0 120 0.096703
  0 121 0.097509
  0 120 0.096703
  0 119 0.095897
  0 119 0.095897
  0 117 0.094286
  0 118 0.095092
  0 117 0.094286
  0 121 0.097509
  0 121 0.097509
  0 121 0.097509
  0 120 0.096703
  0 120 0.096703
  0 121 0.097509
  0 117 0.094286
  0 120 0.096703
  0 120 0.096703
  0 123 0.099121
  0 124 0.099927
  0 123 0.099121
  0 125 0.100733
  0 122 0.098315
  0 121 0.097509
  0 120 0.096703
  0 120 0.096703
  0 121 0.097509
  0 119 0.095897
  0 123 0.099121
  0 124 0.099927
  0 126 0.101538
  0 126 0.101538
  0 125 0.100733
  0 126 0.101538
  0 122 0.098315
  0 121 0.097509
  0 119 0.095897
  0 121 0.097509
  0 120 0.096703
  0 121 0.097509
  0 126 0.101538
  0 126 0.101538
  0 127 0.102344
  0 127 0.102344
  0 126 0.101538
  0 127 0.102344
  0 124 0.099927
  0 122 0.098315
  0 124 0.099927
  0 124 0.099927
  0 126 0.101538
  0 123 0.099121
  0 124 0.099927
  0 124 0.099927
  0 123 0.099121
  0 123 0.099121
  0 123 0.099121
  0 124 0.099927
  0 126 0.101538
