  0  29 0.023370
  0  26 0.020952
  0  26 0.020952
  0  25 0.020147
  0  25 0.020147
  0  26 0.020952
  0  27 0.021758
  0  28 0.022564
  0  27 0.021758
  0  27 0.021758
  0  66 0.053187
  0  66 0.053187
  0  66 0.053187
  0  65 0.052381
  0  65 0.052381
  0  66 0.053187
  0  67 0.053993
  0  67 0.053993
  0  67 0.053993
  0  66 0.053187
  0 110 0.088645
  0 110 0.088645
  0 110 0.088645
  0 111 0.089451
  0 111 0.089451
  0 112 0.090256
  0 112 0.090256
  0 112 0.090256
  0 110 0.088645
  0 110 0.088645
  0 156 0.125714
  0 156 0.125714
  0 156 0.125714
  0 157 0.126520
  0 158 0.127326
  0 158 0.127326
  0 157 0.126520
  0 156 0.125714
  0 156 0.125714
  0 155 0.124908
  0 197 0.158755
  0 198 0.159560
  0 199 0.160366
  0 199 0.160366
  0 200 0.161172
  0 199 0.160366
  0 198 0.159560
  0 198 0.159560
  0 197 0.158755
  0 198 0.159560
  0 244 0.196630
  0 245 0.197436
  0 245 0.197436
  0 245 0.197436
  0 244 0.196630
  0 243 0.195824
  0 244 0.196630
  0 244 0.196630
  0 244 0.196630
  0 245 0.197436
  1  35 0.234505
  1  36 0.235311
  1  34 0.233700
  1  33 0.232894
  1  33 0.232894
  1  33 0.232894
  1  33 0.232894
  1  34 0.233700
  1  35 0.234505
  1  36 0.235311
  1  79 0.269963
  1  77 0.268352
  1  77 0.268352
  1  76 0.267546
  1  76 0.267546
  1  76 0.267546
  1  76 0.267546
  1  77 0.268352
  1  78 0.269158
  1  78 0.269158
  1 124 0.306227
  1 123 0.305421
  1 123 0.305421
  1 122 0.304615
  1 123 0.305421
  1 123 0.305421
  1 124 0.306227
  1 125 0.307033
  1 125 0.307033
  1 124 0.306227
  1 168 0.341685
  1 168 0.341685
  1 168 0.341685
  1 167 0.340879
  1 168 0.341685
  1 169 0.342491
  1 170 0.343297
  1 170 0.343297
  1 169 0.342491
  1 168 0.341685
  1 211 0.376337
  1 211 0.376337
  1 211 0.376337
  1 211 0.376337
  1 212 0.377143
  1 213 0.377949
  1 212 0.377143
  1 212 0.377143
  1 211 0.376337
  1 210 0.375531
  2   3 0.415018
  2   3 0.415018
  2   3 0.415018
  2   4 0.415824
  2   5 0.416630
  2   5 0.416630
  2   5 0.416630
  2   4 0.415824
  2   3 0.415018
  2   3 0.415018
  2  48 0.451282
  2  48 0.451282
  2  49 0.452088
  2  50 0.452894
  2  50 0.452894
  2  49 0.452088
  2  48 0.451282
  2  48 0.451282
  2  48 0.451282
  2  48 0.451282
  2  92 0.486740
  2  92 0.486740
  2  93 0.487546
  2  93 0.487546
  2  92 0.486740
  2  92 0.486740
  2  91 0.485934
  2  91 0.485934
  2  91 0.485934
  2  91 0.485934
  2 139 0.524615
  2 140 0.525421
  2 140 0.525421
  2 139 0.524615
  2 138 0.523810
  2 138 0.523810
  2 137 0.523004
  2 137 0.523004
  2 138 0.523810
  2 138 0.523810
  2 184 0.560879
  2 184 0.560879
  2 183 0.560073
  2 182 0.559267
  2 182 0.559267
  2 182 0.559267
  2 181 0.558462
  2 181 0.558462
  2 182 0.559267
  2 183 0.560073
  2 227 0.595531
  2 227 0.595531
  2 226 0.594725
  2 226 0.594725
  2 226 0.594725
  2 225 0.593919
  2 226 0.594725
  2 227 0.595531
  2 227 0.595531
  2 227 0.595531
  3  18 0.633407
  3  17 0.632601
  3  16 0.631795
  3  16 0.631795
  3  16 0.631795
  3  16 0.631795
  3  16 0.631795
  3  17 0.632601
  3  18 0.633407
  3  18 0.633407
  3  59 0.666447
  3  58 0.665641
  3  58 0.665641
  3  58 0.665641
  3  58 0.665641
  3  58 0.665641
  3  60 0.667253
  3  61 0.668059
  3  61 0.668059
  3  59 0.666447
  3 103 0.701905
  3 102 0.701099
  3 102 0.701099
  3 102 0.701099
  3 102 0.701099
  3 103 0.701905
  3 104 0.702711
  3 104 0.702711
  3 104 0.702711
  3 103 0.701905
  3 149 0.738974
  3 149 0.738974
  3 149 0.738974
  3 149 0.738974
  3 149 0.738974
  3 150 0.739780
  3 150 0.739780
  3 150 0.739780
  3 149 0.738974
  3 149 0.738974
  3 191 0.772821
  3 191 0.772821
  3 191 0.772821
  3 192 0.773626
  3 193 0.774432
  3 193 0.774432
  3 192 0.773626
  3 191 0.772821
  3 191 0.772821
  3 191 0.772821
  3 236 0.809084
  3 236 0.809084
  3 237 0.809890
  3 238 0.810696
  3 238 0.810696
  3 237 0.809890
  3 237 0.809890
  3 236 0.809084
  3 236 0.809084
  3 236 0.809084
  4  26 0.846154
  4  27 0.846960
  4  29 0.848571
  4  29 0.848571
  4  28 0.847766
  4  27 0.846960
  4  27 0.846960
  4  27 0.846960
  4  26 0.846154
  4  27 0.846960
  4  71 0.882418
  4  72 0.883223
  4  72 0.883223
  4  71 0.882418
  4  70 0.881612
  4  70 0.881612
  4  70 0.881612
  4  70 0.881612
  4  70 0.881612
  4  71 0.882418
  4 117 0.919487
  4 118 0.920293
  4 117 0.919487
  4 116 0.918681
  4 115 0.917875
  4 115 0.917875
  4 115 0.917875
  4 115 0.917875
  4 116 0.918681
  4 117 0.919487
  4 163 0.956557
  4 163 0.956557
  4 161 0.954945
  4 161 0.954945
  4 161 0.954945
  4 160 0.954139
  4 161 0.954945
  4 161 0.954945
  4 162 0.955751
  4 163 0.956557
  4 207 0.992015
  4 206 0.991209
  4 206 0.991209
  4 205 0.990403
  4 205 0.990403
  4 205 0.990403
  4 206 0.991209
  4 206 0.991209
  4 207 0.992015
  4 207 0.992015
  4 251 1.027473
  4 251 1.027473
  4 250 1.026667
  4 250 1.026667
  4 250 1.026667
  4 251 1.027473
  4 252 1.028278
  4 252 1.028278
  4 252 1.028278
  4 251 1.027473
  5  40 1.063736
  5  40 1.063736
  5  40 1.063736
  5  40 1.063736
  5  41 1.064542
  5  43 1.066154
  5  43 1.066154
  5  42 1.065348
  5  41 1.064542
  5  40 1.063736
  5  85 1.100000
  5  85 1.100000
  5  85 1.100000
  5  86 1.100806
  5  87 1.101612
  5  88 1.102418
  5  86 1.100806
  5  86 1.100806
  5  85 1.100000
  5  85 1.100000
  5 129 1.135458
  5 129 1.135458
  5 130 1.136264
  5 131 1.137070
  5 131 1.137070
  5 131 1.137070
  5 129 1.135458
  5 129 1.135458
  5 129 1.135458
  5 129 1.135458
  5 174 1.171722
  5 174 1.171722
  5 176 1.173333
  5 175 1.172527
  5 175 1.172527
  5 174 1.171722
  5 174 1.171722
  5 173 1.170916
  5 173 1.170916
  5 174 1.171722
  5 219 1.207985
  5 220 1.208791
  5 220 1.208791
  5 219 1.207985
  5 218 1.207179
  5 218 1.207179
  5 218 1.207179
  5 218 1.207179
  5 218 1.207179
  5 219 1.207985
  6  10 1.245861
  6  10 1.245861
  6   9 1.245055
  6   8 1.244249
  6   8 1.244249
  6   8 1.244249
  6   8 1.244249
  6   8 1.244249
  6   9 1.245055
  6  11 1.246667
  6  56 1.282930
  6  54 1.281319
  6  54 1.281319
  6  53 1.280513
  6  53 1.280513
  6  54 1.281319
  6  54 1.281319
  6  55 1.282125
  6  55 1.282125
  6  55 1.282125
  6  99 1.317582
  6  98 1.316777
  6  98 1.316777
  6  98 1.316777
  6  98 1.316777
  6  99 1.317582
  6 100 1.318388
  6 101 1.319194
  6 100 1.318388
  6  99 1.317582
  6 144 1.353846
  6 144 1.353846
  6 144 1.353846
  6 144 1.353846
  6 144 1.353846
  6 145 1.354652
  6 146 1.355458
  6 145 1.354652
  6 144 1.353846
  6 144 1.353846
  6 188 1.389304
  6 188 1.389304
  6 188 1.389304
  6 189 1.390110
  6 190 1.390916
  6 190 1.390916
  6 190 1.390916
  6 189 1.390110
  6 189 1.390110
  6 188 1.389304
  6 233 1.425568
  6 233 1.425568
  6 234 1.426374
  6 234 1.426374
  6 235 1.427179
  6 235 1.427179
  6 234 1.426374
  6 233 1.425568
  6 233 1.425568
  6 233 1.425568
  7  23 1.462637
  7  23 1.462637
  7  24 1.463443
  7  25 1.464249
  7  25 1.464249
  7  24 1.463443
  7  23 1.462637
  7  23 1.462637
  7  23 1.462637
  7  23 1.462637
  7  69 1.499707
  7  70 1.500513
  7  71 1.501319
  7  70 1.500513
  7  69 1.499707
  7  69 1.499707
  7  69 1.499707
  7  68 1.498901
  7  68 1.498901
  7  69 1.499707
  7 114 1.535971
  7 115 1.536777
  7 115 1.536777
  7 114 1.535971
  7 113 1.535165
  7 113 1.535165
  7 113 1.535165
  7 113 1.535165
  7 113 1.535165
  7 114 1.535971
  7 159 1.572234
  7 159 1.572234
  7 158 1.571429
  7 158 1.571429
  7 157 1.570623
  7 157 1.570623
  7 157 1.570623
  7 157 1.570623
  7 158 1.571429
  7 159 1.572234
  7 203 1.607692
  7 202 1.606886
  7 202 1.606886
  7 201 1.606081
  7 201 1.606081
  7 201 1.606081
  7 201 1.606081
  7 202 1.606886
  7 203 1.607692
  7 203 1.607692
  7 248 1.643956
  7 246 1.642344
  7 246 1.642344
  7 246 1.642344
  7 246 1.642344
  7 246 1.642344
  7 247 1.643150
  7 248 1.643956
  7 248 1.643956
  7 247 1.643150
  8  36 1.679414
  8  36 1.679414
  8  36 1.679414
  8  36 1.679414
  8  36 1.679414
  8  37 1.680220
  8  38 1.681026
  8  38 1.681026
  8  38 1.681026
  8  37 1.680220
  8  81 1.715678
  8  81 1.715678
  8  81 1.715678
  8  81 1.715678
  8  82 1.716484
  8  83 1.717289
  8  83 1.717289
  8  82 1.716484
  8  82 1.716484
  8  81 1.715678
  8 126 1.751941
  8 125 1.751136
  8 126 1.751941
  8 126 1.751941
  8 127 1.752747
  8 128 1.753553
  8 126 1.751941
  8 126 1.751941
  8 125 1.751136
  8 125 1.751136
  8 170 1.787399
  8 171 1.788205
  8 172 1.789011
  8 173 1.789817
  8 173 1.789817
  8 172 1.789011
  8 171 1.788205
  8 171 1.788205
  8 171 1.788205
  8 171 1.788205
  8 216 1.824469
  8 216 1.824469
  8 217 1.825275
  8 218 1.826081
  8 217 1.825275
  8 216 1.824469
  8 216 1.824469
  8 216 1.824469
  8 215 1.823663
  8 215 1.823663
  9   5 1.860733
  9   6 1.861538
  9   6 1.861538
  9   6 1.861538
  9   5 1.860733
  9   5 1.860733
  9   4 1.859927
  9   4 1.859927
  9   5 1.860733
  9   6 1.861538
  9  51 1.897802
  9  51 1.897802
  9  50 1.896996
  9  50 1.896996
  9  49 1.896190
  9  49 1.896190
  9  49 1.896190
  9  50 1.896996
  9  51 1.897802
  9  52 1.898608
  9  96 1.934066
  9  96 1.934066
  9  94 1.932454
  9  94 1.932454
  9  94 1.932454
  9  94 1.932454
  9  94 1.932454
  9  94 1.932454
  9  96 1.934066
  9  96 1.934066
  9 140 1.969524
  9 139 1.968718
  9 138 1.967912
  9 139 1.968718
  9 138 1.967912
  9 138 1.967912
  9 139 1.968718
  9 140 1.969524
  9 141 1.970330
  9 140 1.969524
  9 184 2.004982
  9 183 2.004176
  9 183 2.004176
  9 183 2.004176
  9 183 2.004176
  9 184 2.004982
  9 184 2.004982
  9 184 2.004982
  9 184 2.004982
  9 183 2.004176
  9 227 2.039634
  9 227 2.039634
  9 227 2.039634
  9 227 2.039634
  9 228 2.040440
  9 229 2.041245
  9 230 2.042051
  9 229 2.041245
  9 228 2.040440
  9 227 2.039634
 10  17 2.076703
 10  17 2.076703
 10  17 2.076703
 10  18 2.077509
 10  19 2.078315
 10  19 2.078315
 10  19 2.078315
 10  18 2.077509
 10  18 2.077509
 10  17 2.076703
 10  61 2.112161
 10  61 2.112161
 10  62 2.112967
 10  64 2.114579
 10  64 2.114579
 10  63 2.113773
 10  62 2.112967
 10  62 2.112967
 10  62 2.112967
 10  62 2.112967
 10 107 2.149231
 10 107 2.149231
 10 109 2.150842
 10 109 2.150842
 10 109 2.150842
 10 108 2.150037
 10 107 2.149231
 10 107 2.149231
 10 107 2.149231
 10 107 2.149231
 10 154 2.187106
 10 155 2.187912
 10 155 2.187912
 10 155 2.187912
 10 154 2.187106
 10 152 2.185495
 10 152 2.185495
 10 152 2.185495
 10 152 2.185495
 10 153 2.186300
 10 198 2.222564
 10 199 2.223370
 10 199 2.223370
 10 197 2.221758
 10 197 2.221758
 10 197 2.221758
 10 197 2.221758
 10 196 2.220952
 10 196 2.220952
 10 198 2.222564
 10 244 2.259634
 10 243 2.258828
 10 242 2.258022
 10 242 2.258022
 10 242 2.258022
 10 242 2.258022
 10 242 2.258022
 10 242 2.258022
 10 243 2.258828
 10 244 2.259634
 11  33 2.295897
 11  32 2.295092
 11  31 2.294286
 11  31 2.294286
 11  31 2.294286
 11  32 2.295092
 11  32 2.295092
 11  33 2.295897
 11  33 2.295897
 11  33 2.295897
 11  76 2.330549
 11  76 2.330549
 11  76 2.330549
 11  76 2.330549
 11  76 2.330549
 11  76 2.330549
 11  78 2.332161
 11  78 2.332161
 11  78 2.332161
 11  76 2.330549
 11 121 2.366813
 11 121 2.366813
 11 120 2.366007
 11 120 2.366007
 11 121 2.366813
 11 122 2.367619
 11 123 2.368425
 11 122 2.367619
 11 121 2.366813
 11 121 2.366813
 11 165 2.402271
 11 165 2.402271
 11 165 2.402271
 11 166 2.403077
 11 166 2.403077
 11 166 2.403077
 11 166 2.403077
 11 164 2.401465
 11 164 2.401465
 11 164 2.401465
 11 207 2.436117
 11 207 2.436117
 11 208 2.436923
 11 209 2.437729
 11 209 2.437729
 11 209 2.437729
 11 208 2.436923
 11 207 2.436117
 11 206 2.435311
 11 207 2.436117
 11 252 2.472381
 11 253 2.473187
 11 254 2.473993
 11 254 2.473993
 11 254 2.473993
 11 253 2.473187
 11 252 2.472381
 11 252 2.472381
 11 252 2.472381
 11 252 2.472381
 12  42 2.509451
 12  43 2.510256
 12  44 2.511062
 12  43 2.510256
 12  43 2.510256
 12  42 2.509451
 12  43 2.510256
 12  42 2.509451
 12  43 2.510256
 12  43 2.510256
 12  88 2.546520
 12  88 2.546520
 12  88 2.546520
 12  87 2.545714
 12  86 2.544908
 12  86 2.544908
 12  86 2.544908
 12  87 2.545714
 12  88 2.546520
 12  88 2.546520
 12 133 2.582784
 12 132 2.581978
 12 131 2.581172
 12 130 2.580366
 12 130 2.580366
 12 130 2.580366
 12 130 2.580366
 12 131 2.581172
 12 132 2.581978
 12 133 2.582784
 12 177 2.618242
 12 176 2.617436
 12 175 2.616630
 12 175 2.616630
 12 175 2.616630
 12 175 2.616630
 12 175 2.616630
 12 176 2.617436
 12 177 2.618242
 12 177 2.618242
 12 220 2.652894
 12 220 2.652894
 12 220 2.652894
 12 219 2.652088
 12 219 2.652088
 12 219 2.652088
 12 220 2.652894
 12 221 2.653700
 12 221 2.653700
 12 220 2.652894
 13   8 2.688352
 13   8 2.688352
 13   8 2.688352
 13   8 2.688352
 13   9 2.689158
 13   9 2.689158
 13  10 2.689963
 13  10 2.689963
 13   9 2.689158
 13   8 2.688352
 13  52 2.723810
 13  53 2.724615
 13  53 2.724615
 13  53 2.724615
 13  54 2.725421
 13  55 2.726227
 13  56 2.727033
 13  54 2.725421
 13  54 2.725421
 13  53 2.724615
 13  97 2.760073
 13  96 2.759267
 13  97 2.760073
 13  97 2.760073
 13  99 2.761685
 13 100 2.762491
 13  99 2.761685
 13  98 2.760879
 13  98 2.760879
 13  97 2.760073
 13 141 2.795531
 13 142 2.796337
 13 142 2.796337
 13 142 2.796337
 13 144 2.797949
 13 142 2.796337
 13 142 2.796337
 13 141 2.795531
 13 141 2.795531
 13 141 2.795531
 13 186 2.831795
 13 186 2.831795
 13 187 2.832601
 13 187 2.832601
 13 187 2.832601
 13 185 2.830989
 13 184 2.830183
 13 184 2.830183
 13 184 2.830183
 13 185 2.830989
 13 231 2.868059
 13 232 2.868864
 13 232 2.868864
 13 231 2.868059
 13 230 2.867253
 13 230 2.867253
 13 229 2.866447
 13 229 2.866447
 13 229 2.866447
 13 230 2.867253
 14  21 2.905128
 14  22 2.905934
 14  22 2.905934
 14  21 2.905128
 14  20 2.904322
 14  20 2.904322
 14  20 2.904322
 14  19 2.903516
 14  20 2.904322
 14  20 2.904322
 14  66 2.941392
 14  65 2.940586
 14  64 2.939780
 14  64 2.939780
 14  64 2.939780
 14  64 2.939780
 14  64 2.939780
 14  64 2.939780
 14  65 2.940586
 14  66 2.941392
 14 110 2.976850
 14 109 2.976044
 14 109 2.976044
 14 108 2.975238
 14 108 2.975238
 14 109 2.976044
 14 110 2.976850
 14 111 2.977656
 14 112 2.978462
 14 111 2.977656
 14 155 3.013114
 14 154 3.012308
 14 153 3.011502
 14 153 3.011502
 14 154 3.012308
 14 154 3.012308
 14 155 3.013114
 14 156 3.013919
 14 156 3.013919
 14 155 3.013114
 14 199 3.048571
 14 199 3.048571
 14 198 3.047766
 14 198 3.047766
 14 198 3.047766
 14 198 3.047766
 14 200 3.049377
 14 200 3.049377
 14 199 3.048571
 14 199 3.048571
 14 244 3.084835
 14 243 3.084029
 14 243 3.084029
 14 243 3.084029
 14 244 3.084835
 14 245 3.085641
 14 245 3.085641
 14 244 3.084835
 14 244 3.084835
 14 243 3.084029
 15  32 3.120293
 15  32 3.120293
 15  32 3.120293
 15  33 3.121099
 15  34 3.121905
 15  34 3.121905
 15  34 3.121905
 15  32 3.120293
 15  32 3.120293
 15  32 3.120293
 15  76 3.155751
 15  76 3.155751
 15  77 3.156557
 15  78 3.157363
 15  79 3.158168
 15  79 3.158168
 15  78 3.157363
 15  77 3.156557
 15  77 3.156557
 15  76 3.155751
 15 121 3.192015
 15 121 3.192015
 15 122 3.192821
 15 123 3.193626
 15 123 3.193626
 15 122 3.192821
 15 121 3.192015
 15 122 3.192821
 15 122 3.192821
 15 121 3.192015
 15 167 3.229084
 15 167 3.229084
 15 167 3.229084
 15 167 3.229084
 15 166 3.228278
 15 165 3.227473
 15 165 3.227473
 15 165 3.227473
 15 166 3.228278
 15 167 3.229084
 15 212 3.265348
 15 213 3.266154
 15 212 3.265348
 15 211 3.264542
 15 210 3.263736
 15 210 3.263736
 15 210 3.263736
 15 210 3.263736
 15 210 3.263736
 15 212 3.265348
 15 255 3.300000
 15 255 3.300000
 15 255 3.300000
 15 255 3.300000
 15 255 3.300000
 15 255 3.300000
 15 255 3.300000
 15 255 3.300000
 15 255 3.300000
 15 255 3.300000
