  0  31 0.024982
  0 150 0.120879
  1  13 0.216777
  1 132 0.312674
  1 252 0.409377
  2 116 0.506081
  2 235 0.601978
  3  98 0.697875
  3 217 0.793773
  4  83 0.892088
  4 204 0.989597
  5  70 1.087912
  5 189 1.183810
  6  54 1.281319
  6 173 1.377216
  7  38 1.474725
  7 157 1.570623
  8  21 1.667326
  8 142 1.764835
  9   6 1.861538
  9 126 1.958242
  9 247 2.055751
 10 113 2.154066
 10 234 2.251575
 11  96 2.346667
 11 215 2.442564
 12  77 2.537656
 12 196 2.633553
 13  58 2.728645
 13 179 2.826154
 14  44 2.923663
