  0  30 0.024176
  0 147 0.118462
  1  11 0.215165
  1 131 0.311868
  1 253 0.410183
  2 118 0.507692
  2 239 0.605201
  3 100 0.699487
  3 218 0.794579
  4  83 0.892088
  4 202 0.987985
  5  66 1.084689
  5 186 1.181392
  6  51 1.278901
  6 172 1.376410
  7  40 1.476337
  7 160 1.573040
  8  24 1.669744
  8 144 1.766447
  9   6 1.861538
  9 126 1.958242
  9 245 2.054139
 10 110 2.151648
 10 231 2.249158
 11  94 2.345055
 11 214 2.441758
 12  79 2.539267
 12 198 2.635165
 13  61 2.731062
 13 181 2.827766
 14  44 2.923663
