  0  31 0.024982
  0 149 0.120073
  1  13 0.216777
  1 133 0.313480
  1 254 0.410989
  2 116 0.506081
  2 235 0.601978
  3  99 0.698681
  3 217 0.793773
  4  81 0.890476
  4 202 0.987985
  5  68 1.086300
  5 188 1.183004
  6  55 1.282125
  6 175 1.378828
  7  39 1.475531
  7 158 1.571429
  8  22 1.668132
  8 142 1.764835
  9   5 1.860733
  9 125 1.957436
  9 245 2.054139
 10 111 2.152454
 10 234 2.251575
 11  97 2.347473
 11 221 2.447399
 12  79 2.539267
 12 196 2.633553
 13  59 2.729451
 13 179 2.826154
 14  43 2.922857
