  0  30 0.024176
  0 148 0.119267
  1  12 0.215971
  1 133 0.313480
  2   0 0.412601
  2 119 0.508498
  2 238 0.604396
  3  99 0.698681
  3 217 0.793773
  4  81 0.890476
  4 202 0.987985
  5  66 1.084689
  5 187 1.182198
  6  52 1.279707
  6 173 1.377216
  7  41 1.477143
  7 159 1.572234
  8  24 1.669744
  8 143 1.765641
  9   6 1.861538
  9 125 1.957436
  9 245 2.054139
 10 110 2.151648
 10 232 2.249963
 11  96 2.346667
 11 216 2.443370
 12  79 2.539267
 12 197 2.634359
 13  60 2.730256
 13 179 2.826154
 14  43 2.922857
