  0  31 0.024982
  0 151 0.121685
  1  13 0.216777
  1 132 0.312674
  1 252 0.409377
  2 116 0.506081
  2 235 0.601978
  3  96 0.696264
  3 217 0.793773
  4  82 0.891282
  4 204 0.989597
  5  69 1.087106
  5 189 1.183810
  6  54 1.281319
  6 174 1.378022
  7  39 1.475531
  7 156 1.569817
  8  21 1.667326
  8 141 1.764029
  9   5 1.860733
  9 125 1.957436
  9 247 2.055751
 10 113 2.154066
 10 233 2.250769
 11  96 2.346667
 11 215 2.442564
 12  77 2.537656
 12 196 2.633553
 13  59 2.729451
 13 178 2.825348
 14  43 2.922857
