  0  30 0.024176
  0 147 0.118462
  1  10 0.214359
  1 130 0.311062
  1 253 0.410183
  2 118 0.507692
  2 238 0.604396
  3  99 0.698681
  3 218 0.794579
  4  82 0.891282
  4 202 0.987985
  5  67 1.085495
  5 186 1.181392
  6  51 1.278901
  6 173 1.377216
  7  40 1.476337
  7 160 1.573040
  8  24 1.669744
  8 143 1.765641
  9   6 1.861538
  9 125 1.957436
  9 245 2.054139
 10 110 2.151648
 10 231 2.249158
 11  94 2.345055
 11 215 2.442564
 12  79 2.539267
 12 198 2.635165
 13  61 2.731062
 13 180 2.826960
 14  44 2.923663
