  0  32 0.025788
  0 149 0.120073
  1  11 0.215165
  1 131 0.311868
  1 252 0.409377
  2 116 0.506081
  2 235 0.601978
  3  98 0.697875
  3 218 0.794579
  4  83 0.892088
  4 204 0.989597
  5  69 1.087106
  5 188 1.183004
  6  52 1.279707
  6 172 1.376410
  7  38 1.474725
  7 156 1.569817
  8  21 1.667326
  8 142 1.764835
  9   6 1.861538
  9 127 1.959048
  9 247 2.055751
 10 112 2.153260
 10 232 2.249963
 11  95 2.345861
 11 214 2.441758
 12  77 2.537656
 12 195 2.632747
 13  59 2.729451
 13 179 2.826154
 14  44 2.923663
