  0  33 0.026593
  0 150 0.120879
  1  12 0.215971
  1 131 0.311868
  1 251 0.408571
  2 115 0.505275
  2 235 0.601978
  3  96 0.696264
  3 217 0.793773
  4  83 0.892088
  4 205 0.990403
  5  69 1.087106
  5 191 1.185421
  6  52 1.279707
  6 172 1.376410
  7  38 1.474725
  7 156 1.569817
  8  20 1.666520
  8 142 1.764835
  9   7 1.862344
  9 126 1.958242
  9 248 2.056557
 10 112 2.153260
 10 232 2.249963
 11  95 2.345861
 11 214 2.441758
 12  77 2.537656
 12 195 2.632747
 13  58 2.728645
 13 179 2.826154
 14  45 2.924469
