  0  32 0.025788
  0 150 0.120879
  1  13 0.216777
  1 133 0.313480
  1 253 0.410183
  2 117 0.506886
  2 235 0.601978
  3  97 0.697070
  3 216 0.792967
  4  81 0.890476
  4 203 0.988791
  5  68 1.086300
  5 188 1.183004
  6  54 1.281319
  6 174 1.378022
  7  38 1.474725
  7 157 1.570623
  8  22 1.668132
  8 141 1.764029
  9   5 1.860733
  9 125 1.957436
  9 246 2.054945
 10 112 2.153260
 10 234 2.251575
 11  96 2.346667
 11 214 2.441758
 12  77 2.537656
 12 196 2.633553
 13  58 2.728645
 13 178 2.825348
 14  43 2.922857
