  0  32 0.025788
  0 149 0.120073
  1  13 0.216777
  1 132 0.312674
  1 252 0.409377
  2 117 0.506886
  2 235 0.601978
  3  97 0.697070
  3 217 0.793773
  4  82 0.891282
  4 203 0.988791
  5  68 1.086300
  5 188 1.183004
  6  53 1.280513
  6 174 1.378022
  7  38 1.474725
  7 157 1.570623
  8  21 1.667326
  8 142 1.764835
  9   5 1.860733
  9 125 1.957436
  9 246 2.054945
 10 112 2.153260
 10 234 2.251575
 11  96 2.346667
 11 215 2.442564
 12  78 2.538462
 12 195 2.632747
 13  59 2.729451
 13 178 2.825348
 14  43 2.922857
