  0   2 0.001612
  0   3 0.002418
  0   5 0.004029
  0   6 0.004835
  0   7 0.005641
  0   9 0.007253
  0  10 0.008059
  0  11 0.008864
  0  12 0.009670
  0  13 0.010476
  0  14 0.011282
  0  16 0.012894
  0  17 0.013700
  0  19 0.015311
  0  20 0.016117
  0  21 0.016923
  0  22 0.017729
  0  23 0.018535
  0  24 0.019341
  0  25 0.020147
  0  27 0.021758
  0  28 0.022564
  0  30 0.024176
  0  31 0.024982
  0  32 0.025788
  0  33 0.026593
  0  34 0.027399
  0  35 0.028205
  0  36 0.029011
  0  38 0.030623
  0  39 0.031429
