  0   0 0.000000
  0   1 0.000806
  0   3 0.002418
  0   4 0.003223
  0   5 0.004029
  0   7 0.005641
  0   9 0.007253
  0  10 0.008059
  0  11 0.008864
  0  12 0.009670
  0  14 0.011282
  0  16 0.012894
  0  17 0.013700
  0  18 0.014505
  0  20 0.016117
  0  21 0.016923
  0  23 0.018535
  0  24 0.019341
  0  26 0.020952
  0  27 0.021758
  0  28 0.022564
  0  30 0.024176
  0  31 0.024982
  0  33 0.026593
  0  34 0.027399
  0  36 0.029011
  0  38 0.030623
  0  39 0.031429
  0  40 0.032234
  0  41 0.033040
  0  43 0.034652
  0  44 0.035458
  0  45 0.036264
  0  47 0.037875
  0  49 0.039487
  0  50 0.040293
  0  52 0.041905
  0  53 0.042711
  0  55 0.044322
  0  56 0.045128
  0  58 0.046740
  0  59 0.047546
  0  60 0.048352
  0  62 0.049963
  0  63 0.050769
  0  65 0.052381
  0  67 0.053993
  0  68 0.054799
  0  69 0.055604
  0  71 0.057216
  0  72 0.058022
  0  74 0.059634
  0  76 0.061245
  0  77 0.062051
  0  78 0.062857
  0  80 0.064469
  0  81 0.065275
  0  82 0.066081
  0  84 0.067692
  0  86 0.069304
  0  87 0.070110
  0  89 0.071722
  0  90 0.072527
  0  91 0.073333
  0  93 0.074945
  0  95 0.076557
  0  96 0.077363
  0  98 0.078974
  0  99 0.079780
  0 101 0.081392
  0 102 0.082198
  0 104 0.083810
  0 105 0.084615
  0 106 0.085421
  0 108 0.087033
  0 110 0.088645
  0 111 0.089451
  0 113 0.091062
  0 115 0.092674
  0 116 0.093480
  0 117 0.094286
  0 119 0.095897
  0 120 0.096703
  0 125 0.100733
  0 123 0.099121
  0 125 0.100733
  0 126 0.101538
  0 128 0.103150
  0 129 0.103956
  0 131 0.105568
  0 132 0.106374
  0 134 0.107985
