  1  83 0.273187
  1  85 0.274799
  1  82 0.272381
  1  79 0.269963
  1  77 0.268352
  1  77 0.268352
  1  77 0.268352
  1  80 0.270769
  1  81 0.271575
  1  79 0.269963
  1  77 0.268352
  1  75 0.266740
  1  74 0.265934
  1  77 0.268352
  1  78 0.269158
  1  80 0.270769
  1  81 0.271575
  1  75 0.266740
  1  74 0.265934
  1  71 0.263516
  1  75 0.266740
  1  80 0.270769
  1  78 0.269158
  1  77 0.268352
  1  76 0.267546
  1  72 0.264322
  1  73 0.265128
  1  75 0.266740
  1  77 0.268352
  1  80 0.270769
  1  78 0.269158
  1  71 0.263516
  1  75 0.266740
  1  75 0.266740
  1  76 0.267546
  1  80 0.270769
  1  79 0.269963
  1  79 0.269963
  1  75 0.266740
  1  73 0.265128
  1  73 0.265128
  1  74 0.265934
  1  78 0.269158
  1  78 0.269158
  1  75 0.266740
  1  81 0.271575
  1  74 0.265934
  1  77 0.268352
  1  82 0.272381
  1  78 0.269158
  1  80 0.270769
  1  76 0.267546
  1  75 0.266740
  1  72 0.264322
  1  72 0.264322
  1  73 0.265128
  1  77 0.268352
  1  78 0.269158
  1  76 0.267546
  1  76 0.267546
  1  73 0.265128
  1  73 0.265128
  1  74 0.265934
  1  76 0.267546
  1  78 0.269158
  1  72 0.264322
  1  74 0.265934
  1  75 0.266740
  1  73 0.265128
  1  73 0.265128
  1  77 0.268352
  1  78 0.269158
  1  76 0.267546
  1  77 0.268352
  1  75 0.266740
  1  74 0.265934
  1  75 0.266740
  1  77 0.268352
  1  81 0.271575
  1  77 0.268352
  1  75 0.266740
  1  74 0.265934
  1  72 0.264322
  1  76 0.267546
  1  78 0.269158
  1  81 0.271575
  1  77 0.268352
  1  76 0.267546
  1  75 0.266740
  1  73 0.265128
  1  74 0.265934
  1  79 0.269963
