  1  83
  1  85
  1  82
  1  79
  1  77
  1  77
  1  77
  1  80
  1  81
  1  79
  1  77
  1  75
  1  74
  1  77
  1  78
  1  80
  1  81
  1  75
  1  74
  1  71
  1  75
  1  80
  1  78
  1  77
  1  76
  1  72
  1  73
  1  75
  1  77
  1  80
  1  78
  1  71
  1  75
  1  75
  1  76
  1  80
  1  79
  1  79
  1  75
  1  73
  1  73
  1  74
  1  78
  1  78
  1  75
  1  81
  1  74
  1  77
  1  82
  1  78
  1  80
  1  76
  1  75
  1  72
  1  72
  1  73
  1  77
  1  78
  1  76
  1  76
  1  73
  1  73
  1  74
  1  76
  1  78
  1  72
  1  74
  1  75
  1  73
  1  73
  1  77
  1  78
  1  76
  1  77
  1  75
  1  74
  1  75
  1  77
  1  81
  1  77
  1  75
  1  74
  1  72
  1  76
  1  78
  1  81
  1  77
  1  76
  1  75
  1  73
  1  74
  1  79