  6  55 1.282125
  5  62 1.081465
  4 229 1.009744
  5  90 1.104029
  5   8 1.037949
  5 127 1.133846
  5  47 1.069377
  5  47 1.069377
  5  61 1.080659
  5  81 1.096777
  5  99 1.111282
  5 120 1.128205
  5 137 1.141905
  5 158 1.158828
  6 112 1.328059
  6  32 1.263590
  6  33 1.264396
  6  48 1.276484
  6  66 1.290989
  6  85 1.306300
  6 104 1.321612
  6 123 1.336923
  6 142 1.352234
  6 160 1.366740
  7 115 1.536777
  7  50 1.484396
  7  53 1.486813
  7  70 1.500513
  7  87 1.514212
  7 107 1.530330
  7 126 1.545641
