  0   0 0.000000
  0   1 0.000806
  0   3 0.002418
  0   1 0.000806
  0   3 0.002418
  0   4 0.003223
  0   4 0.003223
  0   3 0.002418
  0   6 0.004835
  0   6 0.004835
  0   7 0.005641
  0   7 0.005641
  0   6 0.004835
  0   4 0.003223
  0   5 0.004029
  0  13 0.010476
  0   3 0.002418
  0   6 0.004835
  0   4 0.003223
  0   6 0.004835
  0   5 0.004029
  0   5 0.004029
  0   6 0.004835
  0   6 0.004835
  0   7 0.005641
  0   7 0.005641
  0   5 0.004029
  0   6 0.004835
  0   6 0.004835
  0   5 0.004029
  0   7 0.005641
  0   8 0.006447
  0   8 0.006447
  0   4 0.003223
  0   7 0.005641
  0   9 0.007253
  0   7 0.005641
  0   8 0.006447
  0   8 0.006447
  0   8 0.006447
  0   4 0.003223
  0   9 0.007253
  0   8 0.006447
  0   9 0.007253
  0   8 0.006447
  0  13 0.010476
  0   9 0.007253
  0   9 0.007253
  0   6 0.004835
  0  14 0.011282
  0   8 0.006447
  0   8 0.006447
  0  10 0.008059
  0   9 0.007253
  0   8 0.006447
  0   8 0.006447
  0   8 0.006447
  0  11 0.008864
  0  10 0.008059
  0  12 0.009670
  0  11 0.008864
  0  12 0.009670
  0   9 0.007253
  0   9 0.007253
  0  10 0.008059
  0  13 0.010476
  0  13 0.010476
  0  13 0.010476
  0   9 0.007253
  0  11 0.008864
  0   9 0.007253
  0   9 0.007253
  0  11 0.008864
  0  12 0.009670
  0  15 0.012088
  0  11 0.008864
  0  11 0.008864
  0  12 0.009670
  0  11 0.008864
  0  13 0.010476
  0  13 0.010476
  0  11 0.008864
  0  13 0.010476
  0  12 0.009670
  0  11 0.008864
  0  11 0.008864
  0  11 0.008864
  0  15 0.012088
  0   8 0.006447
  0  11 0.008864
  0  13 0.010476
  0  12 0.009670
