  0  21 0.016923
  0 102 0.082198
  0 184 0.148278
  1   9 0.213553
  1  91 0.279634
  1 172 0.344908
  1 253 0.410183
  2  77 0.474652
  2 157 0.539121
  2 238 0.604396
  3  63 0.669670
  3 144 0.734945
  3 223 0.798608
  4  49 0.864689
  4 130 0.929963
  4 212 0.996044
  5  37 1.061319
  5 119 1.127399
  5 201 1.193480
  6  27 1.259560
  6 107 1.324029
  6 187 1.388498
  7  12 1.453773
  7  93 1.519048
  7 173 1.583516
  7 252 1.647179
  8  76 1.711648
  8 156 1.776117
  8 236 1.840586
  9  63 1.907473
  9 144 1.972747
