  0  23 0.018535
  0 104 0.083810
  0 186 0.149890
  1  11 0.215165
  1  93 0.281245
  1 172 0.344908
  1 252 0.409377
  2  76 0.473846
  2 157 0.539121
  2 237 0.603590
  3  63 0.669670
  3 144 0.734945
  3 225 0.800220
  4  50 0.865495
  4 132 0.931575
  4 214 0.997656
  5  39 1.062930
  5 120 1.128205
  5 200 1.192674
  6  25 1.257949
  6 105 1.322418
  6 186 1.387692
  7  11 1.452967
  7  93 1.519048
  7 173 1.583516
  7 253 1.647985
  8  78 1.713260
  8 158 1.777729
  8 237 1.841392
  9  62 1.906667
  9 144 1.972747
