  0  22 0.017729
  0 102 0.082198
  0 183 0.147473
  1   9 0.213553
  1  90 0.278828
  1 172 0.344908
  1 253 0.410183
  2  77 0.474652
  2 158 0.539927
  2 238 0.604396
  3  64 0.670476
  3 144 0.734945
  3 224 0.799414
  4  50 0.865495
  4 130 0.929963
  4 212 0.996044
  5  37 1.061319
  5 119 1.127399
  5 200 1.192674
  6  28 1.260366
  6 107 1.324029
  6 188 1.389304
  7  12 1.453773
  7  93 1.519048
  7 173 1.583516
  7 252 1.647179
  8  76 1.711648
  8 156 1.776117
  8 236 1.840586
  9  61 1.905861
  9 144 1.972747
