  0  21 0.016923
  0 104 0.083810
  0 184 0.148278
  1   9 0.213553
  1  92 0.280440
  1 173 0.345714
  1 253 0.410183
  2  78 0.475458
  2 157 0.539121
  2 238 0.604396
  3  63 0.669670
  3 144 0.734945
  3 223 0.798608
  4  49 0.864689
  4 130 0.929963
  4 213 0.996850
  5  38 1.062125
  5 120 1.128205
  5 201 1.193480
  6  26 1.258755
  6 107 1.324029
  6 187 1.388498
  7  12 1.453773
  7  92 1.518242
  7 172 1.582711
  7 252 1.647179
  8  75 1.710842
  8 156 1.776117
  8 237 1.841392
  9  63 1.907473
  9 145 1.973553
