  0  23 0.018535
  0 104 0.083810
  0 184 0.148278
  1  10 0.214359
  1  91 0.279634
  1 171 0.344103
  1 251 0.408571
  2  75 0.473040
  2 156 0.538315
  2 237 0.603590
  3  63 0.669670
  3 144 0.734945
  3 225 0.800220
  4  51 0.866300
  4 132 0.931575
  4 214 0.997656
  5  38 1.062125
  5 119 1.127399
  5 200 1.192674
  6  25 1.257949
  6 105 1.322418
  6 185 1.386886
  7  12 1.453773
  7  93 1.519048
  7 173 1.583516
  7 254 1.648791
  8  77 1.712454
  8 157 1.776923
  8 236 1.840586
  9  62 1.906667
  9 144 1.972747
