  0  22 0.017729
  0 103 0.083004
  0 183 0.147473
  1   9 0.213553
  1  92 0.280440
  1 173 0.345714
  1 254 0.410989
  2  77 0.474652
  2 158 0.539927
  2 238 0.604396
  3  63 0.669670
  3 144 0.734945
  3 223 0.798608
  4  49 0.864689
  4 129 0.929158
  4 212 0.996044
  5  38 1.062125
  5 119 1.127399
  5 201 1.193480
  6  27 1.259560
  6 107 1.324029
  6 188 1.389304
  7  12 1.453773
  7  93 1.519048
  7 173 1.583516
  7 252 1.647179
  8  76 1.711648
  8 156 1.776117
  8 236 1.840586
  9  62 1.906667
  9 144 1.972747
