  0  21 0.016923
  0 102 0.082198
  0 183 0.147473
  1   9 0.213553
  1  91 0.279634
  1 172 0.344908
  1 253 0.410183
  2  77 0.474652
  2 157 0.539121
  2 237 0.603590
  3  63 0.669670
  3 143 0.734139
  3 223 0.798608
  4  48 0.863883
  4 130 0.929963
  4 213 0.996850
  5  38 1.062125
  5 120 1.128205
  5 201 1.193480
  6  26 1.258755
  6 107 1.324029
  6 187 1.388498
  7  12 1.453773
  7  93 1.519048
  7 173 1.583516
  7 252 1.647179
  8  76 1.711648
  8 156 1.776117
  8 237 1.841392
  9  63 1.907473
  9 146 1.974359
