  0  23 0.018535
  0 103 0.083004
  0 188 0.151502
  1  11 0.215165
  1  93 0.281245
  1 173 0.345714
  1 253 0.410183
  2  77 0.474652
  2 157 0.539121
  2 238 0.604396
  3  62 0.668864
  3 143 0.734139
  3 224 0.799414
  4  50 0.865495
  4 132 0.931575
  4 214 0.997656
  5  39 1.062930
  5 120 1.128205
  5 200 1.192674
  6  25 1.257949
  6 106 1.323223
  6 186 1.387692
  7  11 1.452967
  7  93 1.519048
  7 173 1.583516
  7 253 1.647985
  8  77 1.712454
  8 157 1.776923
  8 237 1.841392
  9  63 1.907473
  9 144 1.972747
