  0  22 0.017729
  0 104 0.083810
  0 186 0.149890
  1  11 0.215165
  1  93 0.281245
  1 173 0.345714
  1 253 0.410183
  2  77 0.474652
  2 158 0.539927
  2 238 0.604396
  3  63 0.669670
  3 144 0.734945
  3 223 0.798608
  4  50 0.865495
  4 132 0.931575
  4 214 0.997656
  5  40 1.063736
  5 120 1.128205
  5 201 1.193480
  6  26 1.258755
  6 106 1.323223
  6 188 1.389304
  7  11 1.452967
  7  93 1.519048
  7 172 1.582711
  7 252 1.647179
  8  77 1.712454
  8 157 1.776923
  8 237 1.841392
  9  62 1.906667
  9 145 1.973553
