  0  22 0.017729
  0 103 0.083004
  0 185 0.149084
  1  10 0.214359
  1  94 0.282051
  1 174 0.346520
  1 254 0.410989
  2  78 0.475458
  2 158 0.539927
  2 238 0.604396
  3  63 0.669670
  3 145 0.735751
  3 223 0.798608
  4  50 0.865495
  4 131 0.930769
  4 214 0.997656
  5  39 1.062930
  5 120 1.128205
  5 201 1.193480
  6  26 1.258755
  6 105 1.322418
  6 187 1.388498
  7  11 1.452967
  7  92 1.518242
  7 172 1.582711
  7 251 1.646374
  8  76 1.711648
  8 156 1.776117
  8 237 1.841392
  9  63 1.907473
  9 144 1.972747
