  0  26 0.020952
  0 140 0.112821
  1   6 0.211136
  1 130 0.311062
  1 254 0.410989
  2 122 0.510916
  2 245 0.610037
  3 109 0.706740
  3 230 0.804249
  4  97 0.903370
  4 221 1.003297
  5  89 1.103223
  5 213 1.203150
  6  82 1.303883
  6 204 1.402198
  7  72 1.502125
  7 194 1.600440
  8  61 1.699560
  8 185 1.799487
  9  53 1.899414
  9 176 1.998535
 10  43 2.097656
 10 166 2.196777
 11  33 2.295897
 11 154 2.393407
 12  22 2.493333
 12 144 2.591648
 13  11 2.690769
 13 133 2.789084
 13 254 2.886593
 14 120 2.984908
