  0  26 0.020952
  0 140 0.112821
  1   7 0.211941
  1 129 0.310256
  1 254 0.410989
  2 123 0.511722
  2 245 0.610037
  3 107 0.705128
  3 230 0.804249
  4  97 0.903370
  4 221 1.003297
  5  89 1.103223
  5 212 1.202344
  6  81 1.303077
  6 205 1.403004
  7  74 1.503736
  7 195 1.601245
  8  62 1.700366
  8 185 1.799487
  9  52 1.898608
  9 175 1.997729
 10  43 2.097656
 10 167 2.197582
 11  35 2.297509
 11 156 2.395018
 12  22 2.493333
 12 143 2.590842
 13   9 2.689158
 13 131 2.787473
 14   0 2.888205
 14 122 2.986520
