  0  28 0.022564
  0 141 0.113626
  1   7 0.211941
  1 129 0.310256
  1 253 0.410183
  2 121 0.510110
  2 244 0.609231
  3 109 0.706740
  3 232 0.805861
  4  98 0.904176
  4 221 1.003297
  5  89 1.103223
  5 211 1.201538
  6  81 1.303077
  6 205 1.403004
  7  74 1.503736
  7 195 1.601245
  8  63 1.701172
  8 185 1.799487
  9  52 1.898608
  9 174 1.996923
 10  42 2.096850
 10 167 2.197582
 11  35 2.297509
 11 157 2.395824
 12  22 2.493333
 12 144 2.591648
 13   9 2.689158
 13 130 2.786667
 13 254 2.886593
 14 121 2.985714
