  0  27 0.021758
  0 140 0.112821
  1   6 0.211136
  1 129 0.310256
  1 253 0.410183
  2 121 0.510110
  2 245 0.610037
  3 110 0.707546
  3 231 0.805055
  4  98 0.904176
  4 221 1.003297
  5  89 1.103223
  5 211 1.201538
  6  81 1.303077
  6 205 1.403004
  7  74 1.503736
  7 195 1.601245
  8  62 1.700366
  8 185 1.799487
  9  52 1.898608
  9 174 1.996923
 10  43 2.097656
 10 167 2.197582
 11  35 2.297509
 11 156 2.395018
 12  22 2.493333
 12 143 2.590842
 13   9 2.689158
 13 130 2.786667
 14   0 2.888205
 14 123 2.987326
