  0  25 0.020147
  0 140 0.112821
  1   8 0.212747
  1 131 0.311868
  2   0 0.412601
  2 121 0.510110
  2 243 0.608425
  3 108 0.705934
  3 230 0.804249
  4  98 0.904176
  4 222 1.004103
  5  91 1.104835
  5 213 1.203150
  6  81 1.303077
  6 204 1.402198
  7  72 1.502125
  7 193 1.599634
  8  62 1.700366
  8 186 1.800293
  9  53 1.899414
  9 176 1.998535
 10  42 2.096850
 10 166 2.196777
 11  33 2.295897
 11 155 2.394212
 12  21 2.492527
 12 144 2.591648
 13  11 2.690769
 13 133 2.789084
 14   0 2.888205
 14 121 2.985714
