  0  27 0.021758
  0 142 0.114432
  1   8 0.212747
  1 131 0.311868
  2   0 0.412601
  2 121 0.510110
  2 244 0.609231
  3 108 0.705934
  3 231 0.805055
  4  99 0.904982
  4 224 1.005714
  5  91 1.104835
  5 213 1.203150
  6  81 1.303077
  6 204 1.402198
  7  72 1.502125
  7 194 1.600440
  8  63 1.701172
  8 187 1.801099
  9  54 1.900220
  9 176 1.998535
 10  43 2.097656
 10 165 2.195971
 11  33 2.295897
 11 155 2.394212
 12  22 2.493333
 12 145 2.592454
 13  12 2.691575
 13 133 2.789084
 14   0 2.888205
 14 121 2.985714
