  0  27 0.021758
  0 141 0.113626
  1   7 0.211941
  1 130 0.311062
  1 254 0.410989
  2 122 0.510916
  2 246 0.610842
  3 110 0.707546
  3 232 0.805861
  4  99 0.904982
  4 222 1.004103
  5  90 1.104029
  5 212 1.202344
  6  81 1.303077
  6 205 1.403004
  7  74 1.503736
  7 196 1.602051
  8  64 1.701978
  8 186 1.800293
  9  52 1.898608
  9 174 1.996923
 10  42 2.096850
 10 166 2.196777
 11  36 2.298315
 11 157 2.395824
 12  24 2.494945
 12 144 2.591648
 13  10 2.689963
 13 131 2.787473
 13 253 2.885788
 14 121 2.985714
