  0  27 0.021758
  0 142 0.114432
  1   9 0.213553
  1 133 0.313480
  2   1 0.413407
  2 123 0.511722
  2 244 0.609231
  3 108 0.705934
  3 231 0.805055
  4  97 0.903370
  4 223 1.004908
  5  92 1.105641
  5 214 1.203956
  6  82 1.303883
  6 204 1.402198
  7  73 1.502930
  7 194 1.600440
  8  62 1.700366
  8 186 1.800293
  9  53 1.899414
  9 176 1.998535
 10  44 2.098462
 10 166 2.196777
 11  34 2.296703
 11 155 2.394212
 12  22 2.493333
 12 144 2.591648
 13  10 2.689963
 13 132 2.788278
 14   0 2.888205
 14 121 2.985714
