  0  26 0.020952
  0 140 0.112821
  1   8 0.212747
  1 132 0.312674
  2   1 0.413407
  2 123 0.511722
  2 243 0.608425
  3 109 0.706740
  3 231 0.805055
  4  98 0.904176
  4 223 1.004908
  5  91 1.104835
  5 215 1.204762
  6  82 1.303883
  6 204 1.402198
  7  72 1.502125
  7 194 1.600440
  8  62 1.700366
  8 185 1.799487
  9  53 1.899414
  9 177 1.999341
 10  43 2.097656
 10 167 2.197582
 11  34 2.296703
 11 155 2.394212
 12  22 2.493333
 12 144 2.591648
 13  10 2.689963
 13 133 2.789084
 14   0 2.888205
 14 122 2.986520
