  0  19 0.015311
  0 136 0.109597
  0 253 0.203883
  1 116 0.299780
  1 235 0.395678
  2  99 0.492381
  2 217 0.587473
  3  79 0.682564
  3 198 0.778462
  4  60 0.873553
  4 179 0.969451
  5  42 1.065348
  5 159 1.159634
  6  23 1.256337
  6 142 1.352234
  7   6 1.448938
  7 125 1.544835
  7 244 1.640733
  8 108 1.737436
  8 226 1.832527
  9  88 1.927619
  9 206 2.022711
 10  69 2.118608
 10 189 2.215311
 11  50 2.309597
 11 168 2.404689
 12  31 2.500586
 12 149 2.595678
 13  11 2.690769
 13 130 2.786667
 13 248 2.881758
