  0  19 0.015311
  0 135 0.108791
  0 253 0.203883
  1 118 0.301392
  1 237 0.397289
  2  99 0.492381
  2 217 0.587473
  3  77 0.680952
  3 195 0.776044
  4  58 0.871941
  4 177 0.967839
  5  41 1.064542
  5 160 1.160440
  6  24 1.257143
  6 144 1.353846
  7   8 1.450549
  7 125 1.544835
  7 243 1.639927
  8 107 1.736630
  8 224 1.830916
  9  87 1.926813
  9 205 2.021905
 10  70 2.119414
 10 190 2.216117
 11  52 2.311209
 11 170 2.406300
 12  32 2.501392
 12 149 2.595678
 13  10 2.689963
 13 128 2.785055
 13 246 2.880147
