  0  19 0.015311
  0 135 0.108791
  0 252 0.203077
  1 116 0.299780
  1 237 0.397289
  2 100 0.493187
  2 218 0.588278
  3  78 0.681758
  3 196 0.776850
  4  58 0.871941
  4 177 0.967839
  5  41 1.064542
  5 159 1.159634
  6  23 1.256337
  6 143 1.353040
  7   8 1.450549
  7 125 1.544835
  7 245 1.641538
  8 108 1.737436
  8 224 1.830916
  9  87 1.926813
  9 205 2.021905
 10  69 2.118608
 10 189 2.215311
 11  51 2.310403
 11 170 2.406300
 12  32 2.501392
 12 150 2.596484
 13  11 2.690769
 13 129 2.785861
 13 246 2.880147
