  0  19 0.015311
  0 136 0.109597
  0 254 0.204689
  1 117 0.300586
  1 237 0.397289
  2 100 0.493187
  2 217 0.587473
  3  77 0.680952
  3 195 0.776044
  4  58 0.871941
  4 178 0.968645
  5  41 1.064542
  5 160 1.160440
  6  25 1.257949
  6 144 1.353846
  7   8 1.450549
  7 125 1.544835
  7 243 1.639927
  8 106 1.735824
  8 224 1.830916
  9  87 1.926813
  9 206 2.022711
 10  70 2.119414
 10 190 2.216117
 11  53 2.312015
 11 170 2.406300
 12  31 2.500586
 12 148 2.594872
 13   9 2.689158
 13 128 2.785055
 13 246 2.880147
