  0  20 0.016117
  0 137 0.110403
  0 254 0.204689
  1 117 0.300586
  1 236 0.396484
  2  99 0.492381
  2 216 0.586667
  3  77 0.680952
  3 195 0.776044
  4  59 0.872747
  4 179 0.969451
  5  43 1.066154
  5 160 1.160440
  6  24 1.257143
  6 143 1.353040
  7   6 1.448938
  7 123 1.543223
  7 243 1.639927
  8 106 1.735824
  8 225 1.831722
  9  89 1.928425
  9 207 2.023516
 10  71 2.120220
 10 190 2.216117
 11  51 2.310403
 11 169 2.405495
 12  32 2.501392
 12 148 2.594872
 13   8 2.688352
 13 128 2.785055
 13 247 2.880952
