  0  20 0.016117
  0 136 0.109597
  0 254 0.204689
  1 117 0.300586
  1 236 0.396484
  2  99 0.492381
  2 217 0.587473
  3  77 0.680952
  3 195 0.776044
  4  58 0.871941
  4 179 0.969451
  5  42 1.065348
  5 161 1.161245
  6  24 1.257143
  6 143 1.353040
  7   7 1.449744
  7 124 1.544029
  7 243 1.639927
  8 105 1.735018
  8 224 1.830916
  9  87 1.926813
  9 206 2.022711
 10  71 2.120220
 10 191 2.216923
 11  51 2.310403
 11 170 2.406300
 12  31 2.500586
 12 148 2.594872
 13   9 2.689158
 13 128 2.785055
 13 247 2.880952
