  0  19 0.015311
  0 135 0.108791
  0 253 0.203883
  1 116 0.299780
  1 236 0.396484
  2 100 0.493187
  2 218 0.588278
  3  78 0.681758
  3 196 0.776850
  4  59 0.872747
  4 178 0.968645
  5  41 1.064542
  5 158 1.158828
  6  22 1.255531
  6 142 1.352234
  7   7 1.449744
  7 125 1.544835
  7 245 1.641538
  8 108 1.737436
  8 225 1.831722
  9  88 1.927619
  9 205 2.021905
 10  70 2.119414
 10 189 2.215311
 11  51 2.310403
 11 169 2.405495
 12  32 2.501392
 12 149 2.595678
 13  11 2.690769
 13 128 2.785055
 13 246 2.880147
