  0  19 0.015311
  0 135 0.108791
  0 253 0.203883
  1 115 0.298974
  1 235 0.395678
  2  98 0.491575
  2 217 0.587473
  3  79 0.682564
  3 197 0.777656
  4  60 0.873553
  4 179 0.969451
  5  41 1.064542
  5 159 1.159634
  6  23 1.256337
  6 142 1.352234
  7   6 1.448938
  7 124 1.544029
  7 244 1.640733
  8 108 1.737436
  8 227 1.833333
  9  88 1.927619
  9 206 2.022711
 10  69 2.118608
 10 188 2.214505
 11  50 2.309597
 11 168 2.404689
 12  30 2.499780
 12 149 2.595678
 13  12 2.691575
 13 130 2.786667
 13 248 2.881758
