  0  19 0.015311
  0 135 0.108791
  0 252 0.203077
  1 115 0.298974
  1 235 0.395678
  2  99 0.492381
  2 217 0.587473
  3  79 0.682564
  3 197 0.777656
  4  59 0.872747
  4 178 0.968645
  5  41 1.064542
  5 159 1.159634
  6  23 1.256337
  6 142 1.352234
  7   7 1.449744
  7 125 1.544835
  7 245 1.641538
  8 108 1.737436
  8 226 1.832527
  9  88 1.927619
  9 205 2.021905
 10  69 2.118608
 10 189 2.215311
 11  50 2.309597
 11 168 2.404689
 12  31 2.500586
 12 150 2.596484
 13  12 2.691575
 13 130 2.786667
 13 248 2.881758
