  0   5 0.004029
  0  26 0.020952
  0  49 0.039487
  0  69 0.055604
  0  91 0.073333
  0 113 0.091062
  0 134 0.107985
  0 155 0.124908
  0 177 0.142637
  0 198 0.159560
  0 220 0.177289
  0 242 0.195018
  1   8 0.212747
  1  30 0.230476
  1  52 0.248205
  1  73 0.265128
  1  95 0.282857
  1 116 0.299780
  1 138 0.317509
  1 159 0.334432
  1 181 0.352161
  1 203 0.369890
  1 225 0.387619
  1 247 0.405348
  2  13 0.423077
  2  34 0.440000
  2  56 0.457729
  2  77 0.474652
  2  98 0.491575
  2 121 0.510110
  2 142 0.527033
