  0   5 0.004029
  0  27 0.021758
  0  48 0.038681
  0  70 0.056410
  0  91 0.073333
  0 112 0.090256
  0 134 0.107985
  0 155 0.124908
  0 177 0.142637
  0 198 0.159560
  0 220 0.177289
  0 242 0.195018
  1   8 0.212747
  1  29 0.229670
  1  51 0.247399
  1  73 0.265128
  1  95 0.282857
  1 117 0.300586
  1 138 0.317509
  1 160 0.335238
  1 182 0.352967
  1 204 0.370696
  1 225 0.387619
  1 247 0.405348
  2  13 0.423077
  2  34 0.440000
  2  56 0.457729
  2  77 0.474652
  2  99 0.492381
  2 120 0.509304
  2 142 0.527033
