  0   5 0.004029
  0  26 0.020952
  0  47 0.037875
  0  69 0.055604
  0  91 0.073333
  0 112 0.090256
  0 134 0.107985
  0 155 0.124908
  0 177 0.142637
  0 199 0.160366
  0 221 0.178095
  0 242 0.195018
  1   8 0.212747
  1  30 0.230476
  1  51 0.247399
  1  73 0.265128
  1  95 0.282857
  1 117 0.300586
  1 139 0.318315
  1 161 0.336044
  1 182 0.352967
  1 203 0.369890
  1 225 0.387619
  1 247 0.405348
  2  13 0.423077
  2  34 0.440000
  2  56 0.457729
  2  77 0.474652
  2  99 0.492381
  2 121 0.510110
  2 143 0.527839
