  0   5 0.004029
  0  27 0.021758
  0  48 0.038681
  0  69 0.055604
  0  91 0.073333
  0 113 0.091062
  0 134 0.107985
  0 156 0.125714
  0 177 0.142637
  0 199 0.160366
  0 221 0.178095
  0 242 0.195018
  1   8 0.212747
  1  29 0.229670
  1  52 0.248205
  1  73 0.265128
  1  95 0.282857
  1 117 0.300586
  1 139 0.318315
  1 160 0.335238
  1 182 0.352967
  1 203 0.369890
  1 225 0.387619
  1 246 0.404542
  2  12 0.422271
  2  34 0.440000
  2  56 0.457729
  2  77 0.474652
  2  99 0.492381
  2 121 0.510110
  2 142 0.527033
