  0   5 0.004029
  0  26 0.020952
  0  47 0.037875
  0  69 0.055604
  0  91 0.073333
  0 113 0.091062
  0 134 0.107985
  0 156 0.125714
  0 177 0.142637
  0 198 0.159560
  0 220 0.177289
  0 242 0.195018
  1   7 0.211941
  1  29 0.229670
  1  51 0.247399
  1  73 0.265128
  1  95 0.282857
  1 117 0.300586
  1 138 0.317509
  1 160 0.335238
  1 181 0.352161
  1 203 0.369890
  1 225 0.387619
  1 247 0.405348
  2  12 0.422271
  2  34 0.440000
  2  56 0.457729
  2  78 0.475458
  2  99 0.492381
  2 121 0.510110
  2 142 0.527033
