  0   4 0.003223
  0  26 0.020952
  0  47 0.037875
  0  69 0.055604
  0  91 0.073333
  0 113 0.091062
  0 135 0.108791
  0 156 0.125714
  0 177 0.142637
  0 198 0.159560
  0 220 0.177289
  0 242 0.195018
  1   7 0.211941
  1  29 0.229670
  1  51 0.247399
  1  73 0.265128
  1  96 0.283663
  1 118 0.301392
  1 139 0.318315
  1 160 0.335238
  1 181 0.352161
  1 203 0.369890
  1 225 0.387619
  1 246 0.404542
  2  13 0.423077
  2  34 0.440000
  2  56 0.457729
  2  77 0.474652
  2  99 0.492381
  2 121 0.510110
  2 142 0.527033
