  0   4 0.003223
  0  26 0.020952
  0  47 0.037875
  0  70 0.056410
  0  92 0.074139
  0 114 0.091868
  0 135 0.108791
  0 155 0.124908
  0 177 0.142637
  0 198 0.159560
  0 219 0.176484
  0 242 0.195018
  1   8 0.212747
  1  30 0.230476
  1  52 0.248205
  1  73 0.265128
  1  95 0.282857
  1 117 0.300586
  1 138 0.317509
  1 160 0.335238
  1 181 0.352161
  1 203 0.369890
  1 225 0.387619
  1 247 0.405348
  2  13 0.423077
  2  35 0.440806
  2  56 0.457729
  2  78 0.475458
  2  99 0.492381
  2 121 0.510110
  2 142 0.527033
