  0  20 0.016117
  0 135 0.108791
  0 250 0.201465
  1 109 0.294139
  1 227 0.389231
  2  88 0.483516
  2 205 0.577802
  3  64 0.670476
  3 180 0.763956
  4  40 0.857436
  4 156 0.950916
  5  16 1.044396
  5 131 1.137070
  5 247 1.230549
  6 109 1.325641
  6 227 1.420733
  7  86 1.513407
  7 203 1.607692
  8  65 1.702784
  8 180 1.795458
  9  40 1.888938
  9 156 1.982418
 10  16 2.075897
 10 133 2.170183
 10 248 2.262857
 11 107 2.355531
 11 222 2.448205
 12  83 2.542491
 12 198 2.635165
 13  59 2.729451
 13 174 2.822125
