  0  22 0.017729
  0 135 0.108791
  0 250 0.201465
  1 110 0.294945
  1 227 0.389231
  2  88 0.483516
  2 204 0.576996
  3  63 0.669670
  3 180 0.763956
  4  40 0.857436
  4 157 0.951722
  5  17 1.045201
  5 131 1.137070
  5 248 1.231355
  6 108 1.324835
  6 226 1.419927
  7  85 1.512601
  7 203 1.607692
  8  65 1.702784
  8 181 1.796264
  9  41 1.889744
  9 156 1.982418
 10  17 2.076703
 10 133 2.170183
 10 248 2.262857
 11 107 2.355531
 11 222 2.448205
 12  82 2.541685
 12 198 2.635165
 13  59 2.729451
 13 175 2.822930
