  0  20 0.016117
  0 135 0.108791
  0 251 0.202271
  1 113 0.297363
  1 230 0.391648
  2  90 0.485128
  2 205 0.577802
  3  62 0.668864
  3 178 0.762344
  4  38 0.855824
  4 154 0.949304
  5  16 1.044396
  5 131 1.137070
  5 249 1.232161
  6 111 1.327253
  6 229 1.422344
  7  88 1.515018
  7 203 1.607692
  8  64 1.701978
  8 179 1.794652
  9  38 1.887326
  9 155 1.981612
 10  16 2.075897
 10 133 2.170183
 10 249 2.263663
 11 109 2.357143
 11 225 2.450623
 12  83 2.542491
 12 196 2.633553
 13  57 2.727839
 13 172 2.820513
