  0  22 0.017729
  0 135 0.108791
  0 250 0.201465
  1 110 0.294945
  1 228 0.390037
  2  89 0.484322
  2 205 0.577802
  3  64 0.670476
  3 179 0.763150
  4  39 0.856630
  4 156 0.950916
  5  16 1.044396
  5 131 1.137070
  5 248 1.231355
  6 109 1.325641
  6 227 1.420733
  7  86 1.513407
  7 204 1.608498
  8  65 1.702784
  8 180 1.795458
  9  39 1.888132
  9 155 1.981612
 10  16 2.075897
 10 134 2.170989
 10 247 2.262051
 11 107 2.355531
 11 223 2.449011
 12  83 2.542491
 12 199 2.635971
 13  59 2.729451
 13 174 2.822125
