  0  22 0.017729
  0 136 0.109597
  0 251 0.202271
  1 110 0.294945
  1 227 0.389231
  2  88 0.483516
  2 205 0.577802
  3  63 0.669670
  3 179 0.763150
  4  39 0.856630
  4 156 0.950916
  5  16 1.044396
  5 131 1.137070
  5 248 1.231355
  6 109 1.325641
  6 226 1.419927
  7  86 1.513407
  7 203 1.607692
  8  65 1.702784
  8 181 1.796264
  9  41 1.889744
  9 155 1.981612
 10  16 2.075897
 10 133 2.170183
 10 247 2.262051
 11 107 2.355531
 11 221 2.447399
 12  83 2.542491
 12 198 2.635165
 13  59 2.729451
 13 175 2.822930
