  0  20 0.016117
  0 136 0.109597
  0 252 0.203077
  1 113 0.297363
  1 230 0.391648
  2  90 0.485128
  2 204 0.576996
  3  62 0.668864
  3 178 0.762344
  4  38 0.855824
  4 156 0.950916
  5  15 1.043590
  5 131 1.137070
  5 249 1.232161
  6 111 1.327253
  6 228 1.421538
  7  87 1.514212
  7 203 1.607692
  8  63 1.701172
  8 179 1.794652
  9  38 1.887326
  9 155 1.981612
 10  16 2.075897
 10 133 2.170183
 10 249 2.263663
 11 110 2.357949
 11 224 2.449817
 12  83 2.542491
 12 197 2.634359
 13  57 2.727839
 13 173 2.821319
