  0  23 0.018535
  0 136 0.109597
  0 251 0.202271
  1 111 0.295751
  1 228 0.390037
  2  88 0.483516
  2 204 0.576996
  3  63 0.669670
  3 179 0.763150
  4  40 0.857436
  4 157 0.951722
  5  17 1.045201
  5 132 1.137875
  5 248 1.231355
  6 109 1.325641
  6 226 1.419927
  7  86 1.513407
  7 202 1.606886
  8  63 1.701172
  8 181 1.796264
  9  41 1.889744
  9 157 1.983223
 10  17 2.076703
 10 134 2.170989
 10 248 2.262857
 11 108 2.356337
 11 222 2.448205
 12  82 2.541685
 12 196 2.633553
 13  57 2.727839
 13 174 2.822125
