  0  20 0.016117
  0 134 0.107985
  0 250 0.201465
  1 109 0.294139
  1 228 0.390037
  2  89 0.484322
  2 206 0.578608
  3  64 0.670476
  3 180 0.763956
  4  39 0.856630
  4 156 0.950916
  5  15 1.043590
  5 131 1.137070
  5 247 1.230549
  6 109 1.325641
  6 227 1.420733
  7  87 1.514212
  7 205 1.609304
  8  66 1.703590
  8 181 1.796264
  9  40 1.888938
  9 156 1.982418
 10  16 2.075897
 10 132 2.169377
 10 247 2.262051
 11 107 2.355531
 11 223 2.449011
 12  83 2.542491
 12 199 2.635971
 13  59 2.729451
 13 175 2.822930
