  0  21 0.016923
  0 135 0.108791
  0 250 0.201465
  1 111 0.295751
  1 229 0.390842
  2  91 0.485934
  2 206 0.578608
  3  64 0.670476
  3 179 0.763150
  4  38 0.855824
  4 155 0.950110
  5  15 1.043590
  5 130 1.136264
  5 248 1.231355
  6 110 1.326447
  6 228 1.421538
  7  88 1.515018
  7 204 1.608498
  8  64 1.701978
  8 179 1.794652
  9  38 1.887326
  9 154 1.980806
 10  15 2.075092
 10 134 2.170989
 10 249 2.263663
 11 109 2.357143
 11 224 2.449817
 12  85 2.544103
 12 198 2.635165
 13  56 2.727033
 13 173 2.821319
