  0  23 0.018535
  0 138 0.111209
  0 252 0.203077
  1 112 0.296557
  1 228 0.390037
  2  88 0.483516
  2 203 0.576190
  3  62 0.668864
  3 177 0.761538
  4  38 0.855824
  4 157 0.951722
  5  18 1.046007
  5 133 1.138681
  5 250 1.232967
  6 110 1.326447
  6 226 1.419927
  7  86 1.513407
  7 202 1.606886
  8  63 1.701172
  8 178 1.793846
  9  40 1.888938
  9 156 1.982418
 10  18 2.077509
 10 135 2.171795
 10 248 2.262857
 11 107 2.355531
 11 221 2.447399
 12  82 2.541685
 12 196 2.633553
 13  57 2.727839
 13 173 2.821319
