  0  14 0.011282
  0  18 0.014505
  0  22 0.017729
  0  26 0.020952
  0  30 0.024176
  0  34 0.027399
  0  38 0.030623
  0  42 0.033846
  0  46 0.037070
  0  50 0.040293
  0  53 0.042711
  0  58 0.046740
  0  62 0.049963
  0  65 0.052381
  0  70 0.056410
  0  74 0.059634
  0  78 0.062857
  0  82 0.066081
  0  85 0.068498
  0  89 0.071722
  0  93 0.074945
  0  97 0.078168
  0 101 0.081392
  0 106 0.085421
  0 109 0.087839
  0 113 0.091062
  0 117 0.094286
  0 121 0.097509
  0 125 0.100733
  0 129 0.103956
  0 134 0.107985
  0 138 0.111209
  0 141 0.113626
  0 146 0.117656
  0 149 0.120073
  0 153 0.123297
  0 157 0.126520
  0 161 0.129744
  0 165 0.132967
  0 170 0.136996
  0 174 0.140220
  0 178 0.143443
  0 182 0.146667
  0 186 0.149890
  0 190 0.153114
  0 194 0.156337
  0 197 0.158755
  0 202 0.162784
  0 205 0.165201
  0 209 0.168425
  0 214 0.172454
  0 217 0.174872
  0 221 0.178095
  0 225 0.181319
  0 230 0.185348
  0 233 0.187766
  0 237 0.190989
  0 241 0.194212
  0 245 0.197436
  0 249 0.200659
  0 253 0.203883
  1   2 0.207912
  1   6 0.211136
  1  10 0.214359
  1  14 0.217582
  1  18 0.220806
  1  22 0.224029
  1  24 0.225641
  1  29 0.229670
  1  34 0.233700
  1  38 0.236923
  1  42 0.240147
  1  46 0.243370
  1  49 0.245788
  1  53 0.249011
  1  57 0.252234
  1  61 0.255458
  1  65 0.258681
  1  69 0.261905
  1  73 0.265128
  1  77 0.268352
  1  81 0.271575
  1  85 0.274799
  1  89 0.278022
  1  93 0.281245
  1  97 0.284469
  1 102 0.288498
  1 105 0.290916
  1 110 0.294945
  1 114 0.298168
  1 117 0.300586
  1 120 0.303004
