  0  14 0.011282
  0  17 0.013700
  0  21 0.016923
  0  26 0.020952
  0  29 0.023370
  0  33 0.026593
  0  37 0.029817
  0  41 0.033040
  0  45 0.036264
  0  49 0.039487
  0  53 0.042711
  0  57 0.045934
  0  62 0.049963
  0  65 0.052381
  0  70 0.056410
  0  73 0.058828
  0  77 0.062051
  0  81 0.065275
  0  85 0.068498
  0  88 0.070916
  0  93 0.074945
  0  97 0.078168
  0 101 0.081392
  0 105 0.084615
  0 109 0.087839
  0 113 0.091062
  0 117 0.094286
  0 121 0.097509
  0 125 0.100733
  0 129 0.103956
  0 133 0.107179
  0 137 0.110403
  0 141 0.113626
  0 145 0.116850
  0 149 0.120073
  0 153 0.123297
  0 157 0.126520
  0 161 0.129744
  0 165 0.132967
  0 170 0.136996
  0 173 0.139414
  0 177 0.142637
  0 181 0.145861
  0 185 0.149084
  0 189 0.152308
  0 193 0.155531
  0 198 0.159560
  0 201 0.161978
  0 205 0.165201
  0 209 0.168425
  0 213 0.171648
  0 217 0.174872
  0 221 0.178095
  0 225 0.181319
  0 229 0.184542
  0 234 0.188571
  0 237 0.190989
  0 241 0.194212
  0 245 0.197436
  0 250 0.201465
  0 254 0.204689
  1   2 0.207912
  1   6 0.211136
  1  10 0.214359
  1  13 0.216777
  1  19 0.221612
  1  22 0.224029
  1  25 0.226447
  1  29 0.229670
  1  33 0.232894
  1  38 0.236923
  1  42 0.240147
  1  46 0.243370
  1  50 0.246593
  1  53 0.249011
  1  56 0.251429
  1  61 0.255458
  1  65 0.258681
  1  68 0.261099
  1  73 0.265128
  1  77 0.268352
  1  82 0.272381
  1  85 0.274799
  1  89 0.278022
  1  93 0.281245
  1  97 0.284469
  1 101 0.287692
  1 105 0.290916
  1 109 0.294139
  1 114 0.298168
  1 117 0.300586
  1 120 0.303004
