 14  74 2.947839
  0 123 0.099121
  0 159 0.128132
  0 199 0.160366
  0 238 0.191795
  1  26 0.227253
  1  69 0.261905
  1 106 0.291722
  1 146 0.323956
  1 185 0.355385
  1 185 0.355385
  2  12 0.422271
  2  13 0.423077
  2  95 0.489158
  2 136 0.522198
  2 174 0.552821
  2 173 0.552015
  2 253 0.616484
  2 252 0.615678
  3  75 0.679341
  3  77 0.680952
  3 158 0.746227
  3 199 0.779267
  3 239 0.811502
  3 238 0.810696
  4  61 0.874359
  4  62 0.875165
  4 143 0.940440
  4 187 0.975897
  4 229 1.009744
  5  14 1.042784
  5  50 1.071795
  5  50 1.071795
  5 130 1.136264
  5 130 1.136264
  5 212 1.202344
  6   0 1.237802
  6  41 1.270842
  6  81 1.303077
  6 119 1.333700
  6 118 1.332894
  6 199 1.398168
  6 199 1.398168
  7  25 1.464249
  7  28 1.466667
  7 108 1.531136
  7 148 1.563370
  7 186 1.593993
  7 186 1.593993
  8  11 1.659267
  8  12 1.660073
  8  94 1.726154
  8 136 1.760000
  8 176 1.792234
  8 215 1.823663
  8 253 1.854286
  8 252 1.853480
  9  78 1.919560
  9  79 1.920366
  9 161 1.986447
  9 203 2.020293
  9 241 2.050916
  9 240 2.050110
 10  65 2.115385
 10  64 2.114579
 10 146 2.180659
 10 147 2.181465
 10 228 2.246740
 11  15 2.281392
 11  52 2.311209
 11  51 2.310403
 11 130 2.374066
 11 129 2.373260
 11 210 2.438535
 11 252 2.472381
 12  38 2.506227
 12  77 2.537656
 12 115 2.568278
 12 114 2.567473
 12 193 2.631136
 12 193 2.631136
 13  19 2.697216
 13  63 2.732674
 13 105 2.766520
 13 103 2.764908
 13 182 2.828571
 13 182 2.828571
 14   8 2.894652
 14   8 2.894652
 14  67 2.942198
 14  71 2.945421
 14  65 2.940586
