 14  41 2.921245
  0 126 0.101538
  0 162 0.130549
  0 201 0.161978
  0 237 0.190989
  1  22 0.224029
  1  22 0.224029
  1 103 0.289304
  1 146 0.323956
  1 190 0.359414
  1 228 0.390037
  2  14 0.423883
  2  53 0.455311
  2  91 0.485934
  2  91 0.485934
  2 173 0.552015
  2 174 0.552821
  3   2 0.620513
  3  39 0.650330
  3  76 0.680147
  3  74 0.678535
  3 155 0.743810
  3 154 0.743004
  3 238 0.810696
  3 241 0.813114
  4  65 0.877582
  4 105 0.909817
  4 144 0.941245
  4 144 0.941245
  4 224 1.005714
  4 225 1.006520
  5  50 1.071795
  5  94 1.107253
  5 134 1.139487
  5 173 1.170916
  5 212 1.202344
  5 211 1.201538
  6  38 1.268425
  6  38 1.268425
  6 120 1.334505
  6 163 1.369158
  6 203 1.401392
  6 200 1.398974
  7  24 1.463443
  7  23 1.462637
  7 104 1.527912
  7 106 1.529524
  7 189 1.596410
  7 230 1.629451
  8  13 1.660879
  8  12 1.660073
  8  92 1.724542
  8  92 1.724542
  8 172 1.789011
  8 174 1.790623
  9   0 1.856703
  9  41 1.889744
  9  80 1.921172
  9  78 1.919560
  9 159 1.984835
  9 158 1.984029
  9 240 2.050110
  9 242 2.051722
 10  69 2.118608
 10 107 2.149231
 10 147 2.181465
 10 145 2.179853
 10 224 2.243516
 10 225 2.244322
 11  53 2.312015
 11  94 2.345055
 11 133 2.376484
 11 131 2.374872
 11 209 2.437729
 11 209 2.437729
 12  35 2.503810
 12  36 2.504615
 12 118 2.570696
 12 157 2.602125
 12 196 2.633553
 12 194 2.631941
 13  19 2.697216
 13  19 2.697216
 13 101 2.763297
 13 104 2.765714
 13 187 2.832601
 13 225 2.863223
 14   9 2.895458
 14   8 2.894652
 14  66 2.941392
 14  57 2.934139
 14  41 2.921245
