  0  88 0.070916
  0 120 0.096703
  0 158 0.127326
  0 198 0.159560
  0 197 0.158755
  1  20 0.222418
  1  21 0.223223
  1 103 0.289304
  1 145 0.323150
  1 186 0.356190
  1 184 0.354579
  2  10 0.420659
  2  10 0.420659
  2  90 0.485128
  2  92 0.486740
  2 175 0.553626
  2 215 0.585861
  2 255 0.618095
  2 254 0.617289
  3  74 0.678535
  3  74 0.678535
  3 154 0.743004
  3 156 0.744615
  3 240 0.812308
  4  23 0.843736
  4  61 0.874359
  4  60 0.873553
  4 141 0.938828
  4 141 0.938828
  4 224 1.005714
  4 226 1.007326
  5  52 1.073407
  5  93 1.106447
  5 131 1.137070
  5 128 1.134652
  5 211 1.201538
  5 210 1.200733
  6  37 1.267619
  6  40 1.270037
  6 121 1.335311
  6 161 1.367546
  6 200 1.398974
  6 200 1.398974
  7  23 1.462637
  7  23 1.462637
  7 105 1.528718
  7 108 1.531136
  7 189 1.596410
  7 187 1.594799
  8  11 1.659267
  8  11 1.659267
  8  91 1.723736
  8  92 1.724542
  8 173 1.789817
  8 216 1.824469
  8 255 1.855897
  8 253 1.854286
  9  77 1.918755
  9  77 1.918755
  9 158 1.984029
  9 159 1.984835
  9 242 2.051722
 10  28 2.085568
 10  67 2.116996
 10  65 2.115385
 10 146 2.180659
 10 146 2.180659
 10 224 2.243516
 10 227 2.245934
 11  54 2.312821
 11  93 2.344249
 11 131 2.374872
 11 130 2.374066
 11 209 2.437729
 11 209 2.437729
 12  36 2.504615
 12  37 2.505421
 12 118 2.570696
 12 116 2.569084
 12 193 2.631136
 12 193 2.631136
 13  18 2.696410
 13  19 2.697216
 13 101 2.763297
 13 104 2.765714
 13 186 2.831795
 13 184 2.830183
 14   8 2.894652
 14   7 2.893846
 14  62 2.938168
 14  54 2.931722
 14  43 2.922857
