 14  54 2.931722
  0 120 0.096703
  0 158 0.127326
  0 203 0.163590
  0 240 0.193407
  1  23 0.224835
  1  21 0.223223
  1 101 0.287692
  1 101 0.287692
  1 185 0.355385
  1 225 0.387619
  2  14 0.423883
  2  52 0.454505
  2  90 0.485128
  2  89 0.484322
  2 169 0.548791
  2 170 0.549597
  2 253 0.616484
  3   0 0.618901
  3  78 0.681758
  3  77 0.680952
  3 156 0.744615
  3 155 0.743810
  3 237 0.809890
  3 237 0.809890
  4  60 0.873553
  4 106 0.910623
  4 145 0.942051
  4 146 0.942857
  4 224 1.005714
  4 223 1.004908
  5  48 1.070183
  5  49 1.070989
  5 131 1.137070
  5 132 1.137875
  5 212 1.202344
  5 211 1.201538
  6  38 1.268425
  6  35 1.266007
  6 117 1.332088
  6 119 1.333700
  6 203 1.401392
  6 244 1.434432
  7  27 1.465861
  7  25 1.464249
  7 104 1.527912
  7 105 1.528718
  7 185 1.593187
  7 187 1.594799
  8  13 1.660879
  8  54 1.693919
  8  93 1.725348
  8  91 1.723736
  8 171 1.788205
  8 171 1.788205
  8 252 1.853480
  8 254 1.855092
  9  81 1.921978
  9  80 1.921172
  9 156 1.982418
  9 157 1.983223
  9 238 2.048498
  9 238 2.048498
 10  67 2.116996
 10 109 2.150842
 10 150 2.183883
 10 148 2.182271
 10 224 2.243516
 10 224 2.243516
 11  49 2.308791
 11  50 2.309597
 11 132 2.375678
 11 134 2.377289
 11 211 2.439341
 11 210 2.438535
 12  34 2.503004
 12  33 2.502198
 12 113 2.566667
 12 115 2.568278
 12 197 2.634359
 12 198 2.635165
 13  20 2.698022
 13  19 2.697216
 13 100 2.762491
 13 100 2.762491
 13 183 2.829377
 13 185 2.830989
 14  11 2.897070
 14  52 2.930110
 14  71 2.945421
 14  65 2.940586
 14  71 2.945421
