 14  42 2.922051
  0 121 0.097509
  0 158 0.127326
  0 200 0.161172
  0 239 0.192601
  1  23 0.224835
  1  21 0.223223
  1  99 0.286081
  1  99 0.286081
  1 182 0.352967
  1 184 0.354579
  2  13 0.423077
  2  55 0.456923
  2  92 0.486740
  2 133 0.519780
  2 172 0.551209
  2 171 0.550403
  2 252 0.615678
  2 254 0.617289
  3  78 0.681758
  3 120 0.715604
  3 157 0.745421
  3 155 0.743810
  3 236 0.809084
  3 235 0.808278
  4  60 0.873553
  4  62 0.875165
  4 144 0.941245
  4 185 0.974286
  4 225 1.006520
  4 224 1.005714
  5  48 1.070183
  5  48 1.070183
  5 129 1.135458
  5 131 1.137070
  5 214 1.203956
  5 254 1.236190
  6  37 1.267619
  6  37 1.267619
  6 118 1.332894
  6 118 1.332894
  6 200 1.398974
  6 202 1.400586
  7  28 1.466667
  7  66 1.497289
  7 104 1.527912
  7 104 1.527912
  7 184 1.592381
  7 185 1.593187
  8  11 1.659267
  8  13 1.660879
  8  95 1.726960
  8  93 1.725348
  8 172 1.789011
  8 172 1.789011
  8 252 1.853480
  8 251 1.852674
  9  79 1.920366
  9 121 1.954212
  9 161 1.986447
  9 160 1.985641
  9 238 2.048498
  9 237 2.047692
 10  64 2.114579
 10  66 2.116190
 10 148 2.182271
 10 150 2.183883
 10 226 2.245128
 10 224 2.243516
 11  51 2.310403
 11  48 2.307985
 11 129 2.373260
 11 131 2.374872
 11 213 2.440952
 11 252 2.472381
 12  35 2.503810
 12  34 2.503004
 12 113 2.566667
 12 113 2.566667
 12 194 2.631941
 12 196 2.633553
 13  23 2.700440
 13  21 2.698828
 13 100 2.762491
 13 100 2.762491
 13 182 2.828571
 13 182 2.828571
 14  10 2.896264
 14  11 2.897070
 14  65 2.940586
 14  67 2.942198
 14  79 2.951868
