 14  62 2.938168
  0 120 0.096703
  0 159 0.128132
  0 201 0.161978
  0 241 0.194212
  1  25 0.226447
  1  65 0.258681
  1 102 0.288498
  1 102 0.288498
  1 185 0.355385
  1 184 0.354579
  2  13 0.423077
  2  54 0.456117
  2  92 0.486740
  2  90 0.485128
  2 170 0.549597
  2 168 0.547985
  2 251 0.614872
  2 253 0.616484
  3  77 0.680952
  3 120 0.715604
  3 157 0.745421
  3 155 0.743810
  3 237 0.809890
  3 237 0.809890
  4  61 0.874359
  4  61 0.874359
  4 146 0.942857
  4 187 0.975897
  4 226 1.007326
  4 225 1.006520
  5  48 1.070183
  5  48 1.070183
  5 128 1.134652
  5 130 1.136264
  5 214 1.203956
  5 253 1.235385
  6  38 1.268425
  6  35 1.266007
  6 116 1.331282
  6 117 1.332088
  6 199 1.398168
  6 201 1.399780
  7  28 1.466667
  7  67 1.498095
  7 106 1.529524
  7 104 1.527912
  7 185 1.593187
  7 185 1.593187
  8  11 1.659267
  8  13 1.660879
  8  95 1.726960
  8 133 1.757582
  8 172 1.789011
  8 172 1.789011
  8 251 1.852674
  8 251 1.852674
  9  78 1.919560
  9  81 1.921978
  9 161 1.986447
  9 159 1.984835
  9 238 2.048498
  9 238 2.048498
 10  64 2.114579
 10  65 2.115385
 10 147 2.181465
 10 189 2.215311
 10 228 2.246740
 10 226 2.245128
 11  50 2.309597
 11  50 2.309597
 11 129 2.373260
 11 131 2.374872
 11 212 2.440147
 11 253 2.473187
 12  37 2.505421
 12  35 2.503810
 12 113 2.566667
 12 112 2.565861
 12 193 2.631136
 12 195 2.632747
 13  22 2.699634
 13  23 2.700440
 13 102 2.764103
 13 100 2.762491
 13 181 2.827766
 13 182 2.828571
 14   8 2.894652
 14   9 2.895458
 14  66 2.941392
 14  68 2.943004
 14  61 2.937363
