 14  53 2.930916
  0 118 0.095092
  0 115 0.092674
  0 198 0.159560
  0 200 0.161172
  1  23 0.224835
  1  22 0.224029
  1 100 0.286886
  1 100 0.286886
  1 183 0.353773
  1 184 0.354579
  2  13 0.423077
  2  55 0.456923
  2  93 0.487546
  2 132 0.518974
  2 172 0.551209
  2 171 0.550403
  2 253 0.616484
  2 253 0.616484
  3  76 0.680147
  3 120 0.715604
  3 157 0.745421
  3 155 0.743810
  3 236 0.809084
  3 235 0.808278
  4  59 0.872747
  4  61 0.874359
  4 144 0.941245
  4 187 0.975897
  4 227 1.008132
  4 225 1.006520
  5  48 1.070183
  5  49 1.070989
  5 129 1.135458
  5 130 1.136264
  5 214 1.203956
  6   0 1.237802
  6  39 1.269231
  6  36 1.266813
  6 117 1.332088
  6 117 1.332088
  6 199 1.398168
  6 201 1.399780
  7  27 1.465861
  7  28 1.466667
  7 105 1.528718
  7 104 1.527912
  7 184 1.592381
  7 184 1.592381
  8  10 1.658462
  8  13 1.660879
  8  95 1.726960
  8 134 1.758388
  8 172 1.789011
  8 171 1.788205
  8 252 1.853480
  8 251 1.852674
  9  78 1.919560
  9  81 1.921978
  9 161 1.986447
  9 200 2.017875
  9 238 2.048498
  9 237 2.047692
 10  64 2.114579
 10  65 2.115385
 10 148 2.182271
 10 150 2.183883
 10 228 2.246740
 10 224 2.243516
 11  50 2.309597
 11  49 2.308791
 11 129 2.373260
 11 131 2.374872
 11 212 2.440147
 11 253 2.473187
 12  36 2.504615
 12  34 2.503004
 12 113 2.566667
 12 113 2.566667
 12 193 2.631136
 12 195 2.632747
 13  22 2.699634
 13  62 2.731868
 13 101 2.763297
 13 100 2.762491
 13 182 2.828571
 13 182 2.828571
 14   8 2.894652
 14  11 2.897070
 14  67 2.942198
 14  61 2.937363
 14  77 2.950256
