 14  30 2.912381
  0 127 0.102344
  0 158 0.127326
  0 199 0.160366
  0 236 0.190183
  1  24 0.225641
  1  67 0.260293
  1 102 0.288498
  1 100 0.286886
  1 182 0.352967
  1 182 0.352967
  2  10 0.420659
  2  11 0.421465
  2  92 0.486740
  2 134 0.520586
  2 173 0.552015
  2 172 0.551209
  2 253 0.616484
  2 253 0.616484
  3  75 0.679341
  3 120 0.715604
  3 159 0.747033
  3 198 0.778462
  3 238 0.810696
  3 236 0.809084
  4  60 0.873553
  4  60 0.873553
  4 143 0.940440
  4 146 0.942857
  4 227 1.008132
  4 225 1.006520
  5  47 1.069377
  5  47 1.069377
  5 128 1.134652
  5 128 1.134652
  5 211 1.201538
  5 254 1.236190
  6  39 1.269231
  6  37 1.267619
  6 118 1.332894
  6 117 1.332088
  6 199 1.398168
  6 201 1.399780
  7  27 1.465861
  7  68 1.498901
  7 107 1.530330
  7 106 1.529524
  7 184 1.592381
  7 184 1.592381
  8  10 1.658462
  8  11 1.659267
  8  94 1.726154
  8 134 1.758388
  8 172 1.789011
  8 171 1.788205
  8 250 1.851868
  8 251 1.852674
  9  78 1.919560
  9  80 1.921172
  9 162 1.987253
  9 201 2.018681
  9 239 2.049304
  9 237 2.047692
 10  65 2.115385
 10  65 2.115385
 10 148 2.182271
 10 189 2.215311
 10 228 2.246740
 10 225 2.244322
 11  50 2.309597
 11  49 2.308791
 11 129 2.373260
 11 129 2.373260
 11 212 2.440147
 11 213 2.440952
 12  37 2.505421
 12  34 2.503004
 12 113 2.566667
 12 113 2.566667
 12 193 2.631136
 12 195 2.632747
 13  22 2.699634
 13  62 2.731868
 13 101 2.763297
 13 100 2.762491
 13 182 2.828571
 13 181 2.827766
 14   9 2.895458
 14  10 2.896264
 14  63 2.938974
 14  66 2.941392
 14  40 2.920440
