 14  75 2.948645
  0 125 0.100733
  0 163 0.131355
  0 199 0.160366
  0 197 0.158755
  1  19 0.221612
  1  19 0.221612
  1  99 0.286081
  1 102 0.288498
  1 187 0.356996
  1 224 0.386813
  2  11 0.421465
  2  10 0.420659
  2  90 0.485128
  2  90 0.485128
  2 173 0.552015
  2 213 0.584249
  3   1 0.619707
  3  39 0.650330
  3  76 0.680147
  3  75 0.679341
  3 154 0.743004
  3 155 0.743810
  3 238 0.810696
  4  23 0.843736
  4  64 0.876777
  4  62 0.875165
  4 141 0.938828
  4 141 0.938828
  4 222 1.004103
  4 224 1.005714
  5  50 1.071795
  5  91 1.104835
  5 132 1.137875
  5 170 1.168498
  5 210 1.200733
  5 210 1.200733
  6  36 1.266813
  6  37 1.267619
  6 121 1.335311
  6 163 1.369158
  6 202 1.400586
  6 200 1.398974
  7  23 1.462637
  7  24 1.463443
  7 104 1.527912
  7 106 1.529524
  7 188 1.595604
  7 228 1.627839
  8  11 1.659267
  8   9 1.657656
  8  90 1.722930
  8  92 1.724542
  8 171 1.788205
  8 174 1.790623
  9   0 1.856703
  9  39 1.888132
  9  78 1.919560
  9  77 1.918755
  9 158 1.984029
  9 157 1.983223
  9 240 2.050110
 10  28 2.085568
 10  68 2.117802
 10  66 2.116190
 10 146 2.180659
 10 145 2.179853
 10 224 2.243516
 10 225 2.244322
 11  52 2.311209
 11  54 2.312821
 11 131 2.374872
 11 130 2.374066
 11 209 2.437729
 11 208 2.436923
 12  33 2.502198
 12  36 2.504615
 12 117 2.569890
 12 156 2.601319
 12 195 2.632747
 12 193 2.631136
 13  17 2.695604
 13  18 2.696410
 13 100 2.762491
 13 103 2.764908
 13 185 2.830989
 13 225 2.863223
 14   8 2.894652
 14   7 2.893846
 14  62 2.938168
 14  60 2.936557
 14  54 2.931722
