 14  59 2.935751
  0 121 0.097509
  0 160 0.128938
  0 200 0.161172
  0 198 0.159560
  1  21 0.223223
  1  20 0.222418
  1 101 0.287692
  1 103 0.289304
  1 188 0.357802
  1 227 0.389231
  2  13 0.423077
  2  52 0.454505
  2  90 0.485128
  2  89 0.484322
  2 171 0.550403
  2 173 0.552015
  3   1 0.619707
  3  39 0.650330
  3  77 0.680952
  3  74 0.678535
  3 154 0.743004
  3 153 0.742198
  3 235 0.808278
  3 238 0.810696
  4  64 0.876777
  4 106 0.910623
  4 143 0.940440
  4 142 0.939634
  4 223 1.004908
  4 224 1.005714
  5  49 1.070989
  5  92 1.105641
  5 133 1.138681
  5 174 1.171722
  5 212 1.202344
  5 210 1.200733
  6  36 1.266813
  6  35 1.266007
  6 118 1.332894
  6 120 1.334505
  6 203 1.401392
  6 242 1.432821
  7  24 1.463443
  7  23 1.462637
  7 103 1.527106
  7 103 1.527106
  7 185 1.593187
  7 187 1.594799
  8  14 1.661685
  8  54 1.693919
  8  92 1.724542
  8  91 1.723736
  8 171 1.788205
  8 171 1.788205
  8 253 1.854286
  9  40 1.888938
  9  81 1.921978
  9 119 1.952601
  9 159 1.984835
  9 157 1.983223
  9 238 2.048498
  9 238 2.048498
 10  67 2.116996
 10  68 2.117802
 10 149 2.183077
 10 147 2.181465
 10 224 2.243516
 10 224 2.243516
 11  49 2.308791
 11  51 2.310403
 11 132 2.375678
 11 172 2.407912
 11 212 2.440147
 11 209 2.437729
 12  33 2.502198
 12  33 2.502198
 12 113 2.566667
 12 115 2.568278
 12 197 2.634359
 12 238 2.667399
 13  21 2.698828
 13  19 2.697216
 13 100 2.762491
 13  99 2.761685
 13 182 2.828571
 13 184 2.830183
 14  11 2.897070
 14  10 2.896264
 14  66 2.941392
 14  61 2.937363
 14  54 2.931722
