 14  46 2.925275
  0 120 0.096703
  0 157 0.126520
  0 196 0.157949
  0 197 0.158755
  1  22 0.224029
  1  22 0.224029
  1 102 0.288498
  1 101 0.287692
  1 183 0.353773
  1 182 0.352967
  2  10 0.420659
  2  12 0.422271
  2  94 0.488352
  2 136 0.522198
  2 174 0.552821
  2 172 0.551209
  2 252 0.615678
  2 252 0.615678
  3  76 0.680147
  3  77 0.680952
  3 159 0.747033
  3 199 0.779267
  3 237 0.809890
  3 236 0.809084
  4  60 0.873553
  4  59 0.872747
  4 141 0.938828
  4 144 0.941245
  4 226 1.007326
  5  10 1.039560
  5  49 1.070989
  5  48 1.070183
  5 128 1.134652
  5 128 1.134652
  5 211 1.201538
  6   0 1.237802
  6  40 1.270037
  6  79 1.301465
  6 118 1.332894
  6 117 1.332088
  6 198 1.397363
  6 199 1.398168
  7  26 1.465055
  7  68 1.498901
  7 107 1.530330
  7 106 1.529524
  7 185 1.593187
  7 184 1.592381
  8   9 1.657656
  8  10 1.658462
  8  94 1.726154
  8  94 1.726154
  8 173 1.789817
  8 171 1.788205
  8 251 1.852674
  8 251 1.852674
  9  77 1.918755
  9  79 1.920366
  9 161 1.986447
  9 202 2.019487
  9 239 2.049304
  9 238 2.048498
 10  65 2.115385
 10  64 2.114579
 10 146 2.180659
 10 149 2.183077
 10 228 2.246740
 11  11 2.278168
 11  51 2.310403
 11  50 2.309597
 11 128 2.372454
 11 130 2.374066
 11 211 2.439341
 11 212 2.440147
 12  38 2.506227
 12  35 2.503810
 12 113 2.566667
 12 112 2.565861
 12 193 2.631136
 12 194 2.631941
 13  22 2.699634
 13  62 2.731868
 13 102 2.764103
 13 100 2.762491
 13 181 2.827766
 13 182 2.828571
 14   8 2.894652
 14  10 2.896264
 14  67 2.942198
 14  80 2.952674
 14  71 2.945421
