  0  27 0.021758
  0 113 0.091062
  0 198 0.159560
  1  29 0.229670
  1 116 0.299780
  1 201 0.368278
  2  32 0.438388
  2 117 0.506886
  2 204 0.576996
  3  34 0.646300
  3 121 0.716410
  3 208 0.786520
  4  38 0.855824
  4 123 0.924322
  4 210 0.994432
  5  41 1.064542
  5 126 1.133040
  5 213 1.203150
  6  44 1.273260
  6 130 1.342564
  6 217 1.412674
  7  48 1.482784
  7 134 1.552088
  7 222 1.623004
  8  51 1.691502
  8 136 1.760000
  8 219 1.826886
  9  49 1.896190
  9 134 1.964689
  9 220 2.033993
 10  52 2.104908
