  0  25 0.020147
  0 112 0.090256
  0 198 0.159560
  1  29 0.229670
  1 116 0.299780
  1 203 0.369890
  2  34 0.440000
  2 119 0.508498
  2 205 0.577802
  3  35 0.647106
  3 121 0.716410
  3 206 0.784908
  4  36 0.854212
  4 122 0.923516
  4 209 0.993626
  5  41 1.064542
  5 127 1.133846
  5 214 1.203956
  6  46 1.274872
  6 132 1.344176
  6 219 1.414286
  7  48 1.482784
  7 134 1.552088
  7 220 1.621392
  8  49 1.689890
  8 134 1.758388
  8 220 1.827692
  9  48 1.895385
  9 134 1.964689
  9 222 2.035604
 10  54 2.106520
