  0  25 0.020147
  0 111 0.089451
  0 197 0.158755
  1  29 0.229670
  1 116 0.299780
  1 203 0.369890
  2  34 0.440000
  2 119 0.508498
  2 205 0.577802
  3  34 0.646300
  3 120 0.715604
  3 206 0.784908
  4  36 0.854212
  4 122 0.923516
  4 208 0.992821
  5  40 1.063736
  5 126 1.133040
  5 214 1.203956
  6  46 1.274872
  6 132 1.344176
  6 218 1.413480
  7  48 1.482784
  7 134 1.552088
  7 220 1.621392
  8  49 1.689890
  8 134 1.758388
  8 218 1.826081
  9  48 1.895385
  9 133 1.963883
  9 221 2.034799
 10  53 2.105714
