  0  25 0.020147
  0 112 0.090256
  0 199 0.160366
  1  30 0.230476
  1 117 0.300586
  1 203 0.369890
  2  33 0.439194
  2 118 0.507692
  2 203 0.576190
  3  33 0.645495
  3 119 0.714799
  3 205 0.784103
  4  36 0.854212
  4 123 0.924322
  4 210 0.994432
  5  43 1.066154
  5 128 1.134652
  5 214 1.203956
  6  45 1.274066
  6 131 1.343370
  6 217 1.412674
  7  47 1.481978
  7 133 1.551282
  7 220 1.621392
  8  49 1.689890
  8 135 1.759194
  8 220 1.827692
  9  50 1.896996
  9 136 1.966300
  9 222 2.035604
 10  53 2.105714
