  0  27 0.021758
  0 113 0.091062
  0 199 0.160366
  1  30 0.230476
  1 117 0.300586
  1 203 0.369890
  2  33 0.439194
  2 118 0.507692
  2 203 0.576190
  3  33 0.645495
  3 121 0.716410
  3 207 0.785714
  4  37 0.855018
  4 124 0.925128
  4 211 0.995238
  5  43 1.066154
  5 128 1.134652
  5 214 1.203956
  6  45 1.274066
  6 130 1.342564
  6 216 1.411868
  7  47 1.481978
  7 133 1.551282
  7 220 1.621392
  8  50 1.690696
  8 136 1.760000
  8 220 1.827692
  9  51 1.897802
  9 135 1.965495
  9 221 2.034799
 10  53 2.105714
