  0  25 0.020147
  0 111 0.089451
  0 197 0.158755
  1  30 0.230476
  1 117 0.300586
  1 203 0.369890
  2  34 0.440000
  2 119 0.508498
  2 204 0.576996
  3  34 0.646300
  3 120 0.715604
  3 206 0.784908
  4  36 0.854212
  4 122 0.923516
  4 209 0.993626
  5  42 1.065348
  5 128 1.134652
  5 215 1.204762
  6  45 1.274066
  6 132 1.344176
  6 217 1.412674
  7  47 1.481978
  7 133 1.551282
  7 220 1.621392
  8  49 1.689890
  8 134 1.758388
  8 219 1.826886
  9  49 1.896190
  9 136 1.966300
  9 222 2.035604
 10  53 2.105714
