  0  27 0.021758
  0 114 0.091868
  0 199 0.160366
  1  29 0.229670
  1 116 0.299780
  1 202 0.369084
  2  32 0.438388
  2 117 0.506886
  2 201 0.574579
  3  33 0.645495
  3 120 0.715604
  3 207 0.785714
  4  37 0.855018
  4 124 0.925128
  4 210 0.994432
  5  42 1.065348
  5 127 1.133846
  5 213 1.203150
  6  45 1.274066
  6 130 1.342564
  6 216 1.411868
  7  47 1.481978
  7 133 1.551282
  7 221 1.622198
  8  50 1.690696
  8 136 1.760000
  8 219 1.826886
  9  49 1.896190
  9 134 1.964689
  9 221 2.034799
 10  53 2.105714
