  0  25 0.020147
  0 111 0.089451
  0 196 0.157949
  1  29 0.229670
  1 116 0.299780
  1 203 0.369890
  2  34 0.440000
  2 119 0.508498
  2 205 0.577802
  3  34 0.646300
  3 120 0.715604
  3 206 0.784908
  4  36 0.854212
  4 121 0.922711
  4 208 0.992821
  5  41 1.064542
  5 127 1.133846
  5 214 1.203956
  6  46 1.274872
  6 132 1.344176
  6 220 1.415092
  7  48 1.482784
  7 134 1.552088
  7 220 1.621392
  8  49 1.689890
  8 134 1.758388
  8 219 1.826886
  9  48 1.895385
  9 134 1.964689
  9 221 2.034799
 10  54 2.106520
