  0   3 0.002418
  0   3 0.002418
  0   3 0.002418
  0   4 0.003223
  0   3 0.002418
  0   3 0.002418
  0   3 0.002418
  0   3 0.002418
  0   3 0.002418
  0   3 0.002418
  0   3 0.002418
  0   3 0.002418
  0   3 0.002418
  0   3 0.002418
  0   3 0.002418
  0   4 0.003223
  0   3 0.002418
  0   3 0.002418
  0   4 0.003223
  0   4 0.003223
  0   4 0.003223
  0   3 0.002418
  0   4 0.003223
  0   4 0.003223
  0   4 0.003223
  0   4 0.003223
  0   4 0.003223
  0   4 0.003223
  0   4 0.003223
  0   4 0.003223
  0   4 0.003223
  0   4 0.003223
  0   4 0.003223
  0   4 0.003223
  0   4 0.003223
  0   4 0.003223
  0   4 0.003223
  0   4 0.003223
  0   5 0.004029
  0   5 0.004029
  0   5 0.004029
  0   5 0.004029
  0   4 0.003223
  0   5 0.004029
  0   5 0.004029
  0   5 0.004029
  0   5 0.004029
  0   5 0.004029
  0   5 0.004029
  0   5 0.004029
  0   5 0.004029
  0   5 0.004029
  0   4 0.003223
  0   5 0.004029
  0   5 0.004029
  0   5 0.004029
  0   5 0.004029
  0   5 0.004029
  0   5 0.004029
  0   5 0.004029
  0   6 0.004835
  0   6 0.004835
  0   5 0.004029
  0   4 0.003223
  0   6 0.004835
  0   6 0.004835
  0   5 0.004029
  0   5 0.004029
  0   6 0.004835
  0   6 0.004835
  0   6 0.004835
  0   8 0.006447
  0   6 0.004835
  0   6 0.004835
  0   6 0.004835
  0   6 0.004835
  0   6 0.004835
  0   6 0.004835
  0   6 0.004835
  0   6 0.004835
  0   6 0.004835
  0   6 0.004835
  0   7 0.005641
  0   7 0.005641
  0   7 0.005641
  0   6 0.004835
  0   6 0.004835
  0   6 0.004835
  0   7 0.005641
  0   7 0.005641
  0   7 0.005641
  0   7 0.005641
