  0  29 0.023370
  0 142 0.114432
  1   8 0.212747
  1 131 0.311868
  2   1 0.413407
  2 124 0.512527
  2 248 0.612454
  3 116 0.712381
  3 240 0.812308
  4 108 0.912234
  4 232 1.012161
  5 100 1.112088
  5 223 1.211209
  6  94 1.313553
  6 219 1.414286
  7  90 1.516630
  7 212 1.614945
  8  80 1.714872
  8 203 1.813993
  9  71 1.913919
  9 194 2.013040
 10  64 2.114579
 10 189 2.215311
 11  59 2.316850
 11 181 2.415165
 12  48 2.514286
 12 170 2.612601
 13  38 2.712527
 13 160 2.810842
 14  30 2.912381
 14 153 3.011502
