  0  30 0.024176
  0 140 0.112821
  1   7 0.211941
  1 131 0.311868
  2   1 0.413407
  2 127 0.514945
  2 250 0.614066
  3 115 0.711575
  3 238 0.810696
  4 106 0.910623
  4 231 1.011355
  5 100 1.112088
  5 225 1.212821
  6  96 1.315165
  6 219 1.414286
  7  89 1.515824
  7 211 1.614139
  8  79 1.714066
  8 204 1.814799
  9  72 1.914725
  9 197 2.015458
 10  65 2.115385
 10 189 2.215311
 11  57 2.315238
 11 180 2.414359
 12  47 2.513480
 12 170 2.612601
 13  38 2.712527
 13 162 2.812454
 14  29 2.911575
 14 153 3.011502
