  0  29 0.023370
  0 140 0.112821
  1   6 0.211136
  1 131 0.311868
  2   3 0.415018
  2 127 0.514945
  2 249 0.613260
  3 115 0.711575
  3 238 0.810696
  4 106 0.910623
  4 231 1.011355
  5 101 1.112894
  5 225 1.212821
  6  96 1.315165
  6 219 1.414286
  7  88 1.515018
  7 210 1.613333
  8  79 1.714066
  8 204 1.814799
  9  72 1.914725
  9 197 2.015458
 10  64 2.114579
 10 188 2.214505
 11  57 2.315238
 11 180 2.414359
 12  47 2.513480
 12 171 2.613407
 13  40 2.714139
 13 162 2.812454
 14  30 2.912381
 14 153 3.011502
