  0  29 0.023370
  0 139 0.112015
  1   7 0.211941
  1 132 0.312674
  2   3 0.415018
  2 127 0.514945
  2 249 0.613260
  3 114 0.710769
  3 237 0.809890
  4 106 0.910623
  4 231 1.011355
  5 101 1.112894
  5 226 1.213626
  6  95 1.314359
  6 218 1.413480
  7  88 1.515018
  7 210 1.613333
  8  79 1.714066
  8 204 1.814799
  9  72 1.914725
  9 198 2.016264
 10  64 2.114579
 10 188 2.214505
 11  57 2.315238
 11 180 2.414359
 12  48 2.514286
 12 171 2.613407
 13  39 2.713333
 13 162 2.812454
 14  29 2.911575
 14 153 3.011502
