  0  29 0.023370
  0 141 0.113626
  1   9 0.213553
  1 133 0.313480
  2   2 0.414212
  2 125 0.513333
  2 248 0.612454
  3 114 0.710769
  3 237 0.809890
  4 107 0.911429
  4 233 1.012967
  5 102 1.113700
  5 224 1.212015
  6  94 1.313553
  6 218 1.413480
  7  88 1.515018
  7 210 1.613333
  8  80 1.714872
  8 205 1.815604
  9  73 1.915531
  9 196 2.014652
 10  64 2.114579
 10 188 2.214505
 11  56 2.314432
 11 180 2.414359
 12  48 2.514286
 12 172 2.614212
 13  38 2.712527
 13 161 2.811648
 14  29 2.911575
 14 152 3.010696
