  0  29 0.023370
  0 140 0.112821
  1   7 0.211941
  1 131 0.311868
  2   1 0.413407
  2 126 0.514139
  2 250 0.614066
  3 115 0.711575
  3 238 0.810696
  4 106 0.910623
  4 231 1.011355
  5 100 1.112088
  5 224 1.212015
  6  95 1.314359
  6 219 1.414286
  7  88 1.515018
  7 210 1.613333
  8  80 1.714872
  8 203 1.813993
  9  72 1.914725
  9 195 2.013846
 10  64 2.114579
 10 189 2.215311
 11  58 2.316044
 11 180 2.414359
 12  47 2.513480
 12 170 2.612601
 13  38 2.712527
 13 161 2.811648
 14  32 2.913993
 14 154 3.012308
