  0  29 0.023370
  0 140 0.112821
  1   7 0.211941
  1 133 0.313480
  2   3 0.415018
  2 126 0.514139
  2 248 0.612454
  3 114 0.710769
  3 237 0.809890
  4 106 0.910623
  4 232 1.012161
  5 102 1.113700
  5 225 1.212821
  6  94 1.313553
  6 218 1.413480
  7  88 1.515018
  7 210 1.613333
  8  80 1.714872
  8 204 1.814799
  9  73 1.915531
  9 196 2.014652
 10  65 2.115385
 10 188 2.214505
 11  57 2.315238
 11 180 2.414359
 12  48 2.514286
 12 172 2.614212
 13  39 2.713333
 13 161 2.811648
 14  29 2.911575
 14 152 3.010696
