  0  30 0.024176
  0 142 0.114432
  1   8 0.212747
  1 131 0.311868
  2   1 0.413407
  2 125 0.513333
  2 249 0.613260
  3 115 0.711575
  3 240 0.812308
  4 108 0.912234
  4 232 1.012161
  5 100 1.112088
  5 223 1.211209
  6  93 1.312747
  6 218 1.413480
  7  89 1.515824
  7 212 1.614945
  8  81 1.715678
  8 204 1.814799
  9  71 1.913919
  9 194 2.013040
 10  63 2.113773
 10 188 2.214505
 11  58 2.316044
 11 182 2.415971
 12  49 2.515092
 12 171 2.613407
 13  38 2.712527
 13 160 2.810842
 14  28 2.910769
 14 153 3.011502
