  0  29 0.023370
  0 140 0.112821
  1   7 0.211941
  1 132 0.312674
  2   2 0.414212
  2 126 0.514139
  2 249 0.613260
  3 115 0.711575
  3 238 0.810696
  4 106 0.910623
  4 231 1.011355
  5 100 1.112088
  5 225 1.212821
  6  96 1.315165
  6 219 1.414286
  7  88 1.515018
  7 210 1.613333
  8  79 1.714066
  8 203 1.813993
  9  72 1.914725
  9 197 2.015458
 10  67 2.116996
 10 190 2.216117
 11  58 2.316044
 11 180 2.414359
 12  48 2.514286
 12 170 2.612601
 13  37 2.711722
 13 161 2.811648
 14  31 2.913187
 14 153 3.011502
