  0  49 0.039487
  0  27 0.021758
  0  30 0.024176
  0  32 0.025788
  0  35 0.028205
  0  38 0.030623
  0  41 0.033040
  0  44 0.035458
  0  46 0.037070
  0  49 0.039487
  0  51 0.041099
  0  54 0.043516
  0  57 0.045934
  0  60 0.048352
  0  62 0.049963
  0  69 0.055604
  0  67 0.053993
  0  70 0.056410
  0  73 0.058828
  0  75 0.060440
  0  78 0.062857
  0  80 0.064469
  0  83 0.066886
  0  86 0.069304
  0  88 0.070916
  0  91 0.073333
  0  94 0.075751
  0  97 0.078168
  0  99 0.079780
  0 101 0.081392
  0 104 0.083810
