  0  54 0.043516
  0  28 0.022564
  0  31 0.024982
  0  32 0.025788
  0  36 0.029011
  0  38 0.030623
  0  41 0.033040
  0  43 0.034652
  0  45 0.036264
  0  49 0.039487
  0  51 0.041099
  0  54 0.043516
  0  57 0.045934
  0  60 0.048352
  0  62 0.049963
  0  64 0.051575
  0  67 0.053993
  0  70 0.056410
  0  72 0.058022
  0  75 0.060440
  0  78 0.062857
  0  81 0.065275
  0  83 0.066886
  0  85 0.068498
  0  89 0.071722
  0  91 0.073333
  0  93 0.074945
  0  96 0.077363
  0 101 0.081392
  0 101 0.081392
  0 104 0.083810
