  0  29 0.023370
  0  27 0.021758
  0  30 0.024176
  0  33 0.026593
  0  36 0.029011
  0  38 0.030623
  0  41 0.033040
  0  43 0.034652
  0  46 0.037070
  0  49 0.039487
  0  51 0.041099
  0  54 0.043516
  0  56 0.045128
  0  60 0.048352
  0  63 0.050769
  0  65 0.052381
  0  68 0.054799
  0  70 0.056410
  0  73 0.058828
  0  75 0.060440
  0  78 0.062857
  0  81 0.065275
  0  83 0.066886
  0  86 0.069304
  0  89 0.071722
  0  92 0.074139
  0  94 0.075751
  0  97 0.078168
  0  99 0.079780
  0 101 0.081392
  0 105 0.084615
