  0  29 0.023370
  0  28 0.022564
  0  30 0.024176
  0  33 0.026593
  0  36 0.029011
  0  39 0.031429
  0  42 0.033846
  0  44 0.035458
  0  46 0.037070
  0  49 0.039487
  0  51 0.041099
  0  54 0.043516
  0  57 0.045934
  0  59 0.047546
  0  63 0.050769
  0  65 0.052381
  0  68 0.054799
  0  70 0.056410
  0  73 0.058828
  0  75 0.060440
  0  78 0.062857
  0  81 0.065275
  0  83 0.066886
  0  86 0.069304
  0  89 0.071722
  0  91 0.073333
  0  95 0.076557
  0  97 0.078168
  0 100 0.080586
  0 102 0.082198
  0 104 0.083810
