  0  30 0.024176
  0  27 0.021758
  0  31 0.024982
  0  33 0.026593
  0  36 0.029011
  0  38 0.030623
  0  42 0.033846
  0  44 0.035458
  0  46 0.037070
  0  49 0.039487
  0  52 0.041905
  0  54 0.043516
  0  57 0.045934
  0  60 0.048352
  0  62 0.049963
  0  65 0.052381
  0  67 0.053993
  0  70 0.056410
  0  73 0.058828
  0  76 0.061245
  0  78 0.062857
  0  81 0.065275
  0  84 0.067692
  0  87 0.070110
  0  89 0.071722
  0  91 0.073333
  0  96 0.077363
  0  97 0.078168
  0  99 0.079780
  0 102 0.082198
  0 105 0.084615
