  0  29 0.023370
  0  28 0.022564
  0  31 0.024982
  0  33 0.026593
  0  37 0.029817
  0  38 0.030623
  0  41 0.033040
  0  43 0.034652
  0  46 0.037070
  0  49 0.039487
  0  52 0.041905
  0  54 0.043516
  0  57 0.045934
  0  59 0.047546
  0  62 0.049963
  0  65 0.052381
  0  67 0.053993
  0  70 0.056410
  0  73 0.058828
  0  75 0.060440
  0  78 0.062857
  0  81 0.065275
  0  84 0.067692
  0  86 0.069304
  0  88 0.070916
  0  91 0.073333
  0  94 0.075751
  0  97 0.078168
  0  99 0.079780
  0 101 0.081392
  0 105 0.084615
