  0  30 0.024176
  0  28 0.022564
  0  30 0.024176
  0  33 0.026593
  0  36 0.029011
  0  38 0.030623
  0  42 0.033846
  0  44 0.035458
  0  47 0.037875
  0  49 0.039487
  0  52 0.041905
  0  55 0.044322
  0  57 0.045934
  0  59 0.047546
  0  63 0.050769
  0  65 0.052381
  0  68 0.054799
  0  70 0.056410
  0  73 0.058828
  0  76 0.061245
  0  79 0.063663
  0  83 0.066886
  0  83 0.066886
  0  86 0.069304
  0  90 0.072527
  0  91 0.073333
  0  94 0.075751
  0  97 0.078168
  0  99 0.079780
  0 103 0.083004
  0 105 0.084615
