  0  30 0.024176
  0  28 0.022564
  0  31 0.024982
  0  33 0.026593
  0  36 0.029011
  0  38 0.030623
  0  40 0.032234
  0  43 0.034652
  0  46 0.037070
  0  49 0.039487
  0  52 0.041905
  0  54 0.043516
  0  57 0.045934
  0  59 0.047546
  0  62 0.049963
  0  65 0.052381
  0  67 0.053993
  0  70 0.056410
  0  73 0.058828
  0  75 0.060440
  0  78 0.062857
  0  81 0.065275
  0  84 0.067692
  0  86 0.069304
  0  89 0.071722
  0  92 0.074139
  0  94 0.075751
  0  96 0.077363
  0  99 0.079780
  0 102 0.082198
  0 105 0.084615
