  0  29 0.023370
  0  27 0.021758
  0  30 0.024176
  0  32 0.025788
  0  36 0.029011
  0  38 0.030623
  0  41 0.033040
  0  44 0.035458
  0  46 0.037070
  0  48 0.038681
  0  51 0.041099
  0  54 0.043516
  0  56 0.045128
  0  59 0.047546
  0  62 0.049963
  0  64 0.051575
  0  67 0.053993
  0  70 0.056410
  0  73 0.058828
  0  75 0.060440
  0  79 0.063663
  0  80 0.064469
  0  83 0.066886
  0  86 0.069304
  0  88 0.070916
  0  91 0.073333
  0  93 0.074945
  0  97 0.078168
  0 100 0.080586
  0 102 0.082198
  0 105 0.084615
