  0  20 0.016117
  0 128 0.103150
  0 235 0.189377
  1  87 0.276410
  1 196 0.364249
  2  48 0.451282
  2 155 0.537509
  3   6 0.623736
  3 114 0.710769
  3 223 0.798608
  4  77 0.887253
  4 187 0.975897
  5  38 1.062125
  5 147 1.149963
  6   0 1.237802
  6 109 1.325641
  6 216 1.411868
  7  69 1.499707
  7 179 1.588352
  8  30 1.674579
  8 138 1.761612
  8 248 1.850256
  9 101 1.938095
  9 210 2.025934
 10  61 2.112161
 10 169 2.199194
 11  20 2.285421
 11 127 2.371648
 11 234 2.457875
 12  87 2.545714
 12 195 2.632747
