  0  18 0.014505
  0 126 0.101538
  0 234 0.188571
  1  87 0.276410
  1 196 0.364249
  2  49 0.452088
  2 157 0.539121
  3   7 0.624542
  3 114 0.710769
  3 222 0.797802
  4  76 0.886447
  4 185 0.974286
  5  37 1.061319
  5 147 1.149963
  6   1 1.238608
  6 110 1.326447
  6 217 1.412674
  7  70 1.500513
  7 178 1.587546
  8  30 1.674579
  8 137 1.760806
  8 246 1.848645
  9  99 1.936484
  9 209 2.025128
 10  62 2.112967
 10 170 2.200000
 11  22 2.287033
 11 128 2.372454
 11 234 2.457875
 12  87 2.545714
 12 194 2.631941
