  0  19 0.015311
  0 125 0.100733
  0 233 0.187766
  1  86 0.275604
  1 196 0.364249
  2  50 0.452894
  2 157 0.539121
  3   7 0.624542
  3 111 0.708352
  3 223 0.798608
  4  76 0.886447
  4 185 0.974286
  5  36 1.060513
  5 145 1.148352
  6   0 1.237802
  6 110 1.326447
  6 216 1.411868
  7  71 1.501319
  7 179 1.588352
  8  32 1.676190
  8 138 1.761612
  8 246 1.848645
  9  99 1.936484
  9 208 2.024322
 10  60 2.111355
 10 168 2.198388
 11  20 2.285421
 11 128 2.372454
 11 235 2.458681
 12  89 2.547326
 12 196 2.633553
