  0  19 0.015311
  0 126 0.101538
  0 233 0.187766
  1  85 0.274799
  1 195 0.363443
  2  49 0.452088
  2 157 0.539121
  3   8 0.625348
  3 116 0.712381
  3 224 0.799414
  4  77 0.887253
  4 185 0.974286
  5  38 1.062125
  5 145 1.148352
  5 254 1.236190
  6 109 1.325641
  6 217 1.412674
  7  71 1.501319
  7 180 1.589158
  8  32 1.676190
  8 139 1.762418
  8 247 1.849451
  9  99 1.936484
  9 208 2.024322
 10  60 2.111355
 10 168 2.198388
 11  20 2.285421
 11 128 2.372454
 11 235 2.458681
 12  89 2.547326
 12 196 2.633553
