  0  20 0.016117
  0 128 0.103150
  0 235 0.189377
  1  89 0.278022
  1 197 0.365055
  2  49 0.452088
  2 156 0.538315
  3   6 0.623736
  3 114 0.710769
  3 222 0.797802
  4  76 0.886447
  4 185 0.974286
  5  38 1.062125
  5 147 1.149963
  6   0 1.237802
  6 111 1.327253
  6 217 1.412674
  7  70 1.500513
  7 178 1.587546
  8  30 1.674579
  8 137 1.760806
  8 246 1.848645
  9  99 1.936484
  9 209 2.025128
 10  62 2.112967
 10 170 2.200000
 11  21 2.286227
 11 128 2.372454
 11 234 2.457875
 12  87 2.545714
 12 194 2.631941
