  0  20 0.016117
  0 128 0.103150
  0 235 0.189377
  1  87 0.276410
  1 196 0.364249
  2  49 0.452088
  2 156 0.538315
  3   6 0.623736
  3 114 0.710769
  3 222 0.797802
  4  76 0.886447
  4 185 0.974286
  5  38 1.062125
  5 148 1.150769
  6   1 1.238608
  6 111 1.327253
  6 218 1.413480
  7  70 1.500513
  7 178 1.587546
  8  30 1.674579
  8 137 1.760806
  8 246 1.848645
  9 100 1.937289
  9 209 2.025128
 10  62 2.112967
 10 170 2.200000
 11  21 2.286227
 11 128 2.372454
 11 234 2.457875
 12  86 2.544908
 12 194 2.631941
