  0  19 0.015311
  0 125 0.100733
  0 233 0.187766
  1  87 0.276410
  1 197 0.365055
  2  50 0.452894
  2 157 0.539121
  3   8 0.625348
  3 115 0.711575
  3 223 0.798608
  4  77 0.887253
  4 185 0.974286
  5  36 1.060513
  5 146 1.149158
  6   0 1.237802
  6 111 1.327253
  6 218 1.413480
  7  71 1.501319
  7 179 1.588352
  8  31 1.675385
  8 138 1.761612
  8 246 1.848645
  9  98 1.935678
  9 208 2.024322
 10  60 2.111355
 10 168 2.198388
 11  21 2.286227
 11 128 2.372454
 11 236 2.459487
 12  88 2.546520
 12 195 2.632747
