  0  20 0.016117
  0 127 0.102344
  0 234 0.188571
  1  86 0.275604
  1 195 0.363443
  2  49 0.452088
  2 157 0.539121
  3   8 0.625348
  3 116 0.712381
  3 224 0.799414
  4  77 0.887253
  4 185 0.974286
  5  37 1.061319
  5 146 1.149158
  5 254 1.236190
  6 109 1.325641
  6 217 1.412674
  7  70 1.500513
  7 179 1.588352
  8  32 1.676190
  8 139 1.762418
  8 248 1.850256
  9  99 1.936484
  9 208 2.024322
 10  60 2.111355
 10 168 2.198388
 11  20 2.285421
 11 127 2.371648
 11 235 2.458681
 12  88 2.546520
 12 196 2.633553
