  0  87 0.070110
  0 184 0.148278
  1  49 0.245788
  1 171 0.344103
  2  39 0.444029
  2 161 0.542344
  3  28 0.641465
  3 150 0.739780
  4  17 0.838901
  4 140 0.938022
  5  12 1.041172
  5 136 1.141099
  6   1 1.238608
  6 126 1.339341
  6 247 1.436850
  7 116 1.537582
  7 238 1.635897
  8 105 1.735018
  8 230 1.835751
  9  98 1.935678
  9 222 2.035604
 10  92 2.137143
 10 217 2.237875
 11  83 2.336190
 11 204 2.433700
 12  71 2.532821
 12 193 2.631136
 13  59 2.729451
 13 181 2.827766
 14  49 2.927692
 14 174 3.028425
