  0  88 0.070916
  0 184 0.148278
  1  50 0.246593
  1 175 0.347326
  2  46 0.449670
  2 169 0.548791
  3  34 0.646300
  3 154 0.743004
  4  20 0.841319
  4 142 0.939634
  5  11 1.040366
  5 134 1.139487
  6   1 1.238608
  6 126 1.339341
  6 252 1.440879
  7 122 1.542418
  7 245 1.641538
  8 113 1.741465
  8 235 1.839780
  9 101 1.938095
  9 224 2.037216
 10  91 2.136337
 10 216 2.237070
 11  84 2.336996
 11 207 2.436117
 12  76 2.536850
 12 199 2.635971
 13  66 2.735092
 13 187 2.832601
 14  54 2.931722
 14 176 3.030037
