  0  90 0.072527
  0 185 0.149084
  1  50 0.246593
  1 172 0.344908
  2  42 0.446447
  2 165 0.545568
  3  34 0.646300
  3 156 0.744615
  4  20 0.841319
  4 145 0.942051
  5  12 1.041172
  5 136 1.141099
  6   2 1.239414
  6 126 1.339341
  6 249 1.438462
  7 119 1.540000
  7 240 1.637509
  8 111 1.739853
  8 237 1.841392
  9 104 1.940513
  9 227 2.039634
 10  93 2.137949
 10 216 2.237070
 11  85 2.337802
 11 206 2.435311
 12  72 2.533626
 12 195 2.632747
 13  62 2.731868
 13 186 2.831795
 14  56 2.933333
 14 179 3.032454
