  0  95 0.076557
  0 191 0.153919
  1  55 0.250623
  1 176 0.348132
  2  43 0.447253
  2 165 0.545568
  3  32 0.644689
  3 153 0.742198
  4  20 0.841319
  4 144 0.941245
  5  13 1.041978
  5 139 1.143516
  6   8 1.244249
  6 131 1.343370
  6 254 1.442491
  7 122 1.542418
  7 243 1.639927
  8 111 1.739853
  8 235 1.839780
  9 102 1.938901
  9 225 2.038022
 10  95 2.139560
 10 219 2.239487
 11  90 2.341832
 11 211 2.439341
 12  77 2.537656
 12 198 2.635165
 13  64 2.733480
 13 185 2.830989
 14  54 2.931722
 14 176 3.030037
