  0  88 0.070916
  0 186 0.149890
  1  51 0.247399
  1 174 0.346520
  2  42 0.446447
  2 163 0.543956
  3  30 0.643077
  3 150 0.739780
  4  17 0.838901
  4 140 0.938022
  5   9 1.038755
  5 134 1.139487
  6   3 1.240220
  6 128 1.340952
  6 252 1.440879
  7 120 1.540806
  7 240 1.637509
  8 108 1.737436
  8 231 1.836557
  9  98 1.935678
  9 221 2.034799
 10  89 2.134725
 10 214 2.235458
 11  84 2.336996
 11 208 2.436923
 12  75 2.536044
 12 196 2.633553
 13  62 2.731868
 13 183 2.829377
 14  50 2.928498
 14 174 3.028425
