  0  94 0.075751
  0 189 0.152308
  1  52 0.248205
  1 175 0.347326
  2  42 0.446447
  2 166 0.546374
  3  32 0.644689
  3 154 0.743004
  4  22 0.842930
  4 143 0.940440
  5  16 1.044396
  5 139 1.143516
  6   5 1.241832
  6 128 1.340952
  6 252 1.440879
  7 120 1.540806
  7 242 1.639121
  8 109 1.738242
  8 234 1.838974
  9 102 1.938901
  9 226 2.038828
 10  96 2.140366
 10 220 2.240293
 11  88 2.340220
 11 210 2.438535
 12  75 2.536044
 12 197 2.634359
 13  62 2.731868
 13 185 2.830989
 14  53 2.930916
 14 176 3.030037
