  0  92 0.074139
  0 187 0.150696
  1  52 0.248205
  1 175 0.347326
  2  45 0.448864
  2 169 0.548791
  3  36 0.647912
  3 157 0.745421
  4  22 0.842930
  4 144 0.941245
  5  12 1.041172
  5 135 1.140293
  6   3 1.240220
  6 126 1.339341
  6 251 1.440073
  7 122 1.542418
  7 245 1.641538
  8 115 1.743077
  8 239 1.843004
  9 105 1.941319
  9 226 2.038828
 10  93 2.137949
 10 216 2.237070
 11  86 2.338608
 11 207 2.436117
 12  74 2.535238
 12 197 2.634359
 13  65 2.734286
 13 190 2.835018
 14  57 2.934139
 14 178 3.031648
