  0  86 0.069304
  0 184 0.148278
  1  49 0.245788
  1 171 0.344103
  2  43 0.447253
  2 162 0.543150
  3  28 0.641465
  3 149 0.738974
  4  16 0.838095
  4 141 0.938828
  5   9 1.038755
  5 134 1.139487
  6   3 1.240220
  6 125 1.338535
  6 248 1.437656
  7 116 1.537582
  7 237 1.635092
  8 105 1.735018
  8 229 1.834945
  9  97 1.934872
  9 220 2.033993
 10  89 2.134725
 10 215 2.236264
 11  84 2.336996
 11 206 2.435311
 12  71 2.532821
 12 193 2.631136
 13  58 2.728645
 13 179 2.826154
 14  48 2.926886
 14 171 3.026007
