  0  92 0.074139
  0 195 0.157143
  1  57 0.252234
  1 181 0.352161
  2  52 0.454505
  2 176 0.554432
  3  41 0.651941
  3 161 0.748645
  4  28 0.847766
  4 149 0.945275
  5  17 1.045201
  5 140 1.144322
  6   7 1.243443
  6 132 1.344176
  7   2 1.445714
  7 128 1.547253
  7 251 1.646374
  8 119 1.746300
  8 241 1.844615
  9 108 1.943736
  9 230 2.042051
 10  97 2.141172
 10 221 2.241099
 11  90 2.341832
 11 212 2.440147
 12  81 2.540879
 12 204 2.640000
 13  72 2.739927
 13 194 2.838242
 14  60 2.936557
 14 182 3.034872
