  0  92 0.074139
  0 195 0.157143
  1  57 0.252234
  1 182 0.352967
  2  52 0.454505
  2 174 0.552821
  3  39 0.650330
  3 159 0.747033
  4  26 0.846154
  4 150 0.946081
  5  18 1.046007
  5 140 1.144322
  6   9 1.245055
  6 135 1.346593
  7   4 1.447326
  7 129 1.548059
  7 250 1.645568
  8 116 1.743883
  8 239 1.843004
  9 107 1.942930
  9 229 2.041245
 10  98 2.141978
 10 221 2.241099
 11  91 2.342637
 11 214 2.441758
 12  84 2.543297
 12 205 2.640806
 13  70 2.738315
 13 192 2.836630
 14  56 2.933333
 14 180 3.033260
